75 5
6 6 6 6 6
140
0 40 40 0
1 22 22 18 [[1, 0, 1, 0, 0], [0, 1, 0, 1, 0], [0, 0, 1, 0, 1]]
2 36 26 26 [[1, 0, 1, 0, 0], [0, 1, 0, 1, 0], [0, 0, 1, 0, 1]]
3 21 45 11 [[1, 0, 0, 0, 0], [0, 1, 0, 0, 0], [0, 0, 1, 0, 0], [0, 0, 0, 1, 0], [0, 0, 0, 0, 1]]
4 45 35 30 [[1, 1, 1, 1, 1]]
5 55 20 21 [[1, 0, 1, 0, 0], [0, 1, 0, 1, 0], [0, 0, 1, 0, 1]]
6 33 34 19 [[1, 0, 1, 0, 0], [0, 1, 0, 1, 0], [0, 0, 1, 0, 1]]
7 50 50 15 [[1, 0, 0, 0, 0], [0, 1, 0, 0, 0], [0, 0, 1, 0, 0], [0, 0, 0, 1, 0], [0, 0, 0, 0, 1]]
8 55 45 16 [[1, 0, 1, 0, 0], [0, 1, 0, 1, 0], [0, 0, 1, 0, 1]]
9 26 59 29 [[1, 1, 1, 1, 1]]
10 40 66 26 [[1, 0, 1, 0, 0], [0, 1, 0, 1, 0], [0, 0, 1, 0, 1]]
11 55 65 37 [[1, 1, 1, 1, 1]]
12 35 51 16 [[1, 0, 1, 0, 0], [0, 1, 0, 1, 0], [0, 0, 1, 0, 1]]
13 62 35 12 [[1, 0, 0, 0, 0], [0, 1, 0, 0, 0], [0, 0, 1, 0, 0], [0, 0, 0, 1, 0], [0, 0, 0, 0, 1]]
14 62 57 31 [[1, 1, 1, 1, 1]]
15 62 24 8 [[1, 0, 0, 0, 0], [0, 1, 0, 0, 0], [0, 0, 1, 0, 0], [0, 0, 0, 1, 0], [0, 0, 0, 0, 1]]
16 21 36 19 [[1, 0, 1, 0, 0], [0, 1, 0, 1, 0], [0, 0, 1, 0, 1]]
17 33 44 20 [[1, 0, 1, 0, 0], [0, 1, 0, 1, 0], [0, 0, 1, 0, 1]]
18 9 56 13 [[1, 0, 0, 0, 0], [0, 1, 0, 0, 0], [0, 0, 1, 0, 0], [0, 0, 0, 1, 0], [0, 0, 0, 0, 1]]
19 62 48 15 [[1, 0, 0, 0, 0], [0, 1, 0, 0, 0], [0, 0, 1, 0, 0], [0, 0, 0, 1, 0], [0, 0, 0, 0, 1]]
20 66 14 22 [[1, 0, 1, 0, 0], [0, 1, 0, 1, 0], [0, 0, 1, 0, 1]]
21 44 13 28 [[1, 1, 1, 1, 1]]
22 26 13 12 [[1, 0, 0, 0, 0], [0, 1, 0, 0, 0], [0, 0, 1, 0, 0], [0, 0, 0, 1, 0], [0, 0, 0, 0, 1]]
23 11 28 6 [[1, 0, 0, 0, 0], [0, 1, 0, 0, 0], [0, 0, 1, 0, 0], [0, 0, 0, 1, 0], [0, 0, 0, 0, 1]]
24 7 43 27 [[1, 0, 1, 0, 0], [0, 1, 0, 1, 0], [0, 0, 1, 0, 1]]
25 17 64 14 [[1, 0, 0, 0, 0], [0, 1, 0, 0, 0], [0, 0, 1, 0, 0], [0, 0, 0, 1, 0], [0, 0, 0, 0, 1]]
26 41 46 18 [[1, 0, 1, 0, 0], [0, 1, 0, 1, 0], [0, 0, 1, 0, 1]]
27 55 34 17 [[1, 0, 1, 0, 0], [0, 1, 0, 1, 0], [0, 0, 1, 0, 1]]
28 35 16 29 [[1, 1, 1, 1, 1]]
29 52 26 13 [[1, 0, 0, 0, 0], [0, 1, 0, 0, 0], [0, 0, 1, 0, 0], [0, 0, 0, 1, 0], [0, 0, 0, 0, 1]]
30 43 26 22 [[1, 0, 1, 0, 0], [0, 1, 0, 1, 0], [0, 0, 1, 0, 1]]
31 31 76 25 [[1, 0, 1, 0, 0], [0, 1, 0, 1, 0], [0, 0, 1, 0, 1]]
32 22 53 28 [[1, 1, 1, 1, 1]]
33 26 29 27 [[1, 0, 1, 0, 0], [0, 1, 0, 1, 0], [0, 0, 1, 0, 1]]
34 50 40 19 [[1, 0, 1, 0, 0], [0, 1, 0, 1, 0], [0, 0, 1, 0, 1]]
35 55 50 10 [[1, 0, 0, 0, 0], [0, 1, 0, 0, 0], [0, 0, 1, 0, 0], [0, 0, 0, 1, 0], [0, 0, 0, 0, 1]]
36 54 10 12 [[1, 0, 0, 0, 0], [0, 1, 0, 0, 0], [0, 0, 1, 0, 0], [0, 0, 0, 1, 0], [0, 0, 0, 0, 1]]
37 60 15 14 [[1, 0, 0, 0, 0], [0, 1, 0, 0, 0], [0, 0, 1, 0, 0], [0, 0, 0, 1, 0], [0, 0, 0, 0, 1]]
38 47 66 24 [[1, 0, 1, 0, 0], [0, 1, 0, 1, 0], [0, 0, 1, 0, 1]]
39 30 60 16 [[1, 0, 1, 0, 0], [0, 1, 0, 1, 0], [0, 0, 1, 0, 1]]
40 30 50 33 [[1, 1, 1, 1, 1]]
41 12 17 15 [[1, 0, 0, 0, 0], [0, 1, 0, 0, 0], [0, 0, 1, 0, 0], [0, 0, 0, 1, 0], [0, 0, 0, 0, 1]]
42 15 14 11 [[1, 0, 0, 0, 0], [0, 1, 0, 0, 0], [0, 0, 1, 0, 0], [0, 0, 0, 1, 0], [0, 0, 0, 0, 1]]
43 16 19 18 [[1, 0, 1, 0, 0], [0, 1, 0, 1, 0], [0, 0, 1, 0, 1]]
44 21 48 17 [[1, 0, 1, 0, 0], [0, 1, 0, 1, 0], [0, 0, 1, 0, 1]]
45 50 30 21 [[1, 0, 1, 0, 0], [0, 1, 0, 1, 0], [0, 0, 1, 0, 1]]
46 51 42 27 [[1, 0, 1, 0, 0], [0, 1, 0, 1, 0], [0, 0, 1, 0, 1]]
47 50 15 19 [[1, 0, 1, 0, 0], [0, 1, 0, 1, 0], [0, 0, 1, 0, 1]]
48 48 21 20 [[1, 0, 1, 0, 0], [0, 1, 0, 1, 0], [0, 0, 1, 0, 1]]
49 12 38 5 [[1, 0, 0, 0, 0], [0, 1, 0, 0, 0], [0, 0, 1, 0, 0], [0, 0, 0, 1, 0], [0, 0, 0, 0, 1]]
50 15 56 22 [[1, 0, 1, 0, 0], [0, 1, 0, 1, 0], [0, 0, 1, 0, 1]]
51 29 39 12 [[1, 0, 0, 0, 0], [0, 1, 0, 0, 0], [0, 0, 1, 0, 0], [0, 0, 0, 1, 0], [0, 0, 0, 0, 1]]
52 54 38 19 [[1, 0, 1, 0, 0], [0, 1, 0, 1, 0], [0, 0, 1, 0, 1]]
53 55 57 22 [[1, 0, 1, 0, 0], [0, 1, 0, 1, 0], [0, 0, 1, 0, 1]]
54 67 41 16 [[1, 0, 1, 0, 0], [0, 1, 0, 1, 0], [0, 0, 1, 0, 1]]
55 10 70 7 [[1, 0, 0, 0, 0], [0, 1, 0, 0, 0], [0, 0, 1, 0, 0], [0, 0, 0, 1, 0], [0, 0, 0, 0, 1]]
56 6 25 26 [[1, 0, 1, 0, 0], [0, 1, 0, 1, 0], [0, 0, 1, 0, 1]]
57 65 27 14 [[1, 0, 0, 0, 0], [0, 1, 0, 0, 0], [0, 0, 1, 0, 0], [0, 0, 0, 1, 0], [0, 0, 0, 0, 1]]
58 40 60 21 [[1, 0, 1, 0, 0], [0, 1, 0, 1, 0], [0, 0, 1, 0, 1]]
59 70 64 24 [[1, 0, 1, 0, 0], [0, 1, 0, 1, 0], [0, 0, 1, 0, 1]]
60 64 4 13 [[1, 0, 0, 0, 0], [0, 1, 0, 0, 0], [0, 0, 1, 0, 0], [0, 0, 0, 1, 0], [0, 0, 0, 0, 1]]
61 36 6 15 [[1, 0, 0, 0, 0], [0, 1, 0, 0, 0], [0, 0, 1, 0, 0], [0, 0, 0, 1, 0], [0, 0, 0, 0, 1]]
62 30 20 18 [[1, 0, 1, 0, 0], [0, 1, 0, 1, 0], [0, 0, 1, 0, 1]]
63 20 30 11 [[1, 0, 0, 0, 0], [0, 1, 0, 0, 0], [0, 0, 1, 0, 0], [0, 0, 0, 1, 0], [0, 0, 0, 0, 1]]
64 15 5 28 [[1, 1, 1, 1, 1]]
65 50 70 9 [[1, 0, 0, 0, 0], [0, 1, 0, 0, 0], [0, 0, 1, 0, 0], [0, 0, 0, 1, 0], [0, 0, 0, 0, 1]]
66 57 72 37 [[1, 1, 1, 1, 1]]
67 45 42 30 [[1, 1, 1, 1, 1]]
68 38 33 10 [[1, 0, 0, 0, 0], [0, 1, 0, 0, 0], [0, 0, 1, 0, 0], [0, 0, 0, 1, 0], [0, 0, 0, 0, 1]]
69 50 4 8 [[1, 0, 0, 0, 0], [0, 1, 0, 0, 0], [0, 0, 1, 0, 0], [0, 0, 0, 1, 0], [0, 0, 0, 0, 1]]
70 66 8 11 [[1, 0, 0, 0, 0], [0, 1, 0, 0, 0], [0, 0, 1, 0, 0], [0, 0, 0, 1, 0], [0, 0, 0, 0, 1]]
71 59 5 3 [[1, 0, 0, 0, 0], [0, 1, 0, 0, 0], [0, 0, 1, 0, 0], [0, 0, 0, 1, 0], [0, 0, 0, 0, 1]]
72 35 60 1 [[1, 0, 0, 0, 0], [0, 1, 0, 0, 0], [0, 0, 1, 0, 0], [0, 0, 0, 1, 0], [0, 0, 0, 0, 1]]
73 27 24 6 [[1, 0, 0, 0, 0], [0, 1, 0, 0, 0], [0, 0, 1, 0, 0], [0, 0, 0, 1, 0], [0, 0, 0, 0, 1]]
74 40 20 10 [[1, 0, 0, 0, 0], [0, 1, 0, 0, 0], [0, 0, 1, 0, 0], [0, 0, 0, 1, 0], [0, 0, 0, 0, 1]]
75 40 37 20 [[1, 0, 1, 0, 0], [0, 1, 0, 1, 0], [0, 0, 1, 0, 1]]
