100 5
4 4 4 4 4
200
0 35 35 0
1 41 49 10 [[1, 0, 0, 0, 0], [0, 1, 0, 0, 0], [0, 0, 1, 0, 0], [0, 0, 0, 1, 0], [0, 0, 0, 0, 1]]
2 35 17 7 [[1, 0, 0, 0, 0], [0, 1, 0, 0, 0], [0, 0, 1, 0, 0], [0, 0, 0, 1, 0], [0, 0, 0, 0, 1]]
3 55 45 13 [[1, 0, 1, 0, 0], [0, 1, 0, 1, 0], [0, 0, 1, 0, 1]]
4 55 20 19 [[1, 0, 1, 0, 0], [0, 1, 0, 1, 0], [0, 0, 1, 0, 1]]
5 15 30 26 [[1, 0, 1, 0, 1], [0, 1, 0, 1, 1], [1, 1, 0, 1, 0]]
6 25 30 3 [[1, 0, 0, 0, 0], [0, 1, 0, 0, 0], [0, 0, 1, 0, 0], [0, 0, 0, 1, 0], [0, 0, 0, 0, 1]]
7 20 50 5 [[1, 0, 0, 0, 0], [0, 1, 0, 0, 0], [0, 0, 1, 0, 0], [0, 0, 0, 1, 0], [0, 0, 0, 0, 1]]
8 10 43 9 [[1, 0, 0, 0, 0], [0, 1, 0, 0, 0], [0, 0, 1, 0, 0], [0, 0, 0, 1, 0], [0, 0, 0, 0, 1]]
9 55 60 16 [[1, 0, 1, 0, 0], [0, 1, 0, 1, 0], [0, 0, 1, 0, 1]]
10 30 60 16 [[1, 0, 1, 0, 0], [0, 1, 0, 1, 0], [0, 0, 1, 0, 1]]
11 20 65 12 [[1, 0, 1, 0, 0], [0, 1, 0, 1, 0], [0, 0, 1, 0, 1]]
12 50 35 19 [[1, 0, 1, 0, 0], [0, 1, 0, 1, 0], [0, 0, 1, 0, 1]]
13 30 25 23 [[1, 0, 1, 0, 0], [0, 1, 0, 1, 0], [0, 0, 1, 0, 1]]
14 15 10 20 [[1, 0, 1, 0, 0], [0, 1, 0, 1, 0], [0, 0, 1, 0, 1]]
15 30 5 8 [[1, 0, 0, 0, 0], [0, 1, 0, 0, 0], [0, 0, 1, 0, 0], [0, 0, 0, 1, 0], [0, 0, 0, 0, 1]]
16 10 20 19 [[1, 0, 1, 0, 0], [0, 1, 0, 1, 0], [0, 0, 1, 0, 1]]
17 5 30 2 [[1, 0, 0, 0, 0], [0, 1, 0, 0, 0], [0, 0, 1, 0, 0], [0, 0, 0, 1, 0], [0, 0, 0, 0, 1]]
18 20 40 12 [[1, 0, 1, 0, 0], [0, 1, 0, 1, 0], [0, 0, 1, 0, 1]]
19 15 60 17 [[1, 0, 1, 0, 0], [0, 1, 0, 1, 0], [0, 0, 1, 0, 1]]
20 45 65 9 [[1, 0, 0, 0, 0], [0, 1, 0, 0, 0], [0, 0, 1, 0, 0], [0, 0, 0, 1, 0], [0, 0, 0, 0, 1]]
21 45 20 11 [[1, 0, 1, 0, 0], [0, 1, 0, 1, 0], [0, 0, 1, 0, 1]]
22 45 10 18 [[1, 0, 1, 0, 0], [0, 1, 0, 1, 0], [0, 0, 1, 0, 1]]
23 55 5 29 [[1, 0, 1, 0, 1], [0, 1, 0, 1, 1], [1, 1, 0, 1, 0]]
24 65 35 3 [[1, 0, 0, 0, 0], [0, 1, 0, 0, 0], [0, 0, 1, 0, 0], [0, 0, 0, 1, 0], [0, 0, 0, 0, 1]]
25 65 20 6 [[1, 0, 0, 0, 0], [0, 1, 0, 0, 0], [0, 0, 1, 0, 0], [0, 0, 0, 1, 0], [0, 0, 0, 0, 1]]
26 45 30 17 [[1, 0, 1, 0, 0], [0, 1, 0, 1, 0], [0, 0, 1, 0, 1]]
27 35 40 16 [[1, 0, 1, 0, 0], [0, 1, 0, 1, 0], [0, 0, 1, 0, 1]]
28 41 37 16 [[1, 0, 1, 0, 0], [0, 1, 0, 1, 0], [0, 0, 1, 0, 1]]
29 64 42 9 [[1, 0, 0, 0, 0], [0, 1, 0, 0, 0], [0, 0, 1, 0, 0], [0, 0, 0, 1, 0], [0, 0, 0, 0, 1]]
30 40 60 21 [[1, 0, 1, 0, 0], [0, 1, 0, 1, 0], [0, 0, 1, 0, 1]]
31 31 52 27 [[1, 0, 1, 0, 1], [0, 1, 0, 1, 1], [1, 1, 0, 1, 0]]
32 35 69 23 [[1, 0, 1, 0, 0], [0, 1, 0, 1, 0], [0, 0, 1, 0, 1]]
33 53 52 11 [[1, 0, 1, 0, 0], [0, 1, 0, 1, 0], [0, 0, 1, 0, 1]]
34 65 55 14 [[1, 0, 1, 0, 0], [0, 1, 0, 1, 0], [0, 0, 1, 0, 1]]
35 63 65 8 [[1, 0, 0, 0, 0], [0, 1, 0, 0, 0], [0, 0, 1, 0, 0], [0, 0, 0, 1, 0], [0, 0, 0, 0, 1]]
36 2 60 5 [[1, 0, 0, 0, 0], [0, 1, 0, 0, 0], [0, 0, 1, 0, 0], [0, 0, 0, 1, 0], [0, 0, 0, 0, 1]]
37 20 20 8 [[1, 0, 0, 0, 0], [0, 1, 0, 0, 0], [0, 0, 1, 0, 0], [0, 0, 0, 1, 0], [0, 0, 0, 0, 1]]
38 5 5 16 [[1, 0, 1, 0, 0], [0, 1, 0, 1, 0], [0, 0, 1, 0, 1]]
39 60 12 31 [[1, 0, 1, 0, 1], [0, 1, 0, 1, 1], [1, 1, 0, 1, 0]]
40 40 25 9 [[1, 0, 0, 0, 0], [0, 1, 0, 0, 0], [0, 0, 1, 0, 0], [0, 0, 0, 1, 0], [0, 0, 0, 0, 1]]
41 42 7 5 [[1, 0, 0, 0, 0], [0, 1, 0, 0, 0], [0, 0, 1, 0, 0], [0, 0, 0, 1, 0], [0, 0, 0, 0, 1]]
42 24 12 5 [[1, 0, 0, 0, 0], [0, 1, 0, 0, 0], [0, 0, 1, 0, 0], [0, 0, 0, 1, 0], [0, 0, 0, 0, 1]]
43 23 3 7 [[1, 0, 0, 0, 0], [0, 1, 0, 0, 0], [0, 0, 1, 0, 0], [0, 0, 0, 1, 0], [0, 0, 0, 0, 1]]
44 11 14 18 [[1, 0, 1, 0, 0], [0, 1, 0, 1, 0], [0, 0, 1, 0, 1]]
45 6 38 16 [[1, 0, 1, 0, 0], [0, 1, 0, 1, 0], [0, 0, 1, 0, 1]]
46 2 48 1 [[1, 0, 0, 0, 0], [0, 1, 0, 0, 0], [0, 0, 1, 0, 0], [0, 0, 0, 1, 0], [0, 0, 0, 0, 1]]
47 8 56 27 [[1, 0, 1, 0, 1], [0, 1, 0, 1, 1], [1, 1, 0, 1, 0]]
48 13 52 36 [[1, 0, 1, 0, 1], [0, 1, 0, 1, 1], [1, 1, 0, 1, 0]]
49 6 68 30 [[1, 0, 1, 0, 1], [0, 1, 0, 1, 1], [1, 1, 0, 1, 0]]
50 47 47 13 [[1, 0, 1, 0, 0], [0, 1, 0, 1, 0], [0, 0, 1, 0, 1]]
51 49 58 10 [[1, 0, 0, 0, 0], [0, 1, 0, 0, 0], [0, 0, 1, 0, 0], [0, 0, 0, 1, 0], [0, 0, 0, 0, 1]]
52 27 43 9 [[1, 0, 0, 0, 0], [0, 1, 0, 0, 0], [0, 0, 1, 0, 0], [0, 0, 0, 1, 0], [0, 0, 0, 0, 1]]
53 37 31 14 [[1, 0, 1, 0, 0], [0, 1, 0, 1, 0], [0, 0, 1, 0, 1]]
54 57 29 18 [[1, 0, 1, 0, 0], [0, 1, 0, 1, 0], [0, 0, 1, 0, 1]]
55 63 23 2 [[1, 0, 0, 0, 0], [0, 1, 0, 0, 0], [0, 0, 1, 0, 0], [0, 0, 0, 1, 0], [0, 0, 0, 0, 1]]
56 53 12 6 [[1, 0, 0, 0, 0], [0, 1, 0, 0, 0], [0, 0, 1, 0, 0], [0, 0, 0, 1, 0], [0, 0, 0, 0, 1]]
57 32 12 7 [[1, 0, 0, 0, 0], [0, 1, 0, 0, 0], [0, 0, 1, 0, 0], [0, 0, 0, 1, 0], [0, 0, 0, 0, 1]]
58 36 26 18 [[1, 0, 1, 0, 0], [0, 1, 0, 1, 0], [0, 0, 1, 0, 1]]
59 21 24 28 [[1, 0, 1, 0, 1], [0, 1, 0, 1, 1], [1, 1, 0, 1, 0]]
60 17 34 3 [[1, 0, 0, 0, 0], [0, 1, 0, 0, 0], [0, 0, 1, 0, 0], [0, 0, 0, 1, 0], [0, 0, 0, 0, 1]]
61 12 24 13 [[1, 0, 1, 0, 0], [0, 1, 0, 1, 0], [0, 0, 1, 0, 1]]
62 24 58 19 [[1, 0, 1, 0, 0], [0, 1, 0, 1, 0], [0, 0, 1, 0, 1]]
63 27 69 10 [[1, 0, 0, 0, 0], [0, 1, 0, 0, 0], [0, 0, 1, 0, 0], [0, 0, 0, 1, 0], [0, 0, 0, 0, 1]]
64 15 77 9 [[1, 0, 0, 0, 0], [0, 1, 0, 0, 0], [0, 0, 1, 0, 0], [0, 0, 0, 1, 0], [0, 0, 0, 0, 1]]
65 62 77 20 [[1, 0, 1, 0, 0], [0, 1, 0, 1, 0], [0, 0, 1, 0, 1]]
66 49 73 25 [[1, 0, 1, 0, 0], [0, 1, 0, 1, 0], [0, 0, 1, 0, 1]]
67 67 5 25 [[1, 0, 1, 0, 0], [0, 1, 0, 1, 0], [0, 0, 1, 0, 1]]
68 56 39 36 [[1, 0, 1, 0, 1], [0, 1, 0, 1, 1], [1, 1, 0, 1, 0]]
69 37 47 6 [[1, 0, 0, 0, 0], [0, 1, 0, 0, 0], [0, 0, 1, 0, 0], [0, 0, 0, 1, 0], [0, 0, 0, 0, 1]]
70 37 56 5 [[1, 0, 0, 0, 0], [0, 1, 0, 0, 0], [0, 0, 1, 0, 0], [0, 0, 0, 1, 0], [0, 0, 0, 0, 1]]
71 57 68 15 [[1, 0, 1, 0, 0], [0, 1, 0, 1, 0], [0, 0, 1, 0, 1]]
72 47 16 25 [[1, 0, 1, 0, 0], [0, 1, 0, 1, 0], [0, 0, 1, 0, 1]]
73 44 17 9 [[1, 0, 0, 0, 0], [0, 1, 0, 0, 0], [0, 0, 1, 0, 0], [0, 0, 0, 1, 0], [0, 0, 0, 0, 1]]
74 46 13 8 [[1, 0, 0, 0, 0], [0, 1, 0, 0, 0], [0, 0, 1, 0, 0], [0, 0, 0, 1, 0], [0, 0, 0, 0, 1]]
75 49 11 18 [[1, 0, 1, 0, 0], [0, 1, 0, 1, 0], [0, 0, 1, 0, 1]]
76 49 42 13 [[1, 0, 1, 0, 0], [0, 1, 0, 1, 0], [0, 0, 1, 0, 1]]
77 53 43 14 [[1, 0, 1, 0, 0], [0, 1, 0, 1, 0], [0, 0, 1, 0, 1]]
78 61 52 3 [[1, 0, 0, 0, 0], [0, 1, 0, 0, 0], [0, 0, 1, 0, 0], [0, 0, 0, 1, 0], [0, 0, 0, 0, 1]]
79 57 48 23 [[1, 0, 1, 0, 0], [0, 1, 0, 1, 0], [0, 0, 1, 0, 1]]
80 56 37 6 [[1, 0, 0, 0, 0], [0, 1, 0, 0, 0], [0, 0, 1, 0, 0], [0, 0, 0, 1, 0], [0, 0, 0, 0, 1]]
81 55 54 26 [[1, 0, 1, 0, 1], [0, 1, 0, 1, 1], [1, 1, 0, 1, 0]]
82 15 47 16 [[1, 0, 1, 0, 0], [0, 1, 0, 1, 0], [0, 0, 1, 0, 1]]
83 14 37 11 [[1, 0, 1, 0, 0], [0, 1, 0, 1, 0], [0, 0, 1, 0, 1]]
84 11 31 7 [[1, 0, 0, 0, 0], [0, 1, 0, 0, 0], [0, 0, 1, 0, 0], [0, 0, 0, 1, 0], [0, 0, 0, 0, 1]]
85 16 22 41 [[1, 0, 1, 0, 1], [0, 1, 0, 1, 1], [1, 1, 0, 1, 0]]
86 4 18 35 [[1, 0, 1, 0, 1], [0, 1, 0, 1, 1], [1, 1, 0, 1, 0]]
87 28 18 26 [[1, 0, 1, 0, 1], [0, 1, 0, 1, 1], [1, 1, 0, 1, 0]]
88 26 52 9 [[1, 0, 0, 0, 0], [0, 1, 0, 0, 0], [0, 0, 1, 0, 0], [0, 0, 0, 1, 0], [0, 0, 0, 0, 1]]
89 26 35 15 [[1, 0, 1, 0, 0], [0, 1, 0, 1, 0], [0, 0, 1, 0, 1]]
90 31 67 3 [[1, 0, 0, 0, 0], [0, 1, 0, 0, 0], [0, 0, 1, 0, 0], [0, 0, 0, 1, 0], [0, 0, 0, 0, 1]]
91 15 19 1 [[1, 0, 0, 0, 0], [0, 1, 0, 0, 0], [0, 0, 1, 0, 0], [0, 0, 0, 1, 0], [0, 0, 0, 0, 1]]
92 22 22 2 [[1, 0, 0, 0, 0], [0, 1, 0, 0, 0], [0, 0, 1, 0, 0], [0, 0, 0, 1, 0], [0, 0, 0, 0, 1]]
93 18 24 22 [[1, 0, 1, 0, 0], [0, 1, 0, 1, 0], [0, 0, 1, 0, 1]]
94 26 27 27 [[1, 0, 1, 0, 1], [0, 1, 0, 1, 1], [1, 1, 0, 1, 0]]
95 25 24 20 [[1, 0, 1, 0, 0], [0, 1, 0, 1, 0], [0, 0, 1, 0, 1]]
96 22 27 11 [[1, 0, 1, 0, 0], [0, 1, 0, 1, 0], [0, 0, 1, 0, 1]]
97 25 21 12 [[1, 0, 1, 0, 0], [0, 1, 0, 1, 0], [0, 0, 1, 0, 1]]
98 19 21 10 [[1, 0, 0, 0, 0], [0, 1, 0, 0, 0], [0, 0, 1, 0, 0], [0, 0, 0, 1, 0], [0, 0, 0, 0, 1]]
99 20 26 9 [[1, 0, 0, 0, 0], [0, 1, 0, 0, 0], [0, 0, 1, 0, 0], [0, 0, 0, 1, 0], [0, 0, 0, 0, 1]]
100 18 18 17 [[1, 0, 1, 0, 0], [0, 1, 0, 1, 0], [0, 0, 1, 0, 1]]
