# MTRSP-VS train | n10_m3_a30 seed=32
# n=10 m=3 T_max=24.0

num_tasks = 10
num_tugboats = 3
num_speed_levels = 3
task_max_tugs = [2, 1, 2, 2, 2, 1, 3, 1, 3, 1]
task_min_horsepower = [3285.0, 1023.5, 2643.4, 3026.0, 3141.1, 2029.2, 4958.7, 1620.8, 5256.8, 1204.4]
task_time_window_lower = [19.834, 6.52, 17.087, 7.623, 16.365, 5.504, 9.187, 16.988, 12.021, 4.899]
task_time_window_upper = [21.93, 8.966, 20.087, 12.884, 22.026, 8.726, 14.677, 22.345, 15.911, 9.206]
task_service_distance = [3.124, 7.712, 5.074, 4.405, 3.278, 3.249, 3.423, 6.94, 6.782, 4.524]
tugboat_horsepower = [1983.8, 3281.5, 2095.3]
tugboat_fuel_capacity = [6563.7, 7738.0, 7233.3]
tugboat_alpha = [0.1621, 0.1723, 0.1723]
tugboat_beta = [0.0537, 0.0678, 0.0844]
speed_level_names = ['slow', 'medium', 'fast']
speed_values = [6.0, 10.0, 15.0]
speed_power_coefficients = [0.216, 1.0, 3.375]
depot_to_task_distance = [5.226, 18.65, 16.174, 9.302, 11.028, 8.277, 6.51, 7.537, 14.874, 14.442]
task_to_depot_distance = [7.701, 13.288, 18.677, 13.687, 12.79, 11.454, 8.751, 1.363, 8.995, 12.637]
task_to_task_distance = [[0.0, 13.807, 14.04, 16.947, 6.162, 1.606, 14.173, 10.767, 22.438, 20.289], [8.078, 0.0, 19.262, 22.481, 3.374, 5.337, 19.233, 12.726, 28.102, 22.649], [16.947, 25.624, 0.0, 25.195, 19.67, 15.691, 24.186, 24.628, 29.271, 33.098], [18.894, 31.288, 24.251, 0.0, 24.298, 21.963, 7.884, 16.896, 1.273, 14.336], [7.57, 8.268, 18.708, 22.011, 0.0, 4.767, 18.798, 12.504, 27.627, 22.455], [6.387, 11.229, 15.747, 20.751, 5.056, 0.0, 17.818, 12.937, 26.287, 22.854], [12.963, 23.236, 24.045, 5.831, 17.093, 16.054, 0.0, 8.442, 10.141, 7.076], [3.913, 17.311, 16.252, 10.583, 9.666, 7.011, 7.616, 0.0, 16.18, 14.731], [14.004, 25.839, 22.41, 2.069, 19.044, 17.138, 2.571, 11.387, 0.0, 10.479], [14.116, 18.922, 28.755, 13.869, 15.248, 16.464, 10.828, 6.383, 17.896, 0.0]]
big_M = 1000.0
planning_horizon = 24.0
penalty_weight = 100000.0
