# MTRSP-VS train | n10_m3_a30 seed=9
# n=10 m=3 T_max=24.0

num_tasks = 10
num_tugboats = 3
num_speed_levels = 3
task_max_tugs = [2, 1, 1, 1, 2, 2, 2, 1, 1, 1]
task_min_horsepower = [3561.8, 1224.1, 1242.5, 2790.6, 2520.6, 3849.4, 2712.1, 2841.9, 1796.3, 1186.8]
task_time_window_lower = [3.396, 18.749, 12.091, 2.923, 20.82, 2.185, 18.237, 12.866, 7.988, 11.394]
task_time_window_upper = [7.715, 23.185, 14.308, 7.348, 23.893, 8.177, 23.059, 15.813, 10.16, 16.091]
task_service_distance = [3.693, 7.491, 3.204, 6.625, 5.531, 4.918, 6.371, 4.334, 3.997, 4.894]
tugboat_horsepower = [4211.2, 2715.2, 1803.6]
tugboat_fuel_capacity = [6902.6, 6804.3, 7972.1]
tugboat_alpha = [0.163, 0.1407, 0.172]
tugboat_beta = [0.0631, 0.0673, 0.0585]
speed_level_names = ['slow', 'medium', 'fast']
speed_values = [6.0, 10.0, 15.0]
speed_power_coefficients = [0.216, 1.0, 3.375]
depot_to_task_distance = [3.959, 14.807, 3.86, 6.272, 14.071, 8.662, 13.492, 12.589, 11.371, 17.548]
task_to_depot_distance = [6.686, 9.062, 5.75, 10.577, 14.522, 4.204, 18.019, 8.269, 7.551, 14.623]
task_to_task_distance = [[0.0, 17.473, 10.05, 6.971, 10.548, 14.835, 13.312, 6.902, 17.704, 12.117], [10.382, 0.0, 9.891, 15.266, 15.403, 11.86, 10.65, 17.147, 5.812, 26.031], [9.517, 15.192, 0.0, 9.864, 18.798, 4.237, 16.432, 18.152, 6.875, 22.566], [13.427, 24.885, 8.147, 0.0, 23.636, 8.166, 24.047, 20.429, 17.125, 17.522], [10.58, 18.578, 18.3, 15.662, 0.0, 23.148, 12.011, 1.946, 23.781, 14.357], [8.016, 17.696, 0.983, 5.907, 18.267, 0.0, 17.411, 16.438, 10.934, 18.841], [14.704, 12.785, 21.67, 22.036, 5.137, 26.009, 0.0, 10.573, 22.752, 24.313], [4.374, 15.858, 12.025, 9.983, 7.464, 16.874, 10.852, 0.0, 18.243, 13.669], [10.748, 13.048, 6.065, 12.602, 18.841, 6.447, 15.425, 19.074, 0.0, 24.974], [12.013, 25.051, 17.299, 11.669, 14.424, 21.66, 19.67, 8.871, 25.917, 0.0]]
big_M = 1000.0
planning_horizon = 24.0
penalty_weight = 100000.0
