# MTRSP-VS train | n10_m3_a30 seed=22
# n=10 m=3 T_max=24.0

num_tasks = 10
num_tugboats = 3
num_speed_levels = 3
task_max_tugs = [2, 2, 1, 1, 1, 1, 3, 1, 1, 2]
task_min_horsepower = [3829.5, 4812.7, 2034.6, 2322.0, 1614.6, 2165.2, 5786.9, 1866.9, 2056.5, 4991.2]
task_time_window_lower = [8.884, 18.951, 9.314, 1.97, 3.157, 6.918, 7.39, 0.785, 15.805, 3.912]
task_time_window_upper = [12.307, 22.563, 15.122, 5.572, 8.739, 11.104, 10.703, 3.55, 19.947, 8.5]
task_service_distance = [1.254, 6.257, 7.797, 6.426, 6.431, 7.249, 7.806, 4.292, 7.773, 5.816]
tugboat_horsepower = [1682.3, 2937.6, 3927.8]
tugboat_fuel_capacity = [6086.4, 6240.1, 7415.3]
tugboat_alpha = [0.1454, 0.1514, 0.1674]
tugboat_beta = [0.0843, 0.069, 0.0526]
speed_level_names = ['slow', 'medium', 'fast']
speed_values = [6.0, 10.0, 15.0]
speed_power_coefficients = [0.216, 1.0, 3.375]
depot_to_task_distance = [17.475, 14.808, 14.189, 13.313, 14.916, 10.894, 15.498, 6.839, 10.138, 14.505]
task_to_depot_distance = [18.493, 14.421, 8.448, 13.283, 15.0, 17.598, 7.85, 10.327, 10.379, 17.103]
task_to_task_distance = [[0.0, 24.479, 4.318, 26.619, 9.173, 20.735, 19.125, 16.826, 28.213, 32.946], [27.144, 0.0, 24.764, 25.009, 20.6, 7.949, 29.872, 21.25, 16.41, 16.14], [11.175, 20.671, 0.0, 14.937, 12.748, 16.344, 10.353, 4.988, 16.885, 21.932], [21.387, 28.089, 18.291, 0.0, 23.682, 24.091, 4.749, 7.196, 14.45, 19.474], [14.397, 10.12, 13.617, 28.129, 0.0, 8.034, 26.689, 19.316, 24.094, 26.975], [25.802, 2.922, 24.148, 29.9, 18.224, 0.0, 32.809, 24.205, 22.257, 22.691], [17.64, 22.578, 14.287, 8.442, 18.608, 18.507, 0.0, 1.69, 12.107, 17.382], [13.511, 23.821, 10.389, 12.853, 16.225, 19.522, 6.734, 0.0, 16.897, 22.142], [27.169, 13.519, 24.097, 17.078, 22.683, 12.263, 24.085, 16.16, 0.0, 7.659], [33.874, 26.412, 30.453, 11.435, 32.001, 24.428, 22.408, 18.331, 7.06, 0.0]]
big_M = 1000.0
planning_horizon = 24.0
penalty_weight = 100000.0
