# MTRSP-VS train | n10_m3_a30 seed=43
# n=10 m=3 T_max=24.0

num_tasks = 10
num_tugboats = 3
num_speed_levels = 3
task_max_tugs = [1, 1, 1, 2, 1, 1, 2, 1, 2, 1]
task_min_horsepower = [2573.8, 1662.5, 2402.3, 4620.9, 1100.2, 1736.1, 4011.2, 2103.9, 3737.3, 2910.5]
task_time_window_lower = [0.791, 10.914, 2.755, 14.396, 17.267, 11.541, 0.768, 19.869, 2.249, 18.855]
task_time_window_upper = [5.652, 16.78, 5.089, 16.741, 19.883, 13.977, 4.54, 21.879, 8.156, 23.794]
task_service_distance = [1.446, 5.266, 4.862, 5.17, 4.879, 6.862, 4.885, 2.532, 3.515, 5.68]
tugboat_horsepower = [4663.4, 4597.6, 2681.7]
tugboat_fuel_capacity = [6518.0, 7508.5, 6912.5]
tugboat_alpha = [0.1536, 0.178, 0.1435]
tugboat_beta = [0.0513, 0.0787, 0.0839]
speed_level_names = ['slow', 'medium', 'fast']
speed_values = [6.0, 10.0, 15.0]
speed_power_coefficients = [0.216, 1.0, 3.375]
depot_to_task_distance = [15.043, 10.186, 14.567, 7.788, 14.251, 0.392, 2.264, 18.682, 11.682, 13.228]
task_to_depot_distance = [16.451, 8.846, 12.944, 12.835, 19.096, 6.633, 6.125, 21.213, 13.988, 16.926]
task_to_task_distance = [[0.0, 20.252, 8.801, 16.434, 25.685, 16.84, 15.852, 6.757, 27.349, 18.605], [14.043, 0.0, 17.972, 1.933, 10.67, 8.98, 6.599, 13.773, 14.34, 4.912], [12.035, 22.224, 0.0, 18.744, 26.958, 13.224, 14.283, 19.248, 24.092, 23.549], [18.694, 3.775, 23.112, 0.0, 7.312, 12.849, 10.629, 16.914, 14.071, 1.381], [29.123, 10.058, 32.354, 13.958, 0.0, 18.893, 17.555, 27.727, 12.051, 12.033], [13.143, 16.525, 9.399, 13.475, 20.868, 0.0, 8.337, 19.037, 17.558, 18.731], [18.823, 5.064, 20.124, 5.225, 8.164, 5.912, 0.0, 20.382, 7.465, 9.539], [9.186, 21.085, 17.038, 17.977, 26.09, 21.563, 19.837, 0.0, 30.271, 17.647], [28.802, 13.925, 28.254, 15.796, 12.164, 13.601, 14.308, 31.056, 0.0, 18.846], [23.522, 6.77, 28.032, 9.76, 6.025, 16.865, 14.86, 21.078, 14.833, 0.0]]
big_M = 1000.0
planning_horizon = 24.0
penalty_weight = 100000.0
