# MTRSP-VS train | n10_m3_a30 seed=19
# n=10 m=3 T_max=24.0

num_tasks = 10
num_tugboats = 3
num_speed_levels = 3
task_max_tugs = [1, 1, 1, 2, 1, 1, 1, 2, 2, 3]
task_min_horsepower = [1209.3, 1013.9, 1959.5, 3700.5, 1738.1, 2732.1, 1489.8, 3441.5, 4263.1, 4385.1]
task_time_window_lower = [8.417, 8.787, 14.086, 4.565, 14.477, 1.435, 13.114, 9.581, 1.779, 6.093]
task_time_window_upper = [11.552, 13.728, 17.291, 6.746, 19.227, 3.841, 17.137, 11.645, 4.878, 8.777]
task_service_distance = [5.602, 2.655, 4.637, 3.757, 4.013, 7.015, 5.084, 7.574, 4.164, 4.951]
tugboat_horsepower = [3134.6, 3671.2, 1892.8]
tugboat_fuel_capacity = [6857.7, 7892.1, 6306.4]
tugboat_alpha = [0.1751, 0.1648, 0.1516]
tugboat_beta = [0.0755, 0.0516, 0.0718]
speed_level_names = ['slow', 'medium', 'fast']
speed_values = [6.0, 10.0, 15.0]
speed_power_coefficients = [0.216, 1.0, 3.375]
depot_to_task_distance = [10.064, 15.243, 10.15, 12.882, 15.682, 7.761, 13.829, 7.674, 16.191, 11.401]
task_to_depot_distance = [8.148, 15.01, 8.11, 16.619, 18.936, 14.144, 18.577, 15.211, 13.329, 16.349]
task_to_task_distance = [[0.0, 7.365, 16.809, 17.639, 22.74, 3.274, 11.817, 15.035, 10.562, 7.271], [8.713, 0.0, 23.155, 23.142, 29.117, 8.473, 14.083, 21.684, 9.402, 9.563], [17.113, 18.052, 0.0, 4.87, 10.374, 10.523, 10.367, 12.906, 23.084, 18.685], [25.675, 25.02, 7.832, 0.0, 8.326, 18.34, 14.309, 19.781, 31.559, 27.273], [28.884, 30.403, 8.803, 8.762, 0.0, 22.984, 20.789, 19.267, 34.997, 30.308], [14.825, 7.529, 17.919, 16.013, 23.477, 0.0, 4.598, 21.81, 18.378, 16.384], [20.456, 12.448, 19.764, 16.512, 24.59, 12.309, 0.0, 26.049, 23.907, 22.025], [21.371, 29.888, 16.621, 21.611, 17.509, 22.913, 28.29, 0.0, 26.195, 21.681], [3.941, 8.326, 22.976, 24.209, 28.8, 9.764, 17.694, 18.478, 0.0, 4.043], [6.447, 13.487, 26.457, 28.392, 32.016, 14.681, 22.947, 19.612, 1.583, 0.0]]
big_M = 1000.0
planning_horizon = 24.0
penalty_weight = 100000.0
