# MTRSP-VS train | n10_m3_a30 seed=25
# n=10 m=3 T_max=24.0

num_tasks = 10
num_tugboats = 3
num_speed_levels = 3
task_max_tugs = [1, 1, 1, 2, 3, 1, 1, 1, 1, 2]
task_min_horsepower = [2119.2, 1988.3, 1965.5, 4540.8, 4143.2, 2628.9, 1914.5, 1439.3, 1700.9, 2825.3]
task_time_window_lower = [14.805, 13.955, 3.107, 6.806, 12.189, 10.558, 6.134, 9.16, 8.64, 20.295]
task_time_window_upper = [17.176, 19.484, 5.985, 12.608, 14.858, 15.033, 9.942, 13.139, 13.365, 23.715]
task_service_distance = [2.727, 3.212, 5.12, 3.773, 7.124, 3.52, 5.914, 5.304, 3.635, 7.086]
tugboat_horsepower = [2960.4, 1887.5, 4144.7]
tugboat_fuel_capacity = [7144.4, 6352.6, 7249.5]
tugboat_alpha = [0.1606, 0.1697, 0.1504]
tugboat_beta = [0.0815, 0.0525, 0.0825]
speed_level_names = ['slow', 'medium', 'fast']
speed_values = [6.0, 10.0, 15.0]
speed_power_coefficients = [0.216, 1.0, 3.375]
depot_to_task_distance = [13.325, 11.879, 9.361, 12.583, 9.597, 4.338, 12.725, 13.795, 1.945, 16.935]
task_to_depot_distance = [15.143, 14.57, 14.459, 15.826, 15.628, 1.695, 9.08, 9.106, 4.943, 12.818]
task_to_task_distance = [[0.0, 17.143, 21.476, 13.148, 15.671, 16.065, 27.745, 26.194, 15.083, 27.46], [20.347, 0.0, 23.35, 25.609, 5.422, 18.908, 18.283, 27.054, 12.626, 30.877], [22.776, 26.085, 0.0, 14.132, 23.905, 10.64, 16.149, 2.877, 16.269, 2.481], [13.714, 26.169, 13.304, 0.0, 23.869, 12.303, 25.622, 16.245, 17.507, 14.934], [15.735, 6.157, 24.984, 23.553, 0.0, 19.548, 23.576, 29.373, 13.932, 32.528], [14.609, 13.173, 7.85, 12.68, 10.95, 0.0, 11.605, 12.17, 3.305, 15.451], [21.994, 17.88, 7.094, 17.87, 16.12, 8.73, 0.0, 8.398, 9.904, 12.811], [20.723, 19.739, 3.492, 15.093, 17.726, 6.99, 9.554, 0.0, 10.531, 9.46], [17.007, 9.128, 12.363, 17.526, 7.317, 8.788, 9.94, 15.963, 0.0, 19.815], [17.976, 24.648, 5.947, 8.559, 22.33, 8.48, 18.947, 7.961, 14.762, 0.0]]
big_M = 1000.0
planning_horizon = 24.0
penalty_weight = 100000.0
