# MTRSP-VS train | n10_m3_a30 seed=34
# n=10 m=3 T_max=24.0

num_tasks = 10
num_tugboats = 3
num_speed_levels = 3
task_max_tugs = [3, 1, 1, 1, 1, 1, 2, 3, 2, 2]
task_min_horsepower = [6721.6, 1810.9, 1683.9, 1180.5, 2960.8, 1923.8, 3188.1, 4888.5, 3248.6, 3811.5]
task_time_window_lower = [4.634, 5.64, 17.781, 18.315, 17.035, 15.959, 6.627, 14.035, 7.498, 19.507]
task_time_window_upper = [8.26, 11.413, 21.907, 23.348, 21.473, 18.219, 9.972, 19.113, 10.866, 22.622]
task_service_distance = [7.217, 7.744, 5.558, 6.882, 2.933, 7.669, 4.569, 5.866, 7.076, 4.404]
tugboat_horsepower = [3363.0, 2409.8, 3651.5]
tugboat_fuel_capacity = [6539.1, 7002.9, 7945.3]
tugboat_alpha = [0.1743, 0.1619, 0.1705]
tugboat_beta = [0.0601, 0.0778, 0.0898]
speed_level_names = ['slow', 'medium', 'fast']
speed_values = [6.0, 10.0, 15.0]
speed_power_coefficients = [0.216, 1.0, 3.375]
depot_to_task_distance = [2.715, 12.163, 13.482, 7.542, 18.089, 13.586, 7.468, 3.387, 7.884, 11.961]
task_to_depot_distance = [6.888, 4.614, 8.032, 7.552, 20.887, 6.159, 5.657, 7.741, 13.875, 16.323]
task_to_task_distance = [[0.0, 5.336, 16.278, 14.356, 22.247, 11.288, 5.201, 7.474, 10.683, 11.096], [4.825, 0.0, 15.625, 11.985, 21.191, 11.032, 5.759, 5.127, 9.838, 10.263], [10.747, 14.58, 0.0, 11.63, 11.217, 20.98, 6.915, 11.419, 0.403, 19.728], [9.71, 18.13, 8.642, 0.0, 11.19, 21.005, 11.087, 10.273, 5.917, 19.133], [23.333, 28.463, 9.486, 19.656, 0.0, 34.465, 20.823, 23.938, 14.51, 32.786], [3.669, 11.924, 19.565, 10.56, 24.215, 0.0, 11.204, 3.127, 13.841, 5.811], [6.292, 6.506, 15.201, 13.175, 21.056, 11.88, 0.0, 6.636, 9.525, 11.392], [6.154, 18.555, 19.203, 4.848, 21.949, 13.835, 15.185, 0.0, 14.499, 11.239], [16.466, 21.1, 2.893, 14.413, 4.502, 27.338, 13.432, 17.107, 0.0, 25.835], [13.853, 16.379, 29.534, 19.672, 34.406, 3.337, 19.693, 13.268, 23.734, 0.0]]
big_M = 1000.0
planning_horizon = 24.0
penalty_weight = 100000.0
