# MTRSP-VS train | n10_m3_a30 seed=30
# n=10 m=3 T_max=24.0

num_tasks = 10
num_tugboats = 3
num_speed_levels = 3
task_max_tugs = [1, 1, 2, 1, 1, 2, 1, 1, 3, 1]
task_min_horsepower = [2499.8, 2047.5, 4113.5, 2725.3, 2040.0, 4843.2, 1948.5, 2865.1, 4766.8, 2350.0]
task_time_window_lower = [15.944, 8.382, 4.501, 8.86, 11.806, 7.587, 7.454, 12.111, 7.174, 14.373]
task_time_window_upper = [20.688, 12.432, 7.403, 12.339, 16.765, 11.63, 11.956, 17.3, 11.953, 18.445]
task_service_distance = [3.15, 4.986, 0.501, 3.009, 7.861, 2.29, 5.828, 3.559, 5.121, 4.573]
tugboat_horsepower = [3350.7, 4848.3, 2622.7]
tugboat_fuel_capacity = [6239.1, 6669.2, 6065.4]
tugboat_alpha = [0.1621, 0.1502, 0.1557]
tugboat_beta = [0.0815, 0.0754, 0.0515]
speed_level_names = ['slow', 'medium', 'fast']
speed_values = [6.0, 10.0, 15.0]
speed_power_coefficients = [0.216, 1.0, 3.375]
depot_to_task_distance = [6.432, 11.345, 14.71, 14.965, 12.875, 13.014, 9.427, 12.565, 11.419, 14.759]
task_to_depot_distance = [8.936, 16.267, 15.077, 16.027, 6.211, 15.149, 3.676, 11.995, 16.089, 17.161]
task_to_task_distance = [[0.0, 8.243, 17.142, 8.103, 21.74, 4.39, 17.771, 21.313, 19.475, 12.03], [13.88, 0.0, 28.328, 4.444, 27.937, 13.023, 25.528, 28.027, 21.906, 3.532], [14.636, 24.389, 0.0, 25.372, 18.485, 18.04, 13.62, 17.22, 23.656, 28.273], [11.034, 8.301, 24.581, 0.0, 28.846, 7.002, 25.312, 28.59, 24.88, 10.073], [12.639, 15.163, 17.651, 19.872, 0.0, 19.175, 6.869, 8.086, 5.743, 17.686], [8.727, 13.289, 18.685, 10.076, 27.538, 0.0, 23.092, 26.933, 26.087, 16.418], [9.134, 14.996, 12.787, 18.584, 9.821, 15.751, 0.0, 9.293, 10.89, 18.318], [18.312, 21.391, 19.239, 26.16, 2.443, 24.954, 6.12, 0.0, 6.668, 23.696], [22.441, 22.467, 26.086, 27.886, 9.147, 28.803, 13.079, 10.464, 0.0, 23.692], [14.465, 5.973, 28.903, 4.346, 28.961, 13.103, 26.47, 29.03, 23.002, 0.0]]
big_M = 1000.0
planning_horizon = 24.0
penalty_weight = 100000.0
