# MTRSP-VS train | n10_m3_a30 seed=1
# n=10 m=3 T_max=24.0

num_tasks = 10
num_tugboats = 3
num_speed_levels = 3
task_max_tugs = [1, 2, 1, 1, 1, 1, 1, 1, 2, 1]
task_min_horsepower = [2719.9, 3331.7, 2422.4, 1844.2, 2340.6, 2175.2, 2692.4, 2178.0, 3106.8, 1828.6]
task_time_window_lower = [11.694, 12.942, 8.999, 15.543, 7.832, 0.593, 15.352, 10.717, 3.479, 19.633]
task_time_window_upper = [14.386, 17.754, 12.498, 19.576, 11.916, 4.551, 17.526, 16.65, 7.054, 23.642]
task_service_distance = [4.582, 6.258, 4.073, 0.932, 7.507, 5.281, 3.145, 4.165, 4.449, 6.211]
tugboat_horsepower = [3388.7, 4196.8, 4511.0]
tugboat_fuel_capacity = [7027.5, 7904.9, 7155.6]
tugboat_alpha = [0.1584, 0.1508, 0.1619]
tugboat_beta = [0.0883, 0.0502, 0.0813]
speed_level_names = ['slow', 'medium', 'fast']
speed_values = [6.0, 10.0, 15.0]
speed_power_coefficients = [0.216, 1.0, 3.375]
depot_to_task_distance = [15.131, 1.521, 18.673, 16.883, 15.641, 14.291, 8.817, 1.868, 8.523, 10.268]
task_to_depot_distance = [18.712, 7.712, 18.724, 16.527, 14.812, 16.335, 7.982, 4.235, 4.075, 14.583]
task_to_task_distance = [[0.0, 19.871, 29.167, 35.486, 3.463, 14.092, 17.543, 17.768, 16.443, 25.126], [21.833, 0.0, 15.059, 9.809, 23.004, 17.933, 11.183, 8.134, 11.698, 12.761], [22.002, 17.743, 0.0, 23.171, 25.505, 12.472, 10.995, 17.186, 11.957, 28.245], [31.097, 15.228, 19.142, 0.0, 32.116, 26.687, 19.969, 17.284, 20.652, 16.995], [11.097, 16.32, 31.112, 30.958, 0.0, 19.105, 18.794, 14.958, 17.746, 17.038], [5.647, 16.871, 20.809, 31.323, 9.725, 0.0, 10.943, 14.698, 10.102, 25.577], [10.126, 8.133, 15.499, 22.281, 12.6, 6.31, 0.0, 6.146, 2.031, 18.097], [11.55, 5.66, 21.139, 21.076, 11.544, 13.167, 9.551, 0.0, 8.791, 11.722], [13.037, 3.994, 15.804, 18.62, 14.563, 10.376, 4.794, 2.219, 0.0, 14.342], [23.723, 15.52, 32.819, 22.833, 21.537, 27.499, 23.209, 16.274, 22.699, 0.0]]
big_M = 1000.0
planning_horizon = 24.0
penalty_weight = 100000.0
