# MTRSP-VS train | n10_m3_a30 seed=3
# n=10 m=3 T_max=24.0

num_tasks = 10
num_tugboats = 3
num_speed_levels = 3
task_max_tugs = [1, 1, 1, 1, 1, 1, 1, 1, 1, 1]
task_min_horsepower = [1872.3, 1602.1, 1771.7, 2170.1, 2808.4, 2857.9, 2982.0, 1326.2, 2929.3, 2138.2]
task_time_window_lower = [4.042, 10.71, 1.324, 18.395, 17.33, 3.069, 16.01, 0.818, 0.878, 6.33]
task_time_window_upper = [8.897, 16.036, 4.464, 23.811, 19.684, 6.711, 19.185, 6.309, 5.336, 11.204]
task_service_distance = [4.85, 2.536, 7.921, 6.195, 5.616, 6.023, 7.328, 6.571, 5.223, 3.68]
tugboat_horsepower = [3269.0, 4583.2, 4932.2]
tugboat_fuel_capacity = [6014.5, 6216.2, 7071.2]
tugboat_alpha = [0.178, 0.1789, 0.1517]
tugboat_beta = [0.0605, 0.0776, 0.0892]
speed_level_names = ['slow', 'medium', 'fast']
speed_values = [6.0, 10.0, 15.0]
speed_power_coefficients = [0.216, 1.0, 3.375]
depot_to_task_distance = [7.972, 13.569, 10.754, 10.119, 11.759, 14.054, 15.281, 13.124, 9.561, 16.584]
task_to_depot_distance = [11.825, 15.933, 16.343, 14.379, 6.595, 15.011, 18.389, 14.841, 7.163, 14.793]
task_to_task_distance = [[0.0, 19.237, 7.78, 21.826, 20.215, 20.382, 13.714, 22.42, 13.662, 25.338], [21.017, 0.0, 14.422, 15.05, 26.075, 1.935, 11.373, 26.391, 25.495, 6.668], [10.585, 19.88, 0.0, 25.751, 25.885, 21.193, 11.797, 27.995, 19.522, 26.952], [21.783, 19.999, 24.275, 0.0, 11.778, 19.394, 26.931, 10.04, 17.512, 16.561], [12.304, 18.468, 17.312, 8.84, 0.0, 18.566, 21.782, 6.57, 7.769, 19.1], [17.882, 4.763, 9.679, 17.829, 26.447, 0.0, 5.475, 27.312, 24.166, 12.285], [15.116, 16.955, 7.687, 26.239, 29.432, 18.327, 0.0, 31.223, 24.041, 24.56], [21.355, 22.935, 25.406, 9.227, 8.759, 22.502, 28.858, 0.0, 15.515, 20.339], [11.06, 20.117, 17.375, 11.414, 4.723, 20.352, 22.375, 6.592, 0.0, 21.382], [22.259, 9.515, 19.35, 8.027, 21.122, 8.363, 18.931, 20.604, 23.231, 0.0]]
big_M = 1000.0
planning_horizon = 24.0
penalty_weight = 100000.0
