# MTRSP-VS train | n10_m3_a30 seed=39
# n=10 m=3 T_max=24.0

num_tasks = 10
num_tugboats = 3
num_speed_levels = 3
task_max_tugs = [1, 3, 1, 1, 1, 2, 1, 2, 1, 2]
task_min_horsepower = [2507.1, 6075.1, 1198.3, 2466.5, 2887.8, 2584.7, 2331.4, 4014.0, 1757.1, 4545.9]
task_time_window_lower = [10.24, 11.438, 10.03, 4.264, 13.257, 1.919, 6.251, 17.137, 15.452, 10.588]
task_time_window_upper = [15.808, 14.323, 14.615, 9.475, 18.791, 4.444, 11.363, 22.736, 18.577, 13.458]
task_service_distance = [3.975, 4.273, 4.47, 3.267, 4.334, 4.287, 3.227, 6.094, 6.186, 5.158]
tugboat_horsepower = [1998.6, 2162.9, 4295.1]
tugboat_fuel_capacity = [6643.1, 6357.6, 6242.5]
tugboat_alpha = [0.1626, 0.175, 0.1419]
tugboat_beta = [0.0541, 0.0853, 0.088]
speed_level_names = ['slow', 'medium', 'fast']
speed_values = [6.0, 10.0, 15.0]
speed_power_coefficients = [0.216, 1.0, 3.375]
depot_to_task_distance = [9.359, 4.761, 13.501, 19.516, 13.368, 6.596, 16.242, 5.083, 16.108, 11.803]
task_to_depot_distance = [11.898, 7.77, 9.035, 19.422, 16.102, 5.362, 16.581, 1.052, 15.31, 6.689]
task_to_task_distance = [[0.0, 14.754, 10.684, 13.76, 22.848, 18.342, 7.925, 16.119, 25.339, 12.36], [13.707, 0.0, 9.052, 25.49, 8.955, 11.5, 14.298, 6.003, 11.281, 19.022], [10.155, 8.475, 0.0, 22.14, 14.643, 14.926, 8.646, 10.328, 16.846, 17.463], [10.901, 23.753, 22.425, 0.0, 32.478, 24.204, 18.604, 24.485, 35.166, 10.626], [23.493, 11.345, 16.472, 35.102, 0.0, 16.207, 22.595, 11.624, 3.579, 27.904], [14.684, 3.244, 15.816, 24.644, 8.84, 0.0, 19.955, 1.4, 11.529, 16.372], [13.661, 16.383, 4.112, 24.014, 21.4, 22.783, 0.0, 18.248, 23.149, 22.214], [8.596, 5.812, 13.848, 18.495, 14.413, 6.972, 16.194, 0.0, 17.154, 10.755], [21.875, 10.692, 13.88, 33.704, 6.009, 16.552, 20.052, 11.414, 0.0, 26.997], [7.266, 11.438, 17.537, 13.616, 19.87, 9.984, 18.077, 11.452, 22.609, 0.0]]
big_M = 1000.0
planning_horizon = 24.0
penalty_weight = 100000.0
