# MTRSP-VS train | n10_m3_a30 seed=28
# n=10 m=3 T_max=24.0

num_tasks = 10
num_tugboats = 3
num_speed_levels = 3
task_max_tugs = [1, 1, 1, 1, 2, 2, 1, 2, 1, 1]
task_min_horsepower = [1747.3, 1515.0, 2755.5, 1349.9, 4418.3, 4221.4, 1062.1, 4783.4, 2349.3, 1797.2]
task_time_window_lower = [17.207, 9.946, 8.885, 13.618, 18.198, 4.817, 0.274, 11.257, 16.79, 9.735]
task_time_window_upper = [21.203, 14.854, 13.063, 17.324, 21.172, 7.994, 6.129, 14.885, 20.549, 14.429]
task_service_distance = [5.986, 5.088, 3.656, 3.475, 3.647, 6.311, 3.657, 4.301, 3.619, 3.163]
tugboat_horsepower = [1512.5, 4946.3, 2779.2]
tugboat_fuel_capacity = [6439.2, 6392.9, 6205.3]
tugboat_alpha = [0.1453, 0.1669, 0.1519]
tugboat_beta = [0.0704, 0.0761, 0.0529]
speed_level_names = ['slow', 'medium', 'fast']
speed_values = [6.0, 10.0, 15.0]
speed_power_coefficients = [0.216, 1.0, 3.375]
depot_to_task_distance = [16.046, 11.078, 10.77, 16.173, 15.69, 5.72, 9.662, 9.058, 13.972, 10.73]
task_to_depot_distance = [10.644, 10.598, 13.771, 13.448, 12.859, 11.991, 7.178, 5.177, 10.355, 12.026]
task_to_task_distance = [[0.0, 5.039, 16.961, 5.585, 20.647, 14.648, 11.116, 19.674, 21.314, 1.99], [15.053, 0.0, 9.197, 12.447, 11.619, 10.224, 2.378, 17.995, 24.526, 7.834], [26.577, 17.346, 0.0, 24.732, 3.85, 8.188, 10.312, 13.889, 24.727, 19.386], [3.074, 7.066, 19.857, 0.0, 23.379, 17.628, 13.784, 22.405, 23.054, 4.243], [25.347, 16.086, 2.433, 23.475, 0.0, 7.414, 9.052, 13.727, 24.304, 18.142], [25.534, 16.689, 3.132, 23.97, 5.626, 0.0, 9.909, 11.849, 22.654, 18.473], [18.256, 9.483, 4.718, 16.667, 9.061, 4.573, 0.0, 12.625, 20.734, 11.15], [21.22, 15.562, 9.86, 21.252, 14.662, 4.32, 12.047, 0.0, 13.138, 15.694], [21.685, 20.529, 19.545, 23.511, 24.436, 13.845, 19.989, 8.885, 0.0, 19.151], [4.402, 6.175, 18.535, 4.519, 22.168, 16.199, 12.604, 21.005, 22.004, 0.0]]
big_M = 1000.0
planning_horizon = 24.0
penalty_weight = 100000.0
