# MTRSP-VS train | n10_m3_a30 seed=31
# n=10 m=3 T_max=24.0

num_tasks = 10
num_tugboats = 3
num_speed_levels = 3
task_max_tugs = [1, 1, 2, 1, 1, 1, 1, 1, 1, 1]
task_min_horsepower = [1387.6, 1438.4, 3340.0, 1792.3, 2672.3, 2952.9, 2579.7, 1352.6, 2091.6, 1187.0]
task_time_window_lower = [19.552, 13.625, 8.629, 11.921, 3.551, 16.156, 15.953, 2.332, 21.237, 4.178]
task_time_window_upper = [22.323, 18.031, 11.012, 17.562, 9.517, 19.975, 19.732, 6.578, 23.633, 6.655]
task_service_distance = [3.392, 3.379, 6.311, 5.063, 5.22, 4.824, 5.925, 4.778, 3.152, 4.092]
tugboat_horsepower = [2673.2, 4489.3, 3997.1]
tugboat_fuel_capacity = [6996.3, 7576.9, 6556.0]
tugboat_alpha = [0.1549, 0.1645, 0.1654]
tugboat_beta = [0.0515, 0.0545, 0.0555]
speed_level_names = ['slow', 'medium', 'fast']
speed_values = [6.0, 10.0, 15.0]
speed_power_coefficients = [0.216, 1.0, 3.375]
depot_to_task_distance = [18.689, 15.896, 12.807, 1.898, 18.869, 10.379, 12.15, 16.986, 17.806, 11.945]
task_to_depot_distance = [21.213, 18.391, 13.62, 6.358, 18.017, 7.8, 17.626, 21.014, 15.131, 12.247]
task_to_task_distance = [[0.0, 5.356, 22.655, 20.945, 2.859, 11.561, 9.065, 38.101, 38.857, 32.561], [5.225, 0.0, 22.22, 17.821, 1.681, 10.037, 6.794, 34.947, 36.196, 29.191], [24.999, 24.025, 0.0, 15.508, 27.004, 17.281, 20.609, 20.148, 16.759, 19.026], [23.022, 19.669, 18.933, 0.0, 22.309, 15.554, 16.31, 14.009, 16.826, 7.929], [1.689, 4.475, 17.759, 18.139, 0.0, 7.705, 6.483, 34.99, 35.174, 29.821], [11.465, 8.264, 14.981, 7.329, 11.138, 0.0, 4.748, 24.499, 25.606, 18.957], [1.425, 3.782, 17.854, 17.69, 4.681, 7.389, 0.0, 34.61, 34.894, 29.383], [39.648, 36.901, 26.639, 21.432, 39.843, 31.15, 33.164, 0.0, 4.886, 10.934], [33.662, 31.018, 20.826, 15.74, 34.0, 25.126, 27.253, 4.054, 0.0, 7.108], [29.522, 26.118, 23.746, 11.373, 28.678, 22.029, 22.819, 9.643, 14.214, 0.0]]
big_M = 1000.0
planning_horizon = 24.0
penalty_weight = 100000.0
