# MTRSP-VS train | n10_m3_a30 seed=27
# n=10 m=3 T_max=24.0

num_tasks = 10
num_tugboats = 3
num_speed_levels = 3
task_max_tugs = [1, 1, 1, 1, 1, 1, 1, 2, 1, 2]
task_min_horsepower = [1345.8, 1030.1, 1692.7, 1831.6, 1875.4, 1705.4, 2562.9, 3393.5, 2034.7, 4411.1]
task_time_window_lower = [1.833, 1.181, 2.358, 11.664, 5.769, 10.339, 17.827, 16.344, 17.696, 0.075]
task_time_window_upper = [5.789, 4.534, 5.733, 14.682, 10.527, 14.193, 22.171, 19.21, 21.914, 4.815]
task_service_distance = [7.785, 3.884, 7.548, 5.721, 6.701, 4.926, 4.689, 3.494, 7.656, 6.538]
tugboat_horsepower = [2536.6, 4290.0, 1701.2]
tugboat_fuel_capacity = [6064.2, 6845.8, 7492.0]
tugboat_alpha = [0.1695, 0.1472, 0.1784]
tugboat_beta = [0.0641, 0.0506, 0.0576]
speed_level_names = ['slow', 'medium', 'fast']
speed_values = [6.0, 10.0, 15.0]
speed_power_coefficients = [0.216, 1.0, 3.375]
depot_to_task_distance = [7.506, 16.268, 13.397, 17.958, 13.082, 20.802, 8.143, 6.17, 9.553, 9.937]
task_to_depot_distance = [15.121, 19.902, 9.28, 16.86, 6.998, 17.955, 10.169, 4.489, 4.711, 3.399]
task_to_task_distance = [[0.0, 20.398, 23.016, 19.906, 6.022, 29.079, 17.573, 12.694, 14.248, 24.073], [20.689, 0.0, 33.279, 2.209, 25.618, 40.684, 12.321, 24.474, 10.651, 27.949], [15.335, 24.026, 0.0, 26.179, 19.189, 14.02, 15.556, 10.677, 18.329, 1.285], [15.098, 7.505, 29.903, 0.0, 19.091, 37.198, 11.63, 19.871, 7.721, 26.342], [3.955, 20.764, 12.5, 21.722, 0.0, 19.171, 13.91, 1.948, 13.328, 13.717], [21.726, 33.708, 5.516, 35.703, 23.246, 0.0, 25.223, 16.166, 27.483, 10.307], [15.982, 10.554, 21.605, 13.238, 22.091, 28.706, 0.0, 16.329, 8.964, 14.571], [3.291, 17.8, 13.811, 18.897, 8.596, 20.919, 10.83, 0.0, 10.401, 13.056], [11.018, 12.863, 17.007, 15.013, 17.037, 24.331, 4.38, 10.867, 0.0, 11.317], [10.303, 18.703, 11.004, 20.653, 15.248, 18.341, 10.253, 7.135, 12.53, 0.0]]
big_M = 1000.0
planning_horizon = 24.0
penalty_weight = 100000.0
