# MTRSP-VS train | n10_m3_a30 seed=37
# n=10 m=3 T_max=24.0

num_tasks = 10
num_tugboats = 3
num_speed_levels = 3
task_max_tugs = [1, 1, 1, 1, 1, 1, 3, 2, 1, 1]
task_min_horsepower = [2456.1, 1435.9, 2399.0, 2832.4, 1565.6, 1962.5, 5853.4, 3622.7, 1005.1, 1176.4]
task_time_window_lower = [6.618, 21.868, 3.398, 4.897, 9.423, 10.706, 4.403, 8.246, 18.243, 6.092]
task_time_window_upper = [11.217, 23.985, 5.655, 8.92, 13.545, 15.012, 7.58, 13.024, 22.325, 8.126]
task_service_distance = [4.313, 6.155, 6.102, 6.681, 1.487, 4.806, 6.196, 2.27, 7.551, 4.759]
tugboat_horsepower = [4138.9, 1689.0, 3471.9]
tugboat_fuel_capacity = [6632.7, 6388.9, 7933.6]
tugboat_alpha = [0.1419, 0.1729, 0.1682]
tugboat_beta = [0.0859, 0.078, 0.0639]
speed_level_names = ['slow', 'medium', 'fast']
speed_values = [6.0, 10.0, 15.0]
speed_power_coefficients = [0.216, 1.0, 3.375]
depot_to_task_distance = [13.414, 10.047, 11.794, 7.488, 19.748, 14.236, 9.985, 14.001, 15.46, 14.496]
task_to_depot_distance = [17.383, 7.664, 15.613, 12.881, 21.213, 17.847, 4.34, 15.264, 11.105, 11.426]
task_to_task_distance = [[0.0, 15.501, 8.578, 19.076, 29.564, 23.206, 16.91, 27.709, 30.664, 6.421], [17.214, 0.0, 17.455, 15.08, 12.14, 21.755, 5.018, 20.254, 20.583, 19.559], [10.172, 21.1, 0.0, 11.57, 34.313, 12.071, 22.019, 18.511, 22.255, 6.772], [21.285, 22.918, 17.18, 0.0, 30.773, 5.007, 22.846, 2.433, 6.31, 19.986], [28.873, 15.373, 30.279, 28.489, 0.0, 35.004, 14.112, 32.27, 31.478, 31.889], [19.59, 26.685, 14.95, 10.508, 37.507, 0.0, 27.123, 11.757, 15.644, 16.824], [11.448, 5.932, 11.419, 11.146, 17.779, 17.858, 0.0, 18.307, 19.781, 13.555], [25.416, 25.149, 21.536, 10.648, 30.931, 9.442, 24.825, 0.0, 1.866, 24.413], [24.106, 19.373, 21.445, 11.549, 22.565, 14.984, 18.657, 9.308, 0.0, 24.395], [2.024, 11.874, 4.385, 13.293, 25.969, 18.15, 13.093, 21.955, 24.743, 0.0]]
big_M = 1000.0
planning_horizon = 24.0
penalty_weight = 100000.0
