# MTRSP-VS train | n10_m3_a30 seed=6
# n=10 m=3 T_max=24.0

num_tasks = 10
num_tugboats = 3
num_speed_levels = 3
task_max_tugs = [1, 1, 2, 1, 1, 1, 2, 1, 1, 2]
task_min_horsepower = [2395.8, 2952.8, 3403.4, 1608.6, 1179.4, 2050.5, 4156.9, 1392.4, 1276.2, 4663.8]
task_time_window_lower = [0.241, 0.322, 18.693, 5.975, 7.974, 21.49, 9.213, 7.563, 4.434, 16.135]
task_time_window_upper = [5.033, 5.434, 22.025, 10.456, 11.484, 23.997, 11.428, 12.549, 10.358, 22.052]
task_service_distance = [5.356, 5.351, 4.363, 5.692, 7.026, 7.221, 3.664, 6.175, 4.004, 7.548]
tugboat_horsepower = [3065.2, 4613.3, 3845.8]
tugboat_fuel_capacity = [7033.4, 6941.9, 7411.3]
tugboat_alpha = [0.1564, 0.1434, 0.1699]
tugboat_beta = [0.0606, 0.0695, 0.0814]
speed_level_names = ['slow', 'medium', 'fast']
speed_values = [6.0, 10.0, 15.0]
speed_power_coefficients = [0.216, 1.0, 3.375]
depot_to_task_distance = [13.066, 15.762, 8.953, 7.362, 9.35, 10.671, 15.17, 15.2, 13.799, 13.641]
task_to_depot_distance = [17.194, 14.667, 4.643, 8.99, 13.11, 12.953, 18.828, 14.115, 11.318, 16.97]
task_to_task_distance = [[0.0, 25.484, 14.022, 17.645, 22.127, 9.455, 21.464, 31.687, 13.369, 12.754], [25.548, 0.0, 13.824, 21.659, 5.827, 24.513, 9.778, 8.976, 28.372, 17.036], [12.568, 12.613, 0.0, 11.377, 7.202, 11.619, 11.018, 16.313, 16.002, 9.186], [17.933, 23.262, 17.925, 0.0, 16.637, 14.09, 23.697, 16.777, 13.769, 22.504], [18.725, 6.304, 6.11, 20.171, 0.0, 19.236, 2.347, 17.834, 24.178, 7.194], [4.002, 21.521, 9.911, 14.43, 17.8, 0.0, 17.824, 27.284, 12.221, 9.667], [23.862, 6.494, 11.664, 25.966, 11.357, 24.791, 0.0, 20.657, 29.844, 10.93], [25.932, 8.093, 15.004, 20.668, 6.564, 24.462, 12.225, 0.0, 27.911, 18.732], [10.617, 26.864, 17.463, 4.804, 20.634, 6.607, 25.416, 24.951, 0.0, 20.639], [20.672, 8.099, 8.939, 23.811, 10.967, 21.863, 3.318, 21.379, 27.02, 0.0]]
big_M = 1000.0
planning_horizon = 24.0
penalty_weight = 100000.0
