# MTRSP-VS train | n10_m3_a30 seed=36
# n=10 m=3 T_max=24.0

num_tasks = 10
num_tugboats = 3
num_speed_levels = 3
task_max_tugs = [1, 3, 1, 1, 3, 2, 3, 1, 1, 2]
task_min_horsepower = [2222.5, 5521.7, 1591.9, 1169.0, 4609.7, 2659.2, 5121.5, 2089.9, 1696.2, 3909.2]
task_time_window_lower = [1.624, 4.073, 6.837, 3.002, 10.174, 19.609, 5.85, 6.599, 17.742, 10.354]
task_time_window_upper = [6.536, 8.67, 11.597, 5.592, 15.343, 21.951, 8.956, 8.61, 21.981, 13.55]
task_service_distance = [7.796, 3.002, 5.162, 7.137, 7.446, 3.845, 4.623, 4.927, 5.037, 7.647]
tugboat_horsepower = [1779.9, 3904.0, 2550.1]
tugboat_fuel_capacity = [6541.6, 7636.6, 7960.7]
tugboat_alpha = [0.1455, 0.158, 0.1443]
tugboat_beta = [0.08, 0.0863, 0.055]
speed_level_names = ['slow', 'medium', 'fast']
speed_values = [6.0, 10.0, 15.0]
speed_power_coefficients = [0.216, 1.0, 3.375]
depot_to_task_distance = [15.38, 14.221, 10.252, 2.621, 10.286, 11.297, 11.296, 10.336, 15.734, 8.757]
task_to_depot_distance = [10.796, 11.244, 13.345, 8.498, 17.343, 15.041, 6.747, 5.561, 20.771, 1.125]
task_to_task_distance = [[0.0, 7.068, 9.959, 8.392, 6.46, 16.828, 11.997, 14.006, 12.516, 15.021], [12.92, 0.0, 14.34, 8.647, 11.235, 20.115, 16.334, 17.7, 17.594, 17.935], [11.927, 21.971, 0.0, 13.922, 8.789, 5.201, 3.124, 3.269, 6.573, 6.31], [18.775, 9.798, 16.85, 0.0, 15.126, 19.728, 18.448, 18.367, 21.634, 17.204], [5.332, 19.306, 7.508, 16.465, 0.0, 13.96, 7.751, 11.049, 2.485, 14.117], [18.462, 26.729, 10.936, 16.634, 14.61, 0.0, 9.141, 6.402, 13.188, 6.317], [11.393, 16.768, 4.102, 7.308, 6.196, 6.216, 0.0, 3.983, 9.595, 4.312], [12.146, 16.369, 5.217, 6.323, 6.844, 6.712, 5.842, 0.0, 10.752, 4.486], [9.243, 23.368, 10.564, 20.165, 11.34, 15.388, 10.105, 12.962, 0.0, 16.168], [15.234, 15.072, 9.606, 3.445, 10.018, 10.189, 10.502, 9.336, 15.141, 0.0]]
big_M = 1000.0
planning_horizon = 24.0
penalty_weight = 100000.0
