# MTRSP-VS train | n10_m3_a30 seed=8
# n=10 m=3 T_max=24.0

num_tasks = 10
num_tugboats = 3
num_speed_levels = 3
task_max_tugs = [1, 1, 1, 2, 2, 1, 1, 2, 1, 2]
task_min_horsepower = [2457.9, 1571.3, 2756.2, 4410.7, 4225.5, 2900.0, 2007.2, 2875.4, 2019.6, 4758.1]
task_time_window_lower = [14.005, 5.151, 7.535, 8.863, 17.097, 3.231, 3.393, 18.861, 16.244, 0.275]
task_time_window_upper = [18.035, 8.031, 9.582, 11.93, 20.605, 8.796, 6.978, 23.513, 19.051, 3.475]
task_service_distance = [3.632, 7.996, 5.266, 3.448, 5.038, 4.292, 4.551, 5.488, 3.299, 2.088]
tugboat_horsepower = [2095.5, 4175.0, 2696.4]
tugboat_fuel_capacity = [6278.1, 7128.0, 6814.3]
tugboat_alpha = [0.1432, 0.1428, 0.1687]
tugboat_beta = [0.0514, 0.0765, 0.0806]
speed_level_names = ['slow', 'medium', 'fast']
speed_values = [6.0, 10.0, 15.0]
speed_power_coefficients = [0.216, 1.0, 3.375]
depot_to_task_distance = [16.111, 14.57, 4.429, 13.549, 16.01, 12.143, 13.594, 7.512, 12.287, 13.386]
task_to_depot_distance = [13.883, 10.428, 1.462, 16.037, 14.28, 11.833, 15.01, 8.185, 15.5, 15.092]
task_to_task_distance = [[0.0, 18.247, 17.784, 0.467, 18.136, 22.67, 7.815, 6.376, 22.691, 25.012], [13.889, 0.0, 14.748, 9.828, 8.186, 13.574, 4.365, 7.89, 22.584, 23.814], [16.571, 13.164, 0.0, 13.716, 14.65, 10.849, 12.968, 7.808, 13.511, 14.407], [0.867, 21.223, 19.627, 0.0, 21.076, 25.484, 10.615, 8.616, 23.6, 26.142], [23.866, 3.175, 16.935, 19.849, 0.0, 6.868, 13.802, 16.563, 25.516, 25.527], [27.168, 13.771, 11.183, 23.875, 15.81, 0.0, 20.67, 18.396, 18.247, 17.133], [15.928, 7.492, 19.268, 11.935, 6.491, 15.859, 0.0, 11.935, 27.205, 28.382], [12.565, 9.896, 12.593, 8.688, 10.434, 13.64, 5.528, 0.0, 20.154, 21.525], [25.248, 29.75, 11.907, 24.967, 31.357, 24.23, 28.109, 19.931, 0.0, 4.544], [27.916, 28.075, 10.753, 26.856, 29.881, 21.108, 28.596, 21.181, 5.061, 0.0]]
big_M = 1000.0
planning_horizon = 24.0
penalty_weight = 100000.0
