# MTRSP-VS train | n10_m3_a30 seed=24
# n=10 m=3 T_max=24.0

num_tasks = 10
num_tugboats = 3
num_speed_levels = 3
task_max_tugs = [1, 1, 2, 2, 1, 1, 1, 1, 3, 3]
task_min_horsepower = [1532.8, 2849.3, 3736.1, 2857.8, 2340.8, 1262.7, 2994.7, 2064.2, 5892.9, 5931.8]
task_time_window_lower = [7.593, 7.595, 16.736, 3.895, 8.562, 4.606, 1.185, 6.313, 15.437, 21.615]
task_time_window_upper = [12.187, 12.774, 20.612, 6.897, 12.86, 10.103, 4.67, 10.116, 19.232, 23.765]
task_service_distance = [3.913, 3.459, 6.622, 7.173, 6.413, 3.426, 4.634, 7.468, 3.348, 7.096]
tugboat_horsepower = [4339.6, 3990.1, 3385.9]
tugboat_fuel_capacity = [7700.8, 7676.5, 6563.4]
tugboat_alpha = [0.1549, 0.1458, 0.1698]
tugboat_beta = [0.0525, 0.0731, 0.0821]
speed_level_names = ['slow', 'medium', 'fast']
speed_values = [6.0, 10.0, 15.0]
speed_power_coefficients = [0.216, 1.0, 3.375]
depot_to_task_distance = [12.021, 10.512, 12.159, 11.113, 13.754, 14.801, 14.543, 4.185, 13.064, 10.249]
task_to_depot_distance = [14.45, 9.163, 9.807, 15.571, 16.076, 11.629, 10.534, 10.829, 14.034, 14.805]
task_to_task_distance = [[0.0, 20.099, 21.118, 12.07, 10.416, 16.507, 20.421, 16.774, 15.888, 5.458], [17.583, 0.0, 4.752, 11.793, 15.372, 12.328, 22.701, 11.729, 10.755, 15.756], [19.326, 5.554, 0.0, 13.922, 17.495, 14.527, 22.392, 11.632, 12.964, 17.474], [5.283, 16.608, 17.081, 0.0, 3.879, 10.138, 26.0, 19.212, 10.193, 6.078], [13.068, 10.441, 9.969, 5.692, 0.0, 1.411, 29.951, 20.255, 3.168, 12.312], [12.005, 6.165, 6.253, 3.958, 7.105, 0.0, 25.917, 15.753, 1.675, 10.657], [16.276, 21.026, 22.682, 19.871, 21.303, 24.35, 0.0, 7.699, 22.756, 15.353], [17.657, 21.184, 22.852, 20.758, 22.399, 25.102, 3.736, 0.0, 23.46, 16.633], [9.809, 10.751, 10.786, 2.963, 3.275, 3.098, 27.35, 18.2, 0.0, 9.085], [5.886, 21.503, 22.631, 13.999, 12.623, 18.581, 18.964, 16.584, 17.85, 0.0]]
big_M = 1000.0
planning_horizon = 24.0
penalty_weight = 100000.0
