# MTRSP-VS train | n10_m3_a30 seed=29
# n=10 m=3 T_max=24.0

num_tasks = 10
num_tugboats = 3
num_speed_levels = 3
task_max_tugs = [1, 2, 2, 1, 1, 1, 1, 1, 1, 3]
task_min_horsepower = [1278.2, 3351.7, 3494.7, 2310.7, 2870.6, 1642.0, 2398.1, 2468.7, 1410.4, 6916.9]
task_time_window_lower = [20.242, 2.495, 19.598, 15.794, 14.513, 0.154, 17.193, 9.372, 3.83, 4.659]
task_time_window_upper = [22.329, 8.137, 22.202, 21.633, 19.411, 3.385, 21.705, 15.168, 5.864, 8.455]
task_service_distance = [7.224, 5.077, 4.124, 6.039, 3.852, 5.813, 5.559, 5.579, 6.226, 3.496]
tugboat_horsepower = [2174.4, 1596.9, 3249.6]
tugboat_fuel_capacity = [6225.5, 6330.9, 6067.4]
tugboat_alpha = [0.1713, 0.1746, 0.1481]
tugboat_beta = [0.0754, 0.0851, 0.0597]
speed_level_names = ['slow', 'medium', 'fast']
speed_values = [6.0, 10.0, 15.0]
speed_power_coefficients = [0.216, 1.0, 3.375]
depot_to_task_distance = [4.845, 4.696, 12.003, 15.814, 7.093, 9.205, 7.987, 8.991, 8.133, 9.039]
task_to_depot_distance = [2.406, 7.663, 14.402, 9.924, 3.389, 14.293, 6.29, 3.971, 6.918, 9.725]
task_to_task_distance = [[0.0, 7.099, 12.283, 17.002, 8.227, 6.853, 10.075, 6.639, 7.997, 7.059], [3.977, 0.0, 17.634, 9.651, 4.243, 16.421, 0.543, 16.209, 8.471, 13.947], [16.963, 15.941, 0.0, 30.046, 21.467, 13.552, 20.994, 13.519, 22.025, 19.035], [8.584, 9.691, 21.572, 0.0, 2.831, 16.59, 5.893, 16.398, 5.201, 12.177], [4.99, 5.582, 15.363, 12.644, 0.0, 10.744, 6.29, 10.535, 5.059, 8.348], [19.03, 18.988, 19.385, 25.011, 17.645, 0.0, 21.199, 5.975, 14.449, 7.387], [6.286, 7.225, 18.182, 9.81, 1.189, 13.006, 0.0, 12.808, 3.511, 9.313], [8.634, 8.222, 10.397, 19.348, 10.559, 5.778, 11.958, 0.0, 10.306, 8.115], [11.058, 11.305, 16.671, 16.776, 8.977, 5.998, 12.653, 5.846, 0.0, 2.12], [12.771, 13.336, 20.561, 14.615, 8.567, 9.696, 13.123, 9.582, 4.468, 0.0]]
big_M = 1000.0
planning_horizon = 24.0
penalty_weight = 100000.0
