# MTRSP-VS train | n10_m3_a30 seed=41
# n=10 m=3 T_max=24.0

num_tasks = 10
num_tugboats = 3
num_speed_levels = 3
task_max_tugs = [1, 2, 1, 1, 2, 1, 1, 1, 1, 2]
task_min_horsepower = [1602.8, 4169.1, 2326.7, 1789.6, 2837.4, 2456.4, 2488.9, 2760.7, 1643.7, 2664.3]
task_time_window_lower = [18.838, 13.902, 14.242, 19.106, 14.526, 8.185, 17.893, 9.2, 12.964, 9.161]
task_time_window_upper = [20.996, 19.4, 16.68, 21.616, 19.148, 12.621, 23.287, 12.167, 17.898, 12.804]
task_service_distance = [3.83, 5.765, 6.906, 3.775, 6.273, 3.165, 6.518, 3.619, 1.478, 3.91]
tugboat_horsepower = [2465.8, 4886.7, 2240.4]
tugboat_fuel_capacity = [6553.9, 7794.9, 6651.5]
tugboat_alpha = [0.177, 0.1552, 0.1754]
tugboat_beta = [0.08, 0.0793, 0.0586]
speed_level_names = ['slow', 'medium', 'fast']
speed_values = [6.0, 10.0, 15.0]
speed_power_coefficients = [0.216, 1.0, 3.375]
depot_to_task_distance = [8.832, 6.165, 7.317, 10.34, 12.013, 15.729, 13.317, 12.351, 15.475, 4.845]
task_to_depot_distance = [10.056, 9.753, 4.869, 12.462, 14.451, 12.699, 17.754, 8.769, 15.608, 6.613]
task_to_task_distance = [[0.0, 15.973, 14.309, 13.317, 6.982, 22.637, 10.629, 18.701, 25.166, 13.854], [17.709, 0.0, 11.488, 16.629, 21.359, 11.31, 21.801, 10.312, 9.027, 8.402], [8.22, 9.329, 0.0, 7.093, 7.242, 20.481, 8.512, 16.944, 18.129, 6.827], [18.487, 11.011, 5.554, 0.0, 12.577, 26.635, 9.996, 23.965, 14.789, 9.031], [8.44, 19.996, 17.266, 14.838, 0.0, 27.507, 9.934, 23.565, 28.907, 17.598], [16.122, 13.44, 18.457, 22.727, 24.03, 0.0, 25.903, 1.093, 18.667, 14.981], [14.787, 21.907, 17.48, 13.199, 5.754, 32.703, 0.0, 28.886, 29.649, 19.176], [12.195, 10.784, 15.133, 19.015, 19.867, 7.333, 21.818, 0.0, 17.776, 11.753], [24.388, 9.504, 12.977, 17.811, 25.088, 18.686, 24.256, 18.448, 0.0, 11.776], [13.423, 6.548, 1.625, 4.403, 10.687, 21.278, 9.933, 18.357, 13.719, 0.0]]
big_M = 1000.0
planning_horizon = 24.0
penalty_weight = 100000.0
