# MTRSP-VS train | n10_m3_a30 seed=33
# n=10 m=3 T_max=24.0

num_tasks = 10
num_tugboats = 3
num_speed_levels = 3
task_max_tugs = [1, 2, 2, 1, 2, 2, 2, 2, 1, 1]
task_min_horsepower = [1788.4, 2775.2, 4681.9, 2119.3, 2872.4, 3291.4, 3188.5, 2982.1, 1915.6, 1716.1]
task_time_window_lower = [15.581, 1.458, 7.612, 2.095, 0.274, 8.797, 18.435, 3.132, 12.258, 1.913]
task_time_window_upper = [19.737, 4.69, 11.537, 7.217, 5.765, 12.966, 21.696, 7.941, 16.237, 4.047]
task_service_distance = [7.085, 4.395, 5.517, 7.718, 5.481, 5.131, 4.816, 1.174, 3.616, 3.032]
tugboat_horsepower = [4053.3, 3119.4, 3606.1]
tugboat_fuel_capacity = [6521.2, 7753.0, 7923.5]
tugboat_alpha = [0.1593, 0.1408, 0.1559]
tugboat_beta = [0.0821, 0.063, 0.0542]
speed_level_names = ['slow', 'medium', 'fast']
speed_values = [6.0, 10.0, 15.0]
speed_power_coefficients = [0.216, 1.0, 3.375]
depot_to_task_distance = [4.493, 12.578, 5.75, 1.848, 8.263, 7.777, 12.947, 19.616, 14.063, 10.3]
task_to_depot_distance = [10.985, 16.764, 10.219, 8.57, 4.02, 6.786, 16.145, 19.405, 14.906, 12.958]
task_to_task_distance = [[0.0, 3.736, 8.283, 12.591, 18.027, 4.518, 15.121, 14.633, 11.528, 19.748], [12.273, 0.0, 11.855, 17.917, 24.703, 8.996, 14.366, 20.814, 8.707, 26.595], [8.0, 10.812, 0.0, 9.935, 17.837, 8.213, 2.974, 26.2, 5.503, 19.903], [13.062, 21.094, 14.05, 0.0, 2.445, 16.331, 19.356, 23.666, 21.992, 3.543], [8.421, 16.551, 9.166, 2.817, 0.0, 11.725, 14.728, 22.222, 17.075, 7.514], [4.192, 9.006, 1.729, 6.959, 14.847, 0.0, 6.792, 22.635, 7.382, 16.916], [13.045, 11.923, 10.734, 16.071, 24.003, 11.824, 0.0, 29.547, 3.454, 26.073], [18.157, 17.181, 20.403, 21.216, 21.673, 17.442, 28.465, 0.0, 25.347, 22.297], [10.654, 5.852, 9.258, 15.601, 23.165, 7.993, 9.423, 23.926, 0.0, 25.185], [17.063, 24.385, 18.701, 12.867, 5.005, 20.017, 25.2, 21.844, 27.017, 0.0]]
big_M = 1000.0
planning_horizon = 24.0
penalty_weight = 100000.0
