# MTRSP-VS train | n10_m3_a30 seed=7
# n=10 m=3 T_max=24.0

num_tasks = 10
num_tugboats = 3
num_speed_levels = 3
task_max_tugs = [1, 1, 1, 2, 1, 3, 1, 1, 1, 1]
task_min_horsepower = [2088.2, 2674.0, 2545.8, 4018.5, 1317.4, 5646.4, 2876.1, 2169.8, 1946.9, 1015.9]
task_time_window_lower = [7.942, 15.634, 1.713, 16.688, 0.63, 15.471, 14.457, 4.87, 1.58, 4.2]
task_time_window_upper = [13.186, 19.342, 6.165, 21.984, 3.001, 18.952, 19.429, 9.607, 6.874, 9.058]
task_service_distance = [5.66, 5.275, 4.152, 4.599, 4.808, 4.142, 4.477, 4.561, 3.679, 5.018]
tugboat_horsepower = [1674.0, 4575.8, 4073.7]
tugboat_fuel_capacity = [6755.2, 6813.8, 7471.6]
tugboat_alpha = [0.143, 0.1427, 0.1653]
tugboat_beta = [0.0834, 0.0825, 0.0723]
speed_level_names = ['slow', 'medium', 'fast']
speed_values = [6.0, 10.0, 15.0]
speed_power_coefficients = [0.216, 1.0, 3.375]
depot_to_task_distance = [0.685, 11.531, 13.82, 17.877, 16.177, 0.676, 9.318, 4.817, 17.182, 12.88]
task_to_depot_distance = [5.287, 8.291, 9.744, 13.28, 19.301, 4.814, 10.916, 2.525, 13.788, 9.902]
task_to_task_distance = [[0.0, 14.611, 19.019, 21.438, 15.158, 4.918, 14.467, 5.951, 13.491, 18.145], [7.651, 0.0, 7.525, 20.164, 15.536, 8.948, 3.726, 7.884, 25.472, 9.305], [9.262, 8.85, 0.0, 17.161, 19.5, 10.288, 0.427, 11.004, 26.435, 5.369], [13.563, 21.239, 14.651, 0.0, 29.159, 13.099, 13.283, 17.905, 21.321, 10.413], [18.993, 16.401, 27.324, 37.155, 0.0, 19.559, 23.632, 14.684, 27.287, 29.131], [5.498, 16.333, 17.441, 16.567, 19.58, 0.0, 13.237, 8.789, 12.793, 15.478], [10.673, 13.207, 5.136, 12.963, 23.387, 11.255, 0.0, 13.701, 25.927, 1.983], [1.901, 9.312, 11.624, 18.175, 15.555, 3.183, 7.058, 0.0, 19.707, 11.251], [14.405, 24.421, 27.126, 23.07, 23.536, 13.155, 22.85, 15.79, 0.0, 25.064], [9.887, 15.368, 8.76, 10.083, 24.398, 10.033, 7.096, 13.729, 23.075, 0.0]]
big_M = 1000.0
planning_horizon = 24.0
penalty_weight = 100000.0
