# MTRSP-VS train | n10_m3_a30 seed=18
# n=10 m=3 T_max=24.0

num_tasks = 10
num_tugboats = 3
num_speed_levels = 3
task_max_tugs = [1, 2, 1, 1, 2, 1, 1, 1, 2, 2]
task_min_horsepower = [2262.2, 3017.1, 1874.0, 1960.7, 4261.5, 2068.4, 2623.2, 2089.7, 2869.8, 2697.1]
task_time_window_lower = [10.547, 19.285, 15.432, 12.764, 19.589, 14.798, 8.833, 3.397, 5.508, 14.327]
task_time_window_upper = [15.14, 22.101, 19.951, 18.036, 23.696, 17.329, 14.369, 8.666, 9.173, 17.915]
task_service_distance = [4.673, 5.399, 6.459, 7.33, 6.674, 7.366, 3.033, 5.689, 5.592, 7.615]
tugboat_horsepower = [2002.4, 4461.2, 2684.6]
tugboat_fuel_capacity = [6867.8, 7397.5, 7727.1]
tugboat_alpha = [0.1759, 0.1569, 0.1707]
tugboat_beta = [0.0746, 0.0823, 0.0856]
speed_level_names = ['slow', 'medium', 'fast']
speed_values = [6.0, 10.0, 15.0]
speed_power_coefficients = [0.216, 1.0, 3.375]
depot_to_task_distance = [10.719, 0.362, 10.22, 10.086, 11.202, 10.411, 10.436, 10.805, 9.799, 11.575]
task_to_depot_distance = [12.283, 5.662, 10.107, 13.569, 17.681, 5.258, 8.522, 13.624, 15.045, 8.725]
task_to_task_distance = [[0.0, 12.217, 16.684, 13.321, 17.146, 4.038, 15.306, 2.476, 8.877, 10.542], [5.422, 0.0, 8.74, 13.069, 9.417, 5.343, 7.841, 6.282, 10.637, 6.317], [6.476, 9.769, 0.0, 18.342, 6.574, 7.025, 4.646, 8.582, 15.679, 1.839], [21.724, 13.931, 23.449, 0.0, 24.468, 21.083, 23.939, 20.525, 11.905, 24.629], [16.357, 17.323, 7.699, 27.358, 0.0, 16.995, 7.277, 18.578, 25.385, 10.515], [7.309, 4.916, 6.669, 14.165, 7.432, 0.0, 6.052, 8.446, 12.302, 6.4], [12.036, 8.183, 1.784, 18.551, 2.809, 12.307, 0.0, 13.612, 17.445, 8.382], [3.752, 13.372, 12.599, 19.024, 12.64, 4.5, 10.731, 0.0, 15.205, 4.613], [13.178, 15.203, 23.15, 9.048, 23.867, 12.411, 22.279, 10.916, 0.0, 18.808], [2.713, 8.592, 12.732, 12.573, 13.266, 2.048, 11.491, 2.093, 8.877, 0.0]]
big_M = 1000.0
planning_horizon = 24.0
penalty_weight = 100000.0
