# MTRSP-VS train | n10_m3_a30 seed=23
# n=10 m=3 T_max=24.0

num_tasks = 10
num_tugboats = 3
num_speed_levels = 3
task_max_tugs = [1, 2, 2, 1, 1, 3, 1, 3, 1, 1]
task_min_horsepower = [1391.2, 2746.5, 3188.9, 2641.3, 1739.3, 4914.4, 2098.0, 4321.4, 2414.3, 1476.1]
task_time_window_lower = [18.208, 18.559, 20.798, 9.064, 17.735, 18.746, 17.819, 19.612, 6.578, 6.825]
task_time_window_upper = [22.39, 22.93, 23.467, 11.287, 19.828, 23.494, 23.039, 23.766, 11.574, 12.722]
task_service_distance = [2.731, 5.65, 4.105, 3.198, 4.795, 6.29, 6.799, 4.572, 5.953, 3.893]
tugboat_horsepower = [1765.6, 2176.6, 3130.9]
tugboat_fuel_capacity = [7900.9, 6431.9, 6207.0]
tugboat_alpha = [0.1612, 0.1468, 0.1617]
tugboat_beta = [0.0825, 0.0601, 0.0669]
speed_level_names = ['slow', 'medium', 'fast']
speed_values = [6.0, 10.0, 15.0]
speed_power_coefficients = [0.216, 1.0, 3.375]
depot_to_task_distance = [18.536, 3.585, 9.389, 18.913, 7.036, 8.904, 14.71, 5.279, 6.584, 10.452]
task_to_depot_distance = [21.213, 6.872, 13.193, 17.658, 9.987, 4.271, 9.549, 9.398, 10.62, 6.564]
task_to_task_distance = [[0.0, 21.182, 29.415, 40.102, 16.654, 13.938, 19.136, 16.387, 17.904, 26.782], [13.135, 0.0, 16.243, 25.286, 8.116, 2.05, 9.577, 5.362, 8.765, 11.618], [29.456, 16.041, 0.0, 11.957, 15.519, 21.909, 27.541, 16.245, 14.271, 19.647], [35.896, 19.101, 9.579, 0.0, 22.441, 26.376, 29.583, 22.231, 21.298, 19.273], [9.195, 11.209, 17.515, 28.512, 0.0, 7.054, 15.829, 4.75, 6.05, 18.271], [17.499, 1.331, 13.175, 21.139, 9.386, 0.0, 10.479, 6.715, 9.456, 7.886], [12.99, 7.454, 18.921, 27.237, 11.007, 2.063, 0.0, 8.336, 11.741, 11.66], [9.165, 10.017, 17.685, 28.241, 5.708, 5.093, 13.848, 0.0, 6.892, 16.799], [19.795, 14.134, 10.518, 22.319, 6.94, 15.989, 24.081, 9.316, 0.0, 20.936], [22.02, 3.772, 12.571, 17.964, 13.257, 10.565, 11.744, 10.876, 13.02, 0.0]]
big_M = 1000.0
planning_horizon = 24.0
penalty_weight = 100000.0
