# MTRSP-VS train | n10_m3_a30 seed=26
# n=10 m=3 T_max=24.0

num_tasks = 10
num_tugboats = 3
num_speed_levels = 3
task_max_tugs = [1, 1, 1, 2, 1, 2, 1, 1, 1, 1]
task_min_horsepower = [1501.1, 1768.6, 2036.6, 2687.2, 2428.2, 3516.9, 2562.3, 1181.2, 1208.4, 2884.4]
task_time_window_lower = [11.151, 2.102, 1.72, 20.592, 18.689, 14.699, 12.806, 9.68, 0.66, 12.387]
task_time_window_upper = [15.976, 4.264, 4.679, 23.127, 22.081, 19.742, 18.457, 13.07, 4.22, 14.563]
task_service_distance = [4.026, 6.822, 6.177, 7.045, 7.62, 7.194, 3.154, 3.622, 5.806, 7.237]
tugboat_horsepower = [4903.5, 3672.1, 3329.6]
tugboat_fuel_capacity = [6066.5, 6366.1, 7221.9]
tugboat_alpha = [0.1678, 0.1723, 0.1419]
tugboat_beta = [0.0889, 0.0566, 0.0617]
speed_level_names = ['slow', 'medium', 'fast']
speed_values = [6.0, 10.0, 15.0]
speed_power_coefficients = [0.216, 1.0, 3.375]
depot_to_task_distance = [11.6, 15.67, 5.502, 14.855, 20.003, 11.496, 10.641, 6.332, 15.072, 10.782]
task_to_depot_distance = [12.045, 12.09, 11.544, 17.895, 16.373, 4.304, 9.263, 3.549, 12.645, 13.543]
task_to_task_distance = [[0.0, 26.248, 11.459, 13.501, 10.375, 20.883, 22.681, 16.322, 23.736, 11.023], [23.657, 0.0, 15.768, 24.852, 31.946, 8.387, 2.647, 8.768, 10.711, 21.212], [8.262, 26.655, 0.0, 3.348, 12.744, 23.005, 19.305, 17.869, 26.606, 1.074], [7.628, 33.564, 13.677, 0.0, 4.458, 29.034, 27.34, 23.91, 32.39, 8.697], [7.938, 31.959, 11.592, 3.858, 0.0, 27.787, 25.149, 22.61, 31.269, 6.176], [15.26, 11.674, 9.733, 19.155, 23.773, 0.0, 8.842, 2.033, 10.771, 15.085], [19.979, 12.352, 11.195, 19.628, 27.822, 11.929, 0.0, 9.472, 15.122, 16.278], [15.107, 12.168, 8.504, 18.026, 23.542, 8.431, 7.662, 0.0, 12.079, 14.017], [20.922, 10.635, 18.093, 27.038, 29.097, 5.396, 14.741, 7.208, 0.0, 22.966], [14.523, 26.297, 8.529, 7.556, 18.786, 23.915, 17.607, 19.219, 27.554, 0.0]]
big_M = 1000.0
planning_horizon = 24.0
penalty_weight = 100000.0
