# MTRSP-VS train | n10_m3_a30 seed=21
# n=10 m=3 T_max=24.0

num_tasks = 10
num_tugboats = 3
num_speed_levels = 3
task_max_tugs = [1, 1, 1, 1, 2, 1, 1, 1, 1, 1]
task_min_horsepower = [1417.1, 2787.9, 2525.6, 2459.5, 3690.8, 1402.2, 2775.1, 1730.4, 1771.6, 1773.2]
task_time_window_lower = [2.042, 18.99, 9.839, 14.813, 12.855, 12.312, 3.619, 19.104, 12.311, 2.145]
task_time_window_upper = [4.149, 23.863, 13.823, 19.014, 15.743, 16.538, 6.342, 22.497, 15.698, 5.372]
task_service_distance = [5.014, 6.504, 3.016, 6.969, 1.391, 3.17, 7.76, 3.624, 4.715, 7.329]
tugboat_horsepower = [1729.8, 4347.9, 4219.6]
tugboat_fuel_capacity = [7366.7, 7351.8, 7797.4]
tugboat_alpha = [0.1783, 0.1563, 0.1796]
tugboat_beta = [0.0885, 0.0736, 0.0853]
speed_level_names = ['slow', 'medium', 'fast']
speed_values = [6.0, 10.0, 15.0]
speed_power_coefficients = [0.216, 1.0, 3.375]
depot_to_task_distance = [11.552, 12.233, 7.92, 13.173, 15.9, 11.776, 11.526, 14.07, 2.1, 16.764]
task_to_depot_distance = [16.348, 17.109, 6.048, 6.862, 17.284, 11.583, 7.89, 10.649, 6.422, 10.911]
task_to_task_distance = [[0.0, 6.869, 20.917, 26.185, 21.402, 26.425, 23.405, 5.542, 14.464, 21.144], [5.56, 0.0, 22.143, 27.491, 23.042, 26.678, 24.76, 4.822, 15.141, 22.814], [14.021, 15.94, 0.0, 8.474, 10.053, 16.077, 6.081, 17.432, 7.312, 11.055], [17.773, 18.944, 3.719, 0.0, 13.739, 12.345, 6.496, 20.698, 8.922, 14.976], [20.745, 23.779, 11.248, 11.339, 0.0, 27.109, 9.195, 24.589, 18.05, 1.375], [19.802, 18.434, 17.121, 20.487, 26.745, 0.0, 20.319, 20.361, 12.101, 27.789], [12.441, 14.941, 5.871, 10.618, 8.357, 19.008, 0.0, 16.145, 8.356, 9.034], [3.712, 1.652, 17.436, 22.989, 21.689, 18.883, 20.694, 0.0, 8.549, 21.946], [5.401, 7.186, 11.735, 17.264, 15.859, 17.412, 14.819, 8.635, 0.0, 16.236], [12.357, 15.37, 8.949, 12.917, 7.173, 22.344, 9.936, 16.2, 10.935, 0.0]]
big_M = 1000.0
planning_horizon = 24.0
penalty_weight = 100000.0
