# MTRSP-VS train | n10_m3_a30 seed=14
# n=10 m=3 T_max=24.0

num_tasks = 10
num_tugboats = 3
num_speed_levels = 3
task_max_tugs = [1, 2, 3, 1, 1, 3, 1, 1, 1, 1]
task_min_horsepower = [2027.6, 3631.5, 6394.7, 1204.9, 1179.1, 4084.0, 1227.7, 1186.0, 2370.7, 1910.3]
task_time_window_lower = [8.767, 1.861, 4.749, 17.408, 3.114, 10.964, 15.454, 7.711, 11.735, 4.808]
task_time_window_upper = [12.707, 6.243, 8.647, 22.87, 5.38, 15.778, 17.53, 13.487, 15.125, 10.564]
task_service_distance = [6.26, 6.67, 4.983, 6.838, 6.158, 3.825, 3.416, 7.952, 6.229, 3.906]
tugboat_horsepower = [3699.5, 2160.5, 2558.0]
tugboat_fuel_capacity = [6190.7, 6195.7, 6384.8]
tugboat_alpha = [0.141, 0.14, 0.1603]
tugboat_beta = [0.0709, 0.0822, 0.0896]
speed_level_names = ['slow', 'medium', 'fast']
speed_values = [6.0, 10.0, 15.0]
speed_power_coefficients = [0.216, 1.0, 3.375]
depot_to_task_distance = [13.269, 10.041, 8.092, 14.141, 11.619, 5.155, 12.32, 14.628, 11.634, 4.821]
task_to_depot_distance = [7.069, 16.648, 5.091, 15.2, 14.546, 1.924, 10.469, 6.972, 17.068, 8.564]
task_to_task_distance = [[0.0, 11.149, 1.742, 13.272, 5.48, 7.595, 10.186, 21.378, 11.798, 8.645], [19.046, 0.0, 19.012, 4.719, 22.299, 21.523, 8.077, 26.786, 27.734, 21.452], [8.675, 8.149, 0.0, 10.975, 8.774, 7.872, 8.334, 19.708, 13.418, 8.438], [9.118, 9.479, 12.099, 0.0, 13.975, 18.111, 4.418, 29.343, 22.763, 18.82], [11.5, 21.684, 8.893, 23.754, 0.0, 10.504, 20.512, 24.681, 7.389, 11.861], [11.914, 11.03, 6.425, 14.77, 9.803, 0.0, 12.563, 15.731, 10.155, 4.011], [7.824, 6.691, 8.403, 6.781, 11.194, 13.561, 0.0, 24.717, 18.647, 14.179], [19.695, 15.705, 13.978, 20.245, 16.793, 7.261, 18.949, 0.0, 11.694, 5.812], [21.844, 26.904, 16.949, 30.444, 16.418, 12.051, 27.82, 18.932, 0.0, 12.275], [17.703, 18.606, 11.837, 22.617, 13.419, 4.552, 20.479, 12.399, 5.654, 0.0]]
big_M = 1000.0
planning_horizon = 24.0
penalty_weight = 100000.0
