# MTRSP-VS train | n10_m3_a30 seed=20
# n=10 m=3 T_max=24.0

num_tasks = 10
num_tugboats = 3
num_speed_levels = 3
task_max_tugs = [1, 2, 1, 2, 1, 2, 1, 1, 1, 1]
task_min_horsepower = [1601.5, 4117.2, 1894.8, 4096.7, 1865.8, 4822.1, 2379.6, 2160.7, 1232.7, 2039.0]
task_time_window_lower = [20.105, 2.141, 0.037, 6.115, 18.175, 15.166, 14.536, 9.801, 1.511, 1.773]
task_time_window_upper = [23.851, 7.499, 5.574, 10.721, 23.094, 19.287, 16.754, 12.271, 4.845, 6.762]
task_service_distance = [4.782, 7.525, 5.058, 3.932, 7.543, 7.028, 3.175, 4.417, 3.117, 4.188]
tugboat_horsepower = [1800.7, 3818.0, 2400.6]
tugboat_fuel_capacity = [7575.3, 6388.8, 7026.3]
tugboat_alpha = [0.168, 0.1463, 0.177]
tugboat_beta = [0.0798, 0.0859, 0.0857]
speed_level_names = ['slow', 'medium', 'fast']
speed_values = [6.0, 10.0, 15.0]
speed_power_coefficients = [0.216, 1.0, 3.375]
depot_to_task_distance = [13.391, 8.276, 10.157, 13.081, 10.323, 4.407, 12.747, 10.953, 15.282, 13.667]
task_to_depot_distance = [15.1, 2.394, 12.44, 15.298, 12.642, 10.103, 10.69, 11.04, 18.146, 16.986]
task_to_task_distance = [[0.0, 22.328, 17.318, 27.839, 24.816, 17.306, 27.56, 24.628, 28.36, 10.989], [15.757, 0.0, 9.535, 10.728, 7.931, 5.178, 11.152, 10.223, 12.978, 14.581], [16.457, 20.248, 0.0, 19.71, 16.637, 16.829, 23.313, 22.949, 17.394, 3.921], [28.495, 10.527, 18.527, 0.0, 6.737, 14.529, 5.745, 10.496, 9.782, 26.334], [25.196, 6.218, 18.377, 6.45, 0.0, 10.806, 1.211, 5.847, 12.704, 25.194], [21.414, 1.996, 18.121, 9.978, 9.682, 0.0, 3.899, 1.627, 15.674, 23.608], [22.152, 2.721, 18.431, 9.605, 9.54, 7.747, 0.0, 1.937, 15.443, 24.119], [23.405, 4.402, 17.504, 7.188, 7.507, 8.988, 1.722, 0.0, 13.187, 23.921], [30.608, 18.913, 13.907, 9.09, 9.242, 20.292, 16.739, 20.338, 0.0, 22.556], [13.936, 25.261, 12.892, 26.98, 23.827, 20.854, 29.357, 27.926, 25.277, 0.0]]
big_M = 1000.0
planning_horizon = 24.0
penalty_weight = 100000.0
