# MTRSP-VS train | n10_m3_a30 seed=35
# n=10 m=3 T_max=24.0

num_tasks = 10
num_tugboats = 3
num_speed_levels = 3
task_max_tugs = [1, 1, 1, 1, 2, 1, 1, 1, 1, 2]
task_min_horsepower = [2932.6, 2513.3, 2660.2, 2096.7, 3443.4, 1884.4, 1519.5, 1438.5, 2626.9, 4163.2]
task_time_window_lower = [20.522, 2.745, 11.328, 10.23, 3.088, 5.549, 8.005, 8.491, 12.32, 3.367]
task_time_window_upper = [22.9, 5.447, 16.899, 12.273, 8.404, 10.56, 11.773, 10.705, 16.409, 7.526]
task_service_distance = [6.737, 5.834, 3.614, 6.752, 6.608, 3.258, 3.821, 3.804, 2.981, 4.945]
tugboat_horsepower = [2515.0, 3619.7, 4650.2]
tugboat_fuel_capacity = [7553.2, 6170.8, 7126.2]
tugboat_alpha = [0.154, 0.1584, 0.1675]
tugboat_beta = [0.0819, 0.0501, 0.0854]
speed_level_names = ['slow', 'medium', 'fast']
speed_values = [6.0, 10.0, 15.0]
speed_power_coefficients = [0.216, 1.0, 3.375]
depot_to_task_distance = [7.657, 15.373, 14.976, 7.004, 20.037, 15.181, 11.551, 16.256, 12.359, 3.155]
task_to_depot_distance = [6.41, 10.424, 15.726, 7.921, 13.434, 16.316, 8.777, 17.447, 15.001, 1.869]
task_to_task_distance = [[0.0, 16.87, 10.554, 0.61, 18.794, 20.353, 16.952, 15.624, 6.458, 8.262], [8.003, 0.0, 14.938, 14.181, 30.442, 8.245, 18.467, 26.679, 19.979, 12.963], [8.164, 11.194, 0.0, 12.57, 30.978, 21.325, 27.184, 28.084, 15.581, 18.793], [0.63, 10.595, 7.642, 0.0, 25.132, 16.495, 19.372, 21.796, 11.976, 11.021], [19.046, 28.479, 22.891, 12.777, 0.0, 27.786, 14.251, 2.887, 11.817, 11.406], [15.422, 9.29, 22.017, 21.294, 36.018, 0.0, 20.692, 32.128, 27.162, 18.049], [16.433, 23.014, 23.46, 13.925, 16.638, 18.588, 0.0, 12.829, 17.274, 5.688], [22.006, 31.896, 24.391, 15.136, 3.924, 32.239, 19.006, 0.0, 12.203, 15.829], [15.413, 25.491, 14.696, 8.815, 14.874, 29.685, 22.783, 13.475, 0.0, 15.499], [6.102, 13.516, 13.83, 7.16, 21.754, 14.084, 12.927, 18.013, 12.885, 0.0]]
big_M = 1000.0
planning_horizon = 24.0
penalty_weight = 100000.0
