# MTRSP-VS train | n10_m3_a30 seed=38
# n=10 m=3 T_max=24.0

num_tasks = 10
num_tugboats = 3
num_speed_levels = 3
task_max_tugs = [1, 1, 1, 1, 1, 1, 1, 1, 1, 1]
task_min_horsepower = [1327.9, 1478.4, 1496.1, 1057.5, 1855.5, 2592.0, 1060.3, 2050.7, 2133.4, 2808.6]
task_time_window_lower = [3.981, 9.459, 3.127, 10.673, 2.733, 11.115, 11.146, 5.018, 15.074, 0.53]
task_time_window_upper = [9.96, 12.042, 7.757, 15.015, 7.929, 13.677, 16.155, 9.99, 17.205, 5.119]
task_service_distance = [6.621, 6.04, 4.647, 1.491, 3.704, 5.244, 3.123, 7.468, 3.914, 4.319]
tugboat_horsepower = [1800.6, 3833.2, 3944.5]
tugboat_fuel_capacity = [6522.9, 6836.6, 6041.4]
tugboat_alpha = [0.152, 0.1496, 0.1417]
tugboat_beta = [0.071, 0.0876, 0.0531]
speed_level_names = ['slow', 'medium', 'fast']
speed_values = [6.0, 10.0, 15.0]
speed_power_coefficients = [0.216, 1.0, 3.375]
depot_to_task_distance = [4.695, 7.022, 8.404, 13.907, 3.487, 15.126, 14.205, 10.545, 10.241, 6.824]
task_to_depot_distance = [10.255, 8.976, 12.761, 15.001, 0.346, 17.493, 11.391, 11.346, 6.718, 7.882]
task_to_task_distance = [[0.0, 6.084, 16.702, 17.319, 6.863, 25.261, 4.573, 19.019, 7.067, 14.444], [5.932, 0.0, 15.976, 15.667, 5.504, 24.085, 5.291, 17.361, 7.777, 13.781], [13.426, 13.735, 0.0, 25.873, 15.188, 12.155, 24.324, 19.128, 14.528, 5.97], [17.591, 19.616, 22.518, 0.0, 14.517, 23.919, 17.852, 10.787, 22.652, 21.534], [5.034, 7.366, 8.445, 13.675, 0.0, 14.924, 14.414, 10.2, 10.587, 6.942], [20.377, 21.584, 10.53, 26.927, 20.852, 0.0, 31.356, 18.053, 23.317, 12.834], [8.887, 9.027, 18.839, 15.221, 7.933, 26.486, 0.0, 18.524, 10.437, 16.686], [14.427, 16.612, 18.625, 2.609, 11.375, 20.252, 16.834, 0.0, 19.794, 17.716], [2.955, 2.028, 9.263, 19.663, 6.005, 19.095, 12.671, 17.251, 0.0, 6.96], [10.859, 12.352, 2.929, 19.327, 11.193, 8.309, 21.719, 12.091, 14.62, 0.0]]
big_M = 1000.0
planning_horizon = 24.0
penalty_weight = 100000.0
