# MTRSP-VS train | n10_m3_a30 seed=4
# n=10 m=3 T_max=24.0

num_tasks = 10
num_tugboats = 3
num_speed_levels = 3
task_max_tugs = [1, 1, 2, 1, 2, 3, 1, 1, 1, 1]
task_min_horsepower = [1827.9, 1862.1, 3262.8, 1086.5, 4065.9, 5603.9, 1685.7, 1391.1, 1405.3, 1552.6]
task_time_window_lower = [15.37, 11.571, 1.856, 4.979, 11.656, 6.969, 9.772, 15.221, 17.583, 18.296]
task_time_window_upper = [18.793, 14.854, 7.474, 7.225, 16.717, 9.919, 12.483, 17.392, 23.166, 23.235]
task_service_distance = [4.98, 7.59, 5.683, 4.072, 6.291, 6.659, 3.857, 5.368, 4.411, 6.638]
tugboat_horsepower = [4881.0, 2511.5, 1563.7]
tugboat_fuel_capacity = [7722.7, 7739.0, 7360.1]
tugboat_alpha = [0.1431, 0.1647, 0.1758]
tugboat_beta = [0.0617, 0.06, 0.074]
speed_level_names = ['slow', 'medium', 'fast']
speed_values = [6.0, 10.0, 15.0]
speed_power_coefficients = [0.216, 1.0, 3.375]
depot_to_task_distance = [14.298, 13.335, 11.527, 15.363, 13.491, 6.859, 16.844, 9.668, 17.035, 12.457]
task_to_depot_distance = [9.318, 14.713, 7.523, 14.937, 19.401, 2.193, 17.267, 8.286, 18.754, 15.493]
task_to_task_distance = [[0.0, 9.25, 13.085, 6.191, 22.652, 11.61, 17.152, 5.621, 26.101, 20.034], [3.23, 0.0, 18.683, 1.842, 28.204, 14.819, 22.153, 10.829, 31.733, 26.015], [17.515, 20.012, 0.0, 19.118, 12.276, 14.298, 10.613, 9.727, 14.972, 7.195], [2.444, 12.661, 15.068, 0.0, 27.877, 17.422, 17.607, 7.466, 31.184, 24.261], [33.658, 31.029, 23.744, 34.763, 0.0, 21.202, 27.413, 27.486, 4.102, 12.829], [12.188, 11.467, 11.802, 13.198, 15.683, 0.0, 17.016, 8.402, 19.227, 14.367], [16.76, 24.696, 6.685, 18.648, 24.235, 23.603, 0.0, 9.929, 26.349, 17.568], [13.63, 18.142, 3.578, 15.38, 16.815, 14.882, 8.709, 0.0, 19.622, 11.728], [33.039, 30.18, 23.574, 34.106, 5.964, 20.32, 27.399, 27.04, 0.0, 12.869], [24.284, 28.02, 8.34, 26.058, 14.049, 22.086, 9.249, 15.911, 14.972, 0.0]]
big_M = 1000.0
planning_horizon = 24.0
penalty_weight = 100000.0
