# MTRSP-VS train | n10_m3_a30 seed=40
# n=10 m=3 T_max=24.0

num_tasks = 10
num_tugboats = 3
num_speed_levels = 3
task_max_tugs = [2, 1, 2, 2, 1, 1, 1, 3, 1, 2]
task_min_horsepower = [3959.3, 2170.6, 4028.4, 4602.5, 1198.6, 2888.1, 2859.2, 5600.0, 2581.0, 2592.8]
task_time_window_lower = [8.238, 13.608, 15.839, 0.41, 18.273, 8.091, 3.643, 20.472, 3.338, 15.959]
task_time_window_upper = [10.833, 18.794, 18.271, 3.169, 22.189, 13.715, 8.836, 23.111, 8.022, 19.308]
task_service_distance = [3.159, 3.642, 3.143, 4.172, 4.105, 4.465, 4.565, 4.135, 5.164, 4.052]
tugboat_horsepower = [2153.3, 1701.3, 4312.9]
tugboat_fuel_capacity = [6838.4, 6860.6, 6952.4]
tugboat_alpha = [0.1524, 0.1499, 0.172]
tugboat_beta = [0.0804, 0.0879, 0.0517]
speed_level_names = ['slow', 'medium', 'fast']
speed_values = [6.0, 10.0, 15.0]
speed_power_coefficients = [0.216, 1.0, 3.375]
depot_to_task_distance = [11.404, 14.705, 11.53, 11.885, 16.919, 17.568, 16.672, 9.474, 11.635, 18.837]
task_to_depot_distance = [14.552, 14.152, 14.371, 16.057, 16.068, 21.213, 21.213, 11.543, 15.535, 17.364]
task_to_task_distance = [[0.0, 18.38, 20.949, 13.745, 28.813, 29.673, 29.688, 7.659, 21.786, 16.757], [13.432, 0.0, 9.681, 23.138, 17.728, 18.686, 19.972, 17.271, 25.768, 4.891], [21.322, 8.615, 0.0, 26.22, 6.018, 6.971, 8.723, 22.506, 24.1, 15.52], [14.857, 28.865, 27.439, 0.0, 32.727, 33.281, 31.923, 9.674, 12.462, 30.289], [23.581, 10.751, 5.374, 27.953, 0.0, 5.004, 7.22, 24.543, 25.122, 17.578], [30.942, 19.962, 13.706, 32.427, 5.418, 0.0, 4.565, 30.601, 26.775, 26.817], [30.942, 19.962, 13.706, 32.427, 5.418, 4.465, 0.0, 30.601, 26.775, 26.817], [1.95, 18.114, 19.443, 10.482, 26.887, 27.698, 27.427, 0.0, 18.211, 17.863], [20.635, 30.217, 26.49, 9.152, 29.409, 29.713, 27.687, 15.083, 0.0, 33.643], [12.394, 9.007, 15.245, 23.922, 23.345, 24.303, 25.54, 17.475, 28.52, 0.0]]
big_M = 1000.0
planning_horizon = 24.0
penalty_weight = 100000.0
