# MTRSP-VS train | n10_m3_a30 seed=13
# n=10 m=3 T_max=24.0

num_tasks = 10
num_tugboats = 3
num_speed_levels = 3
task_max_tugs = [1, 2, 1, 2, 3, 1, 2, 3, 2, 2]
task_min_horsepower = [2496.8, 4192.1, 1353.3, 3806.7, 5378.4, 1791.5, 3727.1, 4707.0, 3416.1, 4128.1]
task_time_window_lower = [7.087, 17.843, 3.094, 15.737, 3.106, 17.665, 14.823, 18.087, 14.689, 20.836]
task_time_window_upper = [12.901, 22.718, 5.267, 20.961, 7.662, 21.319, 20.367, 20.899, 18.188, 23.384]
task_service_distance = [6.42, 3.736, 5.657, 7.188, 3.734, 7.132, 3.785, 5.821, 4.569, 7.928]
tugboat_horsepower = [3612.3, 4029.5, 2241.0]
tugboat_fuel_capacity = [7161.7, 7182.4, 6718.7]
tugboat_alpha = [0.1691, 0.1537, 0.1518]
tugboat_beta = [0.0566, 0.0774, 0.0545]
speed_level_names = ['slow', 'medium', 'fast']
speed_values = [6.0, 10.0, 15.0]
speed_power_coefficients = [0.216, 1.0, 3.375]
depot_to_task_distance = [9.119, 12.419, 13.129, 6.493, 16.044, 13.063, 16.105, 7.66, 4.586, 13.116]
task_to_depot_distance = [3.495, 9.878, 9.996, 13.462, 15.251, 9.287, 15.924, 11.613, 1.189, 6.892]
task_to_task_distance = [[0.0, 10.32, 15.528, 3.6, 13.153, 15.527, 18.953, 7.926, 2.525, 15.643], [10.081, 0.0, 17.225, 3.564, 6.177, 22.656, 25.94, 14.712, 5.293, 22.757], [19.106, 17.896, 0.0, 14.877, 22.888, 14.797, 15.301, 15.83, 12.846, 14.587], [12.949, 2.762, 19.301, 0.0, 2.826, 26.286, 29.55, 18.2, 8.88, 26.386], [15.721, 2.892, 19.083, 9.399, 0.0, 28.269, 31.326, 20.639, 10.782, 28.341], [16.659, 21.082, 13.304, 15.762, 25.202, 0.0, 8.078, 10.986, 13.774, 6.915], [22.231, 27.877, 18.274, 22.417, 31.936, 6.876, 0.0, 15.568, 20.478, 6.499], [4.847, 18.612, 24.732, 12.205, 19.076, 14.98, 19.182, 0.0, 12.35, 15.293], [7.989, 12.579, 14.315, 6.246, 15.864, 12.929, 16.199, 6.69, 0.0, 13.016], [14.505, 18.803, 12.657, 13.371, 22.836, 8.046, 9.92, 9.362, 11.393, 0.0]]
big_M = 1000.0
planning_horizon = 24.0
penalty_weight = 100000.0
