# MTRSP-VS train | n10_m3_a30 seed=42
# n=10 m=3 T_max=24.0

num_tasks = 10
num_tugboats = 3
num_speed_levels = 3
task_max_tugs = [1, 3, 2, 2, 1, 1, 3, 1, 2, 2]
task_min_horsepower = [1091.6, 4868.2, 3082.0, 3194.9, 1729.7, 1419.0, 6810.0, 2218.3, 4322.8, 3448.6]
task_time_window_lower = [11.547, 13.536, 14.456, 0.677, 5.552, 19.948, 5.82, 7.667, 8.416, 5.164]
task_time_window_upper = [17.505, 17.764, 19.827, 3.593, 8.814, 22.792, 11.325, 12.288, 14.074, 8.224]
task_service_distance = [4.375, 7.461, 4.093, 1.915, 7.047, 4.701, 2.358, 7.036, 4.893, 7.309]
tugboat_horsepower = [3546.1, 3464.8, 2419.6]
tugboat_fuel_capacity = [6724.0, 7994.7, 6276.7]
tugboat_alpha = [0.1597, 0.1702, 0.1744]
tugboat_beta = [0.0561, 0.0564, 0.0772]
speed_level_names = ['slow', 'medium', 'fast']
speed_values = [6.0, 10.0, 15.0]
speed_power_coefficients = [0.216, 1.0, 3.375]
depot_to_task_distance = [14.851, 8.856, 14.299, 16.834, 8.804, 10.932, 14.566, 10.879, 14.235, 10.502]
task_to_depot_distance = [11.086, 16.298, 15.629, 18.47, 3.257, 15.369, 15.282, 10.286, 13.111, 3.423]
task_to_task_distance = [[0.0, 15.392, 8.371, 19.141, 18.332, 16.442, 10.139, 14.163, 24.432, 14.377], [25.2, 0.0, 28.144, 33.128, 22.802, 5.375, 14.081, 6.786, 13.36, 6.668], [10.616, 23.769, 0.0, 9.355, 17.034, 25.518, 22.21, 24.195, 29.415, 24.146], [19.495, 27.324, 13.088, 0.0, 14.992, 29.394, 29.311, 28.971, 29.703, 28.714], [18.081, 8.757, 17.101, 17.588, 0.0, 10.934, 16.993, 11.771, 11.488, 11.243], [25.267, 6.542, 27.814, 32.137, 21.425, 0.0, 14.866, 6.869, 11.569, 6.573], [15.661, 11.409, 20.635, 29.836, 24.048, 10.611, 0.0, 7.574, 22.059, 8.257], [11.679, 9.486, 15.679, 24.291, 19.076, 9.818, 4.311, 0.0, 19.937, 7.431], [27.961, 12.916, 26.755, 24.137, 11.059, 14.367, 24.599, 16.901, 0.0, 16.203], [14.412, 6.334, 15.369, 19.87, 12.076, 8.172, 11.466, 7.609, 14.244, 0.0]]
big_M = 1000.0
planning_horizon = 24.0
penalty_weight = 100000.0
