# MTRSP-VS train | n15_m4_a35 seed=32
# n=15 m=4 T_max=24.0

num_tasks = 15
num_tugboats = 4
num_speed_levels = 3
task_max_tugs = [2, 1, 1, 1, 1, 3, 1, 1, 1, 1, 3, 2, 1, 1, 1]
task_min_horsepower = [4879.1, 2903.6, 2908.8, 2236.1, 2017.3, 5128.6, 1390.5, 2019.7, 2643.7, 1275.4, 4003.2, 4878.7, 2937.6, 1631.6, 2845.1]
task_time_window_lower = [1.68, 3.447, 1.695, 18.756, 16.503, 9.49, 6.932, 0.651, 3.312, 19.376, 12.898, 7.146, 6.855, 17.848, 9.322]
task_time_window_upper = [5.505, 6.72, 5.157, 23.609, 19.346, 13.828, 12.561, 5.935, 9.174, 21.391, 17.784, 12.21, 9.312, 23.663, 12.242]
task_service_distance = [4.516, 3.501, 7.579, 6.776, 7.214, 2.855, 0.914, 4.765, 3.837, 5.878, 4.647, 4.671, 5.228, 6.309, 3.968]
tugboat_horsepower = [4402.3, 1519.3, 4664.8, 3077.1]
tugboat_fuel_capacity = [6258.2, 6168.2, 7766.2, 7005.9]
tugboat_alpha = [0.1789, 0.1746, 0.1701, 0.143]
tugboat_beta = [0.0736, 0.0897, 0.0701, 0.0526]
speed_level_names = ['slow', 'medium', 'fast']
speed_values = [6.0, 10.0, 15.0]
speed_power_coefficients = [0.216, 1.0, 3.375]
depot_to_task_distance = [17.867, 7.71, 12.034, 18.048, 18.974, 18.997, 21.543, 22.582, 16.42, 8.68, 9.953, 17.405, 10.974, 20.966, 8.02]
task_to_depot_distance = [16.869, 8.342, 18.051, 12.642, 13.571, 19.283, 21.863, 17.973, 12.583, 9.712, 5.807, 17.539, 6.399, 15.788, 4.388]
task_to_task_distance = [[0.0, 23.161, 26.776, 8.175, 21.607, 27.096, 27.869, 5.805, 28.04, 24.626, 14.538, 30.697, 25.773, 4.139, 9.603], [20.787, 0.0, 17.015, 25.002, 13.555, 26.504, 29.309, 26.607, 8.087, 13.016, 18.251, 9.543, 4.437, 25.208, 12.013], [32.772, 21.403, 0.0, 25.593, 36.855, 6.233, 9.191, 35.282, 31.007, 11.42, 15.308, 30.024, 23.908, 33.631, 24.433], [15.249, 20.352, 17.867, 0.0, 27.054, 15.791, 16.515, 16.389, 28.495, 17.086, 4.236, 29.925, 23.607, 14.795, 11.193], [12.001, 14.518, 25.468, 21.33, 0.0, 31.8, 33.901, 18.212, 14.755, 21.785, 20.029, 18.133, 15.528, 17.239, 8.81], [32.348, 23.679, 10.454, 23.93, 38.257, 0.0, 5.54, 34.236, 33.431, 13.929, 14.517, 32.751, 26.419, 32.627, 24.765], [32.437, 27.277, 14.948, 22.446, 40.627, 3.122, 0.0, 33.413, 37.069, 18.005, 14.901, 36.737, 30.228, 31.895, 26.058], [2.543, 23.776, 28.401, 10.307, 20.527, 29.22, 30.062, 0.0, 27.896, 26.045, 16.559, 30.752, 26.198, 3.386, 10.266], [23.565, 6.28, 20.213, 28.961, 12.492, 30.373, 33.265, 29.612, 0.0, 16.266, 22.502, 5.82, 4.371, 28.321, 15.62], [24.768, 14.459, 5.143, 19.548, 28.666, 9.755, 12.701, 27.927, 24.249, 0.0, 8.54, 24.032, 17.455, 26.247, 16.026], [18.747, 12.98, 10.433, 14.824, 24.134, 13.836, 16.087, 22.119, 22.165, 8.858, 0.0, 22.888, 16.283, 20.436, 10.184], [31.817, 9.878, 19.909, 35.434, 20.623, 31.571, 34.755, 37.686, 8.221, 16.717, 27.04, 0.0, 6.85, 36.288, 23.012], [20.241, 2.837, 15.261, 23.523, 14.965, 24.513, 27.304, 25.862, 10.03, 11.274, 16.344, 11.161, 0.0, 24.398, 10.984], [7.333, 22.663, 24.795, 5.535, 23.264, 24.352, 25.019, 7.958, 28.487, 22.967, 12.016, 30.865, 25.499, 0.0, 9.493], [13.596, 11.238, 15.579, 14.408, 18.02, 20.295, 22.373, 18.195, 18.501, 12.681, 8.804, 20.198, 14.262, 16.58, 0.0]]
big_M = 1000.0
planning_horizon = 24.0
penalty_weight = 100000.0
