# MTRSP-VS train | n15_m4_a35 seed=25
# n=15 m=4 T_max=24.0

num_tasks = 15
num_tugboats = 4
num_speed_levels = 3
task_max_tugs = [2, 1, 3, 1, 2, 1, 1, 1, 1, 1, 2, 1, 1, 1, 2]
task_min_horsepower = [4211.2, 2511.0, 4441.3, 1748.0, 3928.6, 2081.5, 1607.5, 1915.0, 1896.5, 2972.3, 4389.0, 2610.8, 2132.3, 1459.1, 4366.4]
task_time_window_lower = [2.329, 11.083, 11.361, 18.47, 19.658, 1.531, 19.682, 2.973, 5.619, 12.839, 4.168, 17.045, 3.157, 19.799, 3.436]
task_time_window_upper = [5.365, 16.329, 13.491, 21.124, 22.742, 5.982, 23.318, 7.777, 9.091, 15.212, 8.948, 21.252, 8.727, 22.098, 6.742]
task_service_distance = [3.03, 3.212, 5.12, 4.389, 7.124, 3.52, 5.914, 5.304, 3.635, 7.086, 5.178, 3.288, 2.595, 5.39, 3.321]
tugboat_horsepower = [2424.7, 4013.1, 4296.0, 3918.2]
tugboat_fuel_capacity = [7197.4, 7587.9, 6730.5, 6507.2]
tugboat_alpha = [0.1422, 0.1463, 0.1744, 0.1416]
tugboat_beta = [0.0623, 0.0867, 0.0528, 0.0741]
speed_level_names = ['slow', 'medium', 'fast']
speed_values = [6.0, 10.0, 15.0]
speed_power_coefficients = [0.216, 1.0, 3.375]
depot_to_task_distance = [15.546, 13.859, 10.921, 14.68, 11.196, 5.061, 14.846, 16.094, 2.269, 19.757, 3.374, 0.626, 17.559, 4.751, 6.669]
task_to_depot_distance = [17.705, 16.535, 16.018, 18.494, 17.158, 2.224, 11.038, 11.36, 5.2, 15.462, 8.151, 3.909, 18.379, 6.708, 6.994]
task_to_task_distance = [[0.0, 20.208, 24.991, 15.153, 18.471, 18.708, 32.43, 30.486, 17.67, 31.922, 15.415, 18.328, 33.689, 20.315, 23.735], [23.213, 0.0, 26.831, 29.353, 5.801, 21.595, 21.182, 31.197, 14.266, 35.626, 18.817, 16.526, 30.786, 12.745, 15.005], [25.901, 29.581, 0.0, 16.032, 27.035, 11.586, 18.241, 3.12, 18.128, 3.748, 15.465, 15.804, 8.257, 19.159, 17.557], [15.947, 30.534, 15.596, 0.0, 27.852, 14.398, 29.954, 19.039, 20.449, 17.515, 15.35, 18.853, 23.951, 23.244, 24.366], [18.079, 6.069, 28.078, 26.796, 0.0, 21.79, 26.324, 33.164, 15.149, 36.896, 18.197, 17.42, 33.882, 15.148, 18.504], [16.84, 15.853, 8.739, 14.261, 13.239, 0.0, 13.88, 13.87, 4.284, 17.596, 3.929, 1.954, 15.433, 5.988, 6.649], [26.275, 20.678, 9.26, 21.752, 18.716, 10.985, 0.0, 10.586, 11.829, 15.769, 13.325, 10.44, 8.719, 10.689, 7.31], [24.599, 23.894, 3.74, 17.613, 21.532, 8.602, 11.722, 0.0, 13.079, 10.179, 12.175, 10.948, 6.414, 13.33, 11.103], [19.261, 10.689, 14.152, 19.874, 8.47, 9.776, 12.017, 18.479, 0.0, 22.896, 8.504, 4.835, 18.528, 0.612, 3.254], [22.093, 29.309, 6.643, 11.166, 26.622, 10.427, 21.759, 8.335, 17.727, 0.0, 13.814, 15.457, 13.409, 19.532, 18.935], [13.142, 20.986, 9.098, 6.814, 18.254, 4.416, 20.625, 14.467, 10.187, 16.041, 0.0, 8.495, 18.107, 12.9, 14.121], [19.435, 14.244, 10.54, 17.814, 11.89, 6.925, 10.949, 14.871, 4.194, 19.258, 7.047, 0.0, 15.233, 3.68, 3.095], [32.464, 29.036, 11.102, 25.186, 27.054, 16.442, 10.93, 7.705, 19.647, 12.076, 19.808, 17.857, 0.0, 18.936, 15.667], [14.864, 7.542, 17.619, 18.877, 4.81, 11.553, 17.874, 22.68, 4.665, 26.465, 8.36, 6.939, 23.613, 0.0, 9.137], [20.73, 10.06, 15.476, 21.669, 8.177, 11.483, 11.37, 19.505, 5.359, 24.098, 10.295, 6.617, 19.12, 2.306, 0.0]]
big_M = 1000.0
planning_horizon = 24.0
penalty_weight = 100000.0
