# MTRSP-VS train | n15_m4_a35 seed=26
# n=15 m=4 T_max=24.0

num_tasks = 15
num_tugboats = 4
num_speed_levels = 3
task_max_tugs = [1, 2, 3, 2, 1, 1, 1, 1, 1, 2, 1, 1, 1, 1, 2]
task_min_horsepower = [2163.1, 2740.7, 4245.2, 4898.3, 2813.7, 2550.8, 2395.8, 1939.3, 1064.6, 3919.0, 2944.9, 2637.4, 2164.0, 1068.1, 3574.1]
task_time_window_lower = [8.918, 3.672, 13.152, 0.449, 8.16, 20.604, 18.777, 10.614, 2.055, 7.974, 3.022, 19.288, 16.458, 9.89, 14.198]
task_time_window_upper = [12.087, 5.928, 15.546, 2.581, 12.883, 22.695, 22.739, 15.208, 5.636, 13.837, 6.247, 23.671, 20.065, 14.69, 18.811]
task_service_distance = [4.026, 6.822, 6.177, 7.049, 7.637, 7.194, 3.154, 3.622, 5.806, 7.237, 7.699, 3.295, 3.224, 7.952, 6.919]
tugboat_horsepower = [2003.4, 2348.2, 1654.5, 4749.2]
tugboat_fuel_capacity = [6647.7, 6940.7, 7312.6, 6479.0]
tugboat_alpha = [0.161, 0.179, 0.144, 0.1409]
tugboat_beta = [0.0585, 0.054, 0.0722, 0.0554]
speed_level_names = ['slow', 'medium', 'fast']
speed_values = [6.0, 10.0, 15.0]
speed_power_coefficients = [0.216, 1.0, 3.375]
depot_to_task_distance = [13.533, 18.281, 6.42, 17.331, 23.337, 13.412, 12.414, 7.388, 17.584, 12.579, 15.936, 2.598, 7.657, 10.842, 13.938]
task_to_depot_distance = [13.883, 14.509, 12.45, 20.263, 19.642, 6.219, 10.975, 4.506, 15.003, 15.095, 8.396, 2.176, 9.342, 14.288, 18.165]
task_to_task_distance = [[0.0, 30.693, 12.921, 15.081, 11.704, 24.498, 26.296, 19.091, 27.892, 12.226, 8.899, 15.592, 20.638, 24.721, 4.025], [28.039, 0.0, 19.082, 29.795, 37.778, 8.991, 4.175, 10.061, 11.487, 25.484, 30.037, 12.556, 11.215, 4.657, 27.369], [9.474, 30.073, 0.0, 4.935, 15.394, 25.813, 21.558, 19.825, 30.018, 1.005, 7.126, 15.034, 14.139, 20.44, 16.283], [8.847, 38.54, 15.135, 0.0, 6.356, 33.378, 31.068, 27.373, 37.342, 9.161, 4.425, 22.772, 23.816, 29.806, 16.38], [8.969, 37.888, 14.285, 5.758, 0.0, 32.871, 30.179, 26.843, 36.886, 8.129, 4.173, 22.184, 22.87, 28.951, 16.716], [18.898, 12.525, 12.536, 23.543, 28.836, 0.0, 10.076, 1.189, 11.372, 18.796, 21.897, 3.621, 9.704, 8.495, 17.097], [23.623, 13.906, 13.449, 23.373, 32.828, 13.539, 0.0, 10.864, 17.218, 19.431, 24.659, 10.244, 4.658, 3.064, 24.907], [17.901, 13.779, 10.445, 21.545, 27.772, 9.271, 9.018, 0.0, 13.524, 16.852, 20.441, 2.233, 7.288, 7.377, 17.19], [25.068, 11.497, 21.397, 31.959, 34.668, 5.563, 16.709, 8.357, 0.0, 27.197, 29.061, 12.616, 18.912, 15.578, 20.366], [15.74, 30.5, 9.065, 7.818, 20.804, 27.477, 20.567, 21.889, 31.733, 0.0, 12.997, 17.383, 13.331, 19.859, 22.238], [6.874, 26.641, 3.887, 9.468, 15.673, 21.717, 19.481, 15.673, 25.811, 4.803, 0.0, 10.957, 12.627, 18.115, 11.892], [15.002, 17.625, 6.337, 17.447, 24.616, 13.45, 10.67, 7.672, 17.703, 12.81, 16.876, 0.0, 5.481, 9.169, 16.027], [21.971, 14.406, 11.875, 22.013, 31.219, 13.228, 4.247, 9.875, 17.119, 17.96, 23.084, 8.748, 0.0, 3.484, 23.28], [25.378, 18.214, 14.666, 22.83, 33.82, 18.53, 7.392, 15.709, 22.098, 19.629, 25.447, 14.269, 6.658, 0.0, 27.987], [5.944, 35.04, 16.482, 15.941, 8.517, 28.785, 30.565, 23.449, 32.08, 14.292, 9.269, 19.948, 24.655, 29.006, 0.0]]
big_M = 1000.0
planning_horizon = 24.0
penalty_weight = 100000.0
