# MTRSP-VS train | n15_m4_a35 seed=28
# n=15 m=4 T_max=24.0

num_tasks = 15
num_tugboats = 4
num_speed_levels = 3
task_max_tugs = [1, 1, 1, 1, 3, 3, 1, 1, 1, 1, 2, 1, 3, 2, 1]
task_min_horsepower = [2720.4, 2041.9, 1896.5, 2342.1, 6596.5, 4694.0, 1030.2, 2105.1, 2659.0, 2008.5, 4961.6, 1719.6, 4589.4, 2828.4, 1592.5]
task_time_window_lower = [13.023, 16.501, 17.081, 8.321, 10.484, 18.007, 7.672, 14.22, 16.324, 11.881, 10.465, 16.591, 12.158, 8.001, 17.121]
task_time_window_upper = [17.067, 18.789, 19.858, 13.873, 13.762, 23.608, 12.536, 17.821, 19.644, 15.249, 14.545, 21.958, 17.281, 11.588, 20.965]
task_service_distance = [5.986, 5.088, 3.656, 3.475, 3.647, 6.311, 3.657, 4.301, 3.619, 3.163, 4.888, 4.573, 3.949, 3.581, 6.808]
tugboat_horsepower = [1716.6, 4075.1, 2353.0, 1818.7]
tugboat_fuel_capacity = [6043.9, 7500.2, 7233.2, 6952.3]
tugboat_alpha = [0.1412, 0.1407, 0.1428, 0.175]
tugboat_beta = [0.0664, 0.0523, 0.0825, 0.0693]
speed_level_names = ['slow', 'medium', 'fast']
speed_values = [6.0, 10.0, 15.0]
speed_power_coefficients = [0.216, 1.0, 3.375]
depot_to_task_distance = [18.72, 12.924, 12.565, 18.869, 18.305, 6.674, 11.273, 10.568, 16.301, 12.518, 11.602, 20.668, 14.799, 16.644, 8.719]
task_to_depot_distance = [13.277, 12.271, 15.543, 16.119, 15.445, 12.941, 8.72, 6.644, 12.683, 13.764, 10.506, 24.749, 14.152, 17.512, 15.49]
task_to_task_distance = [[0.0, 6.569, 20.78, 5.812, 25.047, 18.063, 13.905, 23.781, 25.279, 3.003, 21.881, 33.911, 16.899, 12.063, 14.439], [16.719, 0.0, 11.452, 13.68, 14.395, 12.292, 3.486, 21.209, 28.447, 8.313, 23.852, 29.184, 5.664, 22.006, 5.992], [30.397, 19.637, 0.0, 28.25, 4.458, 9.074, 11.441, 15.99, 28.525, 22.008, 23.736, 18.404, 10.878, 31.773, 10.004], [3.516, 8.183, 23.339, 0.0, 27.355, 20.884, 16.149, 26.596, 27.468, 5.029, 24.317, 36.765, 18.86, 12.444, 16.991], [29.721, 18.807, 3.082, 27.446, 0.0, 9.162, 10.551, 16.621, 28.934, 21.284, 24.105, 19.459, 9.802, 31.468, 9.342], [28.913, 18.755, 3.337, 27.191, 7.234, 0.0, 11.003, 13.039, 25.5, 20.731, 20.716, 16.481, 11.447, 29.421, 8.837], [21.018, 10.609, 5.728, 19.053, 10.559, 5.943, 0.0, 15.325, 24.651, 12.669, 19.787, 22.598, 6.384, 23.187, 0.689], [25.342, 18.863, 11.966, 25.447, 17.503, 5.614, 14.743, 0.0, 14.954, 18.981, 10.153, 14.028, 17.494, 22.02, 11.613], [25.718, 24.52, 23.367, 27.913, 29.064, 16.721, 23.924, 10.735, 0.0, 22.881, 1.592, 19.724, 27.35, 17.46, 21.186], [5.596, 6.681, 21.149, 5.334, 25.356, 18.514, 14.191, 24.271, 25.71, 0.0, 22.342, 34.395, 17.123, 12.194, 14.803], [27.515, 23.422, 18.353, 28.666, 23.79, 12.002, 20.693, 4.316, 9.057, 22.707, 0.0, 13.852, 23.697, 21.46, 17.643], [43.466, 35.689, 21.995, 43.193, 23.994, 20.388, 29.109, 15.138, 25.434, 36.579, 22.945, 0.0, 30.09, 39.506, 26.309], [18.627, 6.955, 11.11, 15.227, 13.121, 13.216, 3.641, 22.465, 30.428, 10.398, 25.753, 29.805, 0.0, 24.346, 6.75], [14.915, 21.128, 29.812, 19.117, 35.344, 24.174, 25.801, 23.854, 16.821, 17.801, 16.511, 34.292, 29.462, 0.0, 24.59], [23.158, 11.48, 8.104, 19.865, 8.681, 12.417, 4.527, 21.88, 31.596, 14.779, 26.743, 27.744, 0.837, 28.035, 0.0]]
big_M = 1000.0
planning_horizon = 24.0
penalty_weight = 100000.0
