# MTRSP-VS train | n15_m4_a35 seed=21
# n=15 m=4 T_max=24.0

num_tasks = 15
num_tugboats = 4
num_speed_levels = 3
task_max_tugs = [2, 1, 1, 1, 3, 1, 2, 1, 1, 1, 2, 1, 1, 1, 1]
task_min_horsepower = [2733.2, 2985.6, 1983.1, 2496.4, 5826.7, 2245.2, 2925.2, 2854.1, 2194.5, 1206.5, 4534.2, 1749.8, 2351.8, 2916.6, 2978.2]
task_time_window_lower = [10.72, 9.066, 5.067, 3.002, 17.493, 9.134, 0.973, 6.078, 3.468, 7.344, 18.099, 9.108, 20.128, 14.497, 4.642]
task_time_window_upper = [16.566, 14.599, 8.569, 8.506, 19.77, 14.23, 6.321, 9.11, 7.146, 9.622, 23.695, 14.092, 23.137, 18.6, 6.755]
task_service_distance = [5.83, 7.039, 3.016, 6.969, 1.587, 3.17, 7.76, 3.624, 4.715, 7.329, 7.844, 5.904, 7.135, 5.048, 7.974]
tugboat_horsepower = [4585.1, 4283.3, 4433.9, 3604.7]
tugboat_fuel_capacity = [6616.0, 7068.7, 6552.0, 7536.5]
tugboat_alpha = [0.1404, 0.1674, 0.1782, 0.1409]
tugboat_beta = [0.0737, 0.0758, 0.0841, 0.0734]
speed_level_names = ['slow', 'medium', 'fast']
speed_values = [6.0, 10.0, 15.0]
speed_power_coefficients = [0.216, 1.0, 3.375]
depot_to_task_distance = [13.477, 14.272, 9.24, 15.369, 18.55, 13.739, 13.447, 16.415, 2.45, 19.558, 14.151, 12.811, 13.239, 20.084, 4.346]
task_to_depot_distance = [19.02, 19.531, 7.305, 8.977, 20.118, 13.484, 9.403, 12.985, 6.729, 13.586, 21.947, 8.826, 12.565, 20.794, 7.833]
task_to_task_distance = [[0.0, 8.059, 24.311, 30.449, 24.842, 30.814, 27.202, 6.54, 16.829, 24.539, 32.517, 26.475, 9.323, 32.884, 19.509], [6.055, 0.0, 25.533, 31.8, 26.81, 30.607, 28.636, 5.079, 17.221, 26.578, 33.349, 25.88, 11.167, 32.003, 20.496], [16.855, 19.072, 0.0, 9.395, 11.66, 18.688, 6.646, 20.824, 8.877, 12.872, 12.126, 19.523, 12.912, 26.54, 3.062], [21.418, 22.936, 3.747, 0.0, 15.297, 15.384, 6.547, 24.942, 11.341, 16.779, 6.384, 18.098, 18.488, 24.364, 6.865], [24.209, 27.742, 13.049, 13.136, 0.0, 31.559, 10.64, 28.694, 21.021, 1.662, 21.039, 32.676, 16.993, 39.709, 15.807], [23.345, 21.823, 19.736, 23.558, 31.026, 0.0, 23.424, 24.081, 14.178, 32.26, 17.141, 3.582, 25.99, 7.44, 17.176], [15.734, 18.559, 5.72, 11.101, 9.201, 21.913, 0.0, 20.02, 10.25, 10.156, 15.35, 22.14, 10.474, 29.325, 5.218], [4.094, 1.326, 20.812, 27.291, 25.551, 22.62, 24.579, 0.0, 10.535, 25.816, 27.135, 17.743, 11.248, 23.976, 15.284], [6.941, 8.748, 13.225, 19.694, 18.539, 19.541, 16.915, 10.545, 0.0, 19.043, 20.4, 16.75, 7.547, 23.971, 7.794], [15.614, 19.149, 10.446, 14.617, 7.172, 26.739, 11.145, 20.099, 13.76, 0.0, 20.113, 26.373, 8.597, 33.667, 9.865], [35.183, 36.21, 16.832, 12.988, 25.35, 19.315, 16.141, 38.361, 24.39, 26.958, 0.0, 25.252, 32.468, 28.636, 20.849], [20.167, 19.379, 14.903, 19.132, 26.113, 5.009, 18.708, 21.69, 9.927, 27.345, 13.641, 0.0, 21.785, 12.191, 12.302], [0.949, 4.413, 18.908, 25.302, 22.056, 24.257, 22.302, 5.242, 10.289, 22.172, 26.398, 20.231, 0.0, 26.957, 13.669], [25.545, 22.555, 28.882, 33.513, 39.329, 13.394, 32.889, 24.36, 20.32, 40.352, 27.597, 8.538, 30.651, 0.0, 25.081], [6.735, 9.291, 13.112, 19.505, 17.31, 21.057, 16.539, 10.809, 6.127, 17.711, 20.934, 18.469, 5.845, 25.709, 0.0]]
big_M = 1000.0
planning_horizon = 24.0
penalty_weight = 100000.0
