# MTRSP-VS train | n15_m4_a35 seed=13
# n=15 m=4 T_max=24.0

num_tasks = 15
num_tugboats = 4
num_speed_levels = 3
task_max_tugs = [1, 1, 2, 1, 1, 1, 1, 2, 1, 2, 1, 3, 1, 1, 1]
task_min_horsepower = [1779.4, 2866.0, 2854.4, 2676.3, 1319.5, 2736.5, 2606.3, 4634.1, 2433.0, 4928.3, 2445.4, 5851.7, 2182.4, 2455.4, 1590.7]
task_time_window_lower = [14.599, 4.861, 13.98, 10.744, 9.603, 1.911, 21.942, 6.487, 12.497, 10.192, 17.135, 7.357, 19.409, 9.453, 5.73]
task_time_window_upper = [17.257, 7.31, 16.256, 14.969, 11.758, 5.284, 23.954, 8.973, 15.573, 12.502, 20.602, 9.38, 23.395, 13.52, 10.408]
task_service_distance = [6.42, 3.736, 5.657, 7.188, 3.734, 7.132, 3.894, 5.821, 4.569, 7.928, 3.674, 4.013, 6.027, 4.177, 3.366]
tugboat_horsepower = [1611.1, 4686.4, 4084.3, 3254.8]
tugboat_fuel_capacity = [6517.1, 7176.0, 6711.1, 6488.5]
tugboat_alpha = [0.1515, 0.1482, 0.154, 0.1415]
tugboat_beta = [0.0659, 0.0535, 0.0803, 0.074]
speed_level_names = ['slow', 'medium', 'fast']
speed_values = [6.0, 10.0, 15.0]
speed_power_coefficients = [0.216, 1.0, 3.375]
depot_to_task_distance = [10.639, 14.489, 15.317, 7.575, 18.718, 15.24, 18.789, 8.937, 5.35, 15.301, 8.899, 11.49, 8.75, 12.927, 11.671]
task_to_depot_distance = [4.853, 11.896, 12.032, 14.526, 17.863, 11.195, 18.78, 12.771, 1.503, 8.854, 5.408, 13.295, 13.602, 13.122, 14.663]
task_to_task_distance = [[0.0, 12.43, 19.179, 4.442, 15.322, 18.167, 22.308, 8.738, 3.731, 18.326, 9.918, 12.878, 4.782, 8.393, 8.457], [12.384, 0.0, 19.955, 4.652, 6.905, 26.882, 30.664, 17.726, 6.549, 26.993, 18.975, 10.115, 4.675, 5.97, 1.1], [22.67, 20.56, 0.0, 17.395, 26.461, 18.195, 18.788, 19.132, 15.061, 17.953, 17.811, 12.086, 19.069, 23.488, 20.344], [14.089, 3.072, 21.81, 0.0, 4.324, 29.469, 33.287, 20.065, 9.178, 29.587, 21.425, 11.652, 6.884, 6.603, 3.06], [18.051, 3.595, 22.735, 10.896, 0.0, 33.013, 36.64, 23.956, 12.604, 33.106, 25.227, 12.46, 10.806, 10.335, 6.953], [19.26, 25.222, 16.702, 18.77, 29.873, 0.0, 8.431, 12.29, 16.504, 6.88, 10.097, 19.506, 19.88, 23.85, 22.844], [25.937, 32.805, 21.841, 26.349, 37.481, 7.715, 0.0, 18.086, 24.107, 7.279, 15.715, 26.614, 27.401, 31.248, 30.445], [5.63, 21.505, 28.053, 13.89, 22.319, 16.579, 21.479, 0.0, 13.908, 16.938, 8.092, 23.041, 13.162, 13.77, 16.842], [9.183, 13.915, 16.591, 6.549, 17.768, 15.845, 19.641, 8.359, 0.0, 15.944, 8.715, 11.949, 7.543, 11.59, 10.719], [17.095, 22.994, 15.994, 16.427, 27.553, 8.068, 10.357, 10.559, 14.178, 0.0, 8.543, 17.675, 17.525, 21.5, 20.515], [8.769, 18.626, 19.982, 10.787, 21.76, 11.832, 16.211, 3.598, 9.325, 12.026, 0.0, 16.87, 11.214, 14.378, 14.889], [18.539, 5.613, 14.183, 9.573, 11.758, 28.157, 31.008, 21.525, 9.508, 28.148, 22.029, 0.0, 10.807, 13.505, 8.632], [6.535, 11.93, 26.414, 7.77, 10.714, 25.688, 30.227, 14.569, 9.859, 25.928, 16.612, 17.745, 0.0, 2.619, 7.442], [4.889, 13.361, 26.678, 8.222, 12.504, 24.377, 28.998, 13.111, 10.02, 24.635, 15.239, 18.477, 6.555, 0.0, 8.714], [14.523, 2.607, 21.563, 7.419, 4.365, 29.671, 33.443, 20.384, 9.325, 29.782, 21.706, 11.362, 7.216, 7.098, 0.0]]
big_M = 1000.0
planning_horizon = 24.0
penalty_weight = 100000.0
