# MTRSP-VS train | n15_m4_a35 seed=12
# n=15 m=4 T_max=24.0

num_tasks = 15
num_tugboats = 4
num_speed_levels = 3
task_max_tugs = [2, 1, 3, 1, 2, 2, 2, 1, 2, 2, 1, 1, 2, 1, 1]
task_min_horsepower = [4556.4, 2038.0, 5281.7, 2543.8, 3874.9, 4239.7, 3191.4, 2273.9, 3648.2, 3204.7, 2917.5, 2911.8, 4810.6, 1378.5, 2824.1]
task_time_window_lower = [5.894, 6.466, 0.182, 13.521, 18.038, 0.478, 16.307, 11.939, 11.115, 12.597, 19.832, 2.987, 18.192, 19.715, 13.877]
task_time_window_upper = [7.921, 11.548, 3.148, 15.681, 23.973, 4.492, 19.597, 17.267, 14.033, 16.506, 22.883, 8.564, 21.358, 22.828, 17.938]
task_service_distance = [6.332, 4.37, 5.791, 3.811, 3.373, 7.212, 5.531, 3.563, 6.107, 2.371, 5.98, 6.581, 4.782, 3.569, 7.051]
tugboat_horsepower = [2497.6, 2249.2, 2392.3, 3966.4]
tugboat_fuel_capacity = [6263.5, 7772.9, 6840.6, 6482.5]
tugboat_alpha = [0.1574, 0.1792, 0.1624, 0.165]
tugboat_beta = [0.0868, 0.0885, 0.0804, 0.0667]
speed_level_names = ['slow', 'medium', 'fast']
speed_values = [6.0, 10.0, 15.0]
speed_power_coefficients = [0.216, 1.0, 3.375]
depot_to_task_distance = [5.583, 17.672, 7.557, 12.59, 19.051, 6.61, 21.15, 23.133, 14.359, 17.147, 4.494, 16.922, 17.627, 9.015, 4.8]
task_to_depot_distance = [10.896, 17.652, 3.858, 10.167, 18.576, 2.892, 20.517, 22.179, 9.707, 19.427, 9.603, 17.671, 16.463, 11.904, 11.841]
task_to_task_distance = [[0.0, 25.053, 7.789, 19.931, 18.52, 16.347, 18.882, 14.912, 23.247, 26.436, 14.821, 27.811, 14.403, 5.657, 12.759], [20.205, 0.0, 25.209, 7.057, 19.602, 11.047, 22.97, 40.489, 3.316, 23.539, 13.262, 13.972, 35.155, 26.493, 13.894], [8.216, 20.947, 0.0, 16.04, 22.797, 9.52, 24.754, 21.671, 17.186, 14.709, 7.242, 16.898, 14.862, 8.045, 8.575], [12.83, 7.872, 17.716, 0.0, 16.579, 3.652, 19.722, 32.953, 4.23, 19.806, 5.93, 13.276, 27.763, 18.949, 6.424], [16.054, 12.436, 23.841, 11.03, 0.0, 15.858, 6.623, 34.634, 15.138, 33.504, 17.158, 27.579, 33.494, 23.479, 14.196], [8.346, 18.673, 7.985, 13.878, 21.727, 0.0, 23.939, 23.914, 14.799, 14.279, 4.952, 14.98, 17.293, 10.03, 6.88], [15.497, 22.803, 22.286, 19.672, 7.912, 21.431, 0.0, 27.822, 24.149, 37.578, 21.587, 34.582, 29.804, 20.781, 18.1], [18.901, 37.835, 15.52, 32.679, 29.968, 28.453, 29.396, 0.0, 35.775, 33.726, 26.591, 38.193, 11.891, 13.341, 25.182], [11.09, 8.101, 17.003, 2.902, 13.784, 4.394, 16.872, 31.606, 0.0, 21.883, 6.316, 16.096, 27.217, 17.879, 5.132], [24.83, 28.725, 21.125, 25.922, 37.302, 20.013, 39.907, 34.236, 23.864, 0.0, 18.893, 12.521, 24.642, 23.649, 22.25], [11.33, 8.09, 16.991, 3.019, 14.453, 3.938, 17.545, 31.772, 5.697, 21.304, 0.0, 15.423, 27.181, 17.959, 5.187], [23.253, 23.562, 21.469, 21.408, 33.787, 16.344, 36.653, 36.207, 18.748, 4.786, 15.816, 0.0, 27.232, 23.953, 19.305], [14.942, 33.605, 8.998, 28.377, 29.048, 23.06, 29.383, 7.194, 30.758, 25.923, 20.945, 31.211, 0.0, 7.632, 20.403], [8.894, 27.89, 6.093, 22.676, 22.483, 18.152, 22.892, 11.713, 25.552, 25.338, 16.289, 28.306, 10.44, 0.0, 14.966], [12.08, 7.127, 18.772, 2.561, 11.35, 7.178, 14.566, 32.657, 7.021, 24.693, 8.958, 18.547, 28.999, 19.343, 0.0]]
big_M = 1000.0
planning_horizon = 24.0
penalty_weight = 100000.0
