# MTRSP-VS train | n15_m4_a35 seed=36
# n=15 m=4 T_max=24.0

num_tasks = 15
num_tugboats = 4
num_speed_levels = 3
task_max_tugs = [1, 1, 1, 2, 1, 2, 3, 2, 1, 3, 2, 1, 3, 1, 1]
task_min_horsepower = [1170.2, 1419.8, 1710.7, 2850.6, 2080.5, 4763.5, 4839.9, 3250.3, 2795.7, 5493.1, 4217.1, 1751.2, 6455.0, 1276.0, 1213.8]
task_time_window_lower = [17.236, 14.674, 9.356, 7.573, 6.337, 7.142, 2.89, 2.28, 8.137, 18.241, 11.311, 12.348, 6.734, 12.218, 13.141]
task_time_window_upper = [22.237, 17.178, 12.571, 11.862, 10.942, 11.126, 6.585, 5.711, 12.622, 21.915, 13.937, 16.788, 11.776, 17.919, 15.44]
task_service_distance = [7.796, 3.002, 5.162, 7.137, 7.446, 4.443, 4.623, 4.927, 5.088, 7.647, 4.18, 7.935, 3.838, 7.696, 3.851]
tugboat_horsepower = [3858.4, 3309.4, 4039.7, 4773.4]
tugboat_fuel_capacity = [6983.2, 7062.1, 6040.1, 7020.9]
tugboat_alpha = [0.1569, 0.1571, 0.1626, 0.1661]
tugboat_beta = [0.0656, 0.073, 0.0594, 0.089]
speed_level_names = ['slow', 'medium', 'fast']
speed_values = [6.0, 10.0, 15.0]
speed_power_coefficients = [0.216, 1.0, 3.375]
depot_to_task_distance = [17.944, 16.592, 11.961, 3.057, 12.0, 13.179, 13.179, 12.059, 18.357, 10.216, 15.87, 8.858, 13.93, 10.127, 6.881]
task_to_depot_distance = [13.109, 13.614, 14.959, 8.781, 19.033, 17.536, 8.623, 7.267, 23.445, 2.577, 11.805, 12.48, 10.587, 17.761, 6.866]
task_to_task_distance = [[0.0, 9.35, 10.859, 10.443, 6.64, 19.208, 13.226, 15.804, 13.447, 17.247, 17.243, 20.709, 25.544, 20.112, 18.745], [15.248, 0.0, 17.133, 10.585, 13.459, 23.942, 19.466, 21.105, 20.829, 21.408, 10.197, 18.336, 27.511, 23.056, 16.706], [13.186, 24.777, 0.0, 15.527, 9.4, 6.27, 2.784, 3.52, 7.209, 7.212, 29.105, 23.09, 17.112, 11.503, 21.348], [20.971, 11.395, 18.498, 0.0, 16.568, 21.85, 20.346, 20.24, 24.131, 18.909, 7.103, 9.584, 21.65, 18.772, 8.307], [5.428, 21.47, 7.694, 17.975, 0.0, 15.602, 8.195, 12.106, 2.533, 15.606, 28.967, 27.89, 25.844, 19.911, 25.905], [21.394, 31.104, 12.633, 19.372, 16.924, 0.0, 10.528, 7.364, 15.223, 7.345, 33.266, 23.523, 12.383, 9.009, 22.266], [12.846, 19.841, 4.108, 9.172, 6.895, 7.053, 0.0, 4.144, 10.467, 5.101, 22.939, 17.071, 14.651, 8.718, 15.23], [14.109, 19.747, 5.663, 8.196, 7.998, 7.106, 6.164, 0.0, 12.055, 4.629, 22.109, 15.549, 13.458, 7.629, 13.735], [10.18, 26.601, 11.543, 22.737, 12.455, 17.324, 11.045, 14.429, 0.0, 18.167, 34.163, 32.25, 28.214, 22.523, 30.311], [17.474, 18.435, 10.389, 4.986, 11.298, 10.612, 11.261, 9.692, 16.869, 0.0, 18.419, 10.433, 12.182, 7.774, 8.606], [21.69, 9.483, 20.511, 9.767, 18.033, 24.682, 22.525, 22.816, 25.717, 21.774, 0.0, 12.379, 24.868, 21.884, 11.321], [26.986, 16.365, 23.72, 12.065, 22.3, 25.443, 25.322, 24.537, 29.689, 22.489, 7.755, 0.0, 22.565, 21.235, 8.02], [25.806, 27.156, 17.236, 13.64, 19.609, 11.519, 16.934, 13.513, 23.244, 9.783, 24.699, 11.126, 0.0, 5.601, 10.728], [25.718, 33.135, 16.516, 20.228, 20.532, 7.274, 14.797, 10.999, 20.235, 8.953, 33.56, 21.753, 8.175, 0.0, 20.91], [24.689, 22.016, 17.74, 9.506, 18.604, 15.532, 18.358, 16.014, 24.213, 12.873, 18.078, 4.431, 10.715, 10.221, 0.0]]
big_M = 1000.0
planning_horizon = 24.0
penalty_weight = 100000.0
