# MTRSP-VS train | n15_m4_a35 seed=7
# n=15 m=4 T_max=24.0

num_tasks = 15
num_tugboats = 4
num_speed_levels = 3
task_max_tugs = [1, 1, 1, 1, 1, 2, 1, 1, 1, 2, 2, 2, 2, 1, 2]
task_min_horsepower = [1627.5, 2188.7, 1912.4, 2889.4, 2328.3, 4253.7, 2986.2, 1569.2, 2337.3, 3654.2, 2792.7, 4420.6, 3119.0, 2742.8, 3623.0]
task_time_window_lower = [17.493, 16.176, 8.674, 18.183, 2.742, 4.94, 10.217, 5.161, 9.21, 11.623, 12.558, 12.314, 1.042, 14.353, 14.762]
task_time_window_upper = [21.691, 21.453, 11.788, 21.618, 8.573, 7.644, 13.15, 9.518, 11.226, 15.1, 18.371, 16.376, 5.747, 19.951, 20.26]
task_service_distance = [6.255, 3.29, 3.349, 3.619, 5.033, 7.292, 4.512, 6.195, 3.298, 4.571, 6.972, 5.626, 7.901, 3.76, 3.319]
tugboat_horsepower = [2896.4, 2873.3, 1862.4, 3720.0]
tugboat_fuel_capacity = [7969.3, 6881.3, 6219.9, 7201.5]
tugboat_alpha = [0.1441, 0.1627, 0.1615, 0.178]
tugboat_beta = [0.0745, 0.0528, 0.0583, 0.065]
speed_level_names = ['slow', 'medium', 'fast']
speed_values = [6.0, 10.0, 15.0]
speed_power_coefficients = [0.216, 1.0, 3.375]
depot_to_task_distance = [13.688, 4.866, 16.353, 11.741, 16.292, 23.015, 18.275, 11.534, 15.393, 6.804, 7.197, 9.328, 10.935, 9.445, 17.169]
task_to_depot_distance = [9.487, 5.262, 13.378, 15.145, 17.501, 17.282, 20.469, 17.12, 12.4, 5.428, 14.154, 5.16, 14.011, 11.381, 17.733]
task_to_task_distance = [[0.0, 5.1, 17.196, 21.015, 25.635, 18.367, 12.528, 16.275, 6.239, 9.757, 2.693, 14.715, 8.82, 18.616, 21.877], [8.447, 0.0, 14.382, 16.306, 21.526, 21.703, 13.462, 11.961, 11.084, 8.661, 2.189, 10.179, 10.384, 13.88, 17.724], [13.743, 15.211, 0.0, 16.061, 24.079, 33.734, 12.895, 4.022, 21.091, 19.785, 13.407, 5.403, 22.486, 14.171, 6.972], [27.539, 19.982, 22.374, 0.0, 6.53, 36.101, 30.235, 15.204, 30.536, 19.428, 22.02, 14.203, 24.585, 6.065, 16.785], [30.308, 22.25, 25.449, 6.523, 0.0, 37.404, 33.209, 18.283, 32.857, 21.075, 24.549, 17.264, 26.255, 8.9, 19.689], [21.314, 14.221, 31.729, 26.767, 26.595, 0.0, 27.704, 28.537, 14.715, 10.608, 16.608, 26.419, 6.98, 25.131, 34.305], [6.906, 17.458, 16.167, 30.019, 36.436, 27.335, 0.0, 20.364, 12.484, 22.598, 13.81, 20.173, 21.197, 27.61, 24.028], [21.636, 20.6, 9.655, 13.489, 21.625, 39.634, 20.906, 0.0, 28.38, 23.915, 19.915, 8.044, 27.746, 12.73, 1.559], [8.738, 7.545, 21.169, 24.139, 27.864, 14.584, 15.075, 20.336, 0.0, 10.299, 6.63, 18.709, 7.208, 21.818, 25.967], [11.275, 1.145, 18.75, 17.072, 20.649, 18.023, 17.102, 15.611, 10.452, 0.0, 4.557, 13.588, 6.191, 14.836, 21.416], [2.722, 10.274, 16.743, 25.093, 30.447, 20.626, 8.62, 18.042, 5.756, 15.033, 0.0, 17.019, 13.389, 22.646, 23.062], [10.916, 7.065, 11.253, 13.02, 19.478, 26.052, 14.145, 7.503, 15.436, 11.349, 6.551, 0.0, 14.345, 10.582, 13.306], [22.441, 12.868, 30.044, 21.332, 20.087, 14.07, 28.628, 25.513, 17.977, 7.555, 16.258, 23.289, 0.0, 20.061, 31.025], [21.485, 16.028, 15.026, 4.533, 12.797, 34.26, 23.378, 7.861, 25.923, 17.502, 17.013, 7.055, 22.2, 0.0, 10.092], [18.869, 20.225, 5.351, 17.155, 25.42, 38.968, 17.01, 6.325, 26.412, 24.419, 18.684, 8.547, 27.525, 15.868, 0.0]]
big_M = 1000.0
planning_horizon = 24.0
penalty_weight = 100000.0
