# MTRSP-VS train | n15_m4_a35 seed=20
# n=15 m=4 T_max=24.0

num_tasks = 15
num_tugboats = 4
num_speed_levels = 3
task_max_tugs = [1, 1, 1, 1, 1, 1, 2, 2, 1, 1, 3, 1, 2, 3, 2]
task_min_horsepower = [2985.3, 1229.7, 1004.0, 1630.7, 2905.1, 2525.8, 4168.4, 3638.1, 1146.2, 1186.5, 4257.8, 1602.0, 2567.9, 5519.9, 2559.5]
task_time_window_lower = [10.195, 6.697, 5.912, 4.458, 4.802, 11.541, 11.958, 0.065, 13.474, 17.263, 5.445, 6.126, 1.904, 18.357, 19.89]
task_time_window_upper = [14.861, 9.238, 8.416, 8.01, 7.592, 14.747, 17.503, 3.86, 16.228, 20.884, 11.08, 9.584, 6.61, 21.462, 23.383]
task_service_distance = [5.076, 7.525, 5.058, 4.351, 7.543, 7.028, 3.175, 4.417, 3.117, 4.188, 3.684, 3.765, 3.823, 7.98, 6.038]
tugboat_horsepower = [3118.8, 2885.7, 4429.2, 1847.8]
tugboat_fuel_capacity = [7401.8, 7058.5, 7845.2, 7094.1]
tugboat_alpha = [0.1787, 0.1686, 0.1472, 0.1518]
tugboat_beta = [0.0838, 0.054, 0.0893, 0.0516]
speed_level_names = ['slow', 'medium', 'fast']
speed_values = [6.0, 10.0, 15.0]
speed_power_coefficients = [0.216, 1.0, 3.375]
depot_to_task_distance = [15.622, 9.655, 11.85, 15.261, 12.044, 5.141, 14.871, 12.779, 17.829, 15.945, 8.622, 3.947, 3.052, 14.342, 14.485]
task_to_depot_distance = [17.702, 3.251, 14.012, 17.931, 14.06, 10.706, 12.776, 12.739, 20.687, 19.236, 10.312, 4.841, 6.718, 6.367, 18.199]
task_to_task_distance = [[0.0, 25.99, 20.642, 32.65, 29.145, 20.123, 32.149, 28.634, 33.391, 13.416, 15.729, 14.716, 16.339, 6.226, 28.016], [18.806, 0.0, 12.322, 12.111, 9.066, 5.174, 11.912, 10.673, 15.351, 18.214, 10.387, 6.776, 5.4, 17.493, 12.959], [19.438, 23.005, 0.0, 22.17, 18.593, 19.147, 26.47, 26.151, 19.457, 5.334, 5.423, 10.746, 10.988, 19.105, 13.145], [33.368, 12.556, 21.468, 0.0, 7.719, 17.144, 7.07, 12.586, 11.065, 30.643, 22.777, 21.092, 19.512, 32.0, 15.371], [28.984, 7.34, 20.286, 6.403, 0.0, 12.329, 2.56, 7.434, 13.643, 28.404, 20.386, 17.655, 16.191, 27.566, 16.02], [23.82, 1.157, 20.38, 11.957, 11.243, 0.0, 5.565, 2.334, 18.333, 26.528, 18.791, 14.652, 13.559, 22.347, 18.706], [26.305, 3.634, 21.574, 10.832, 10.901, 9.476, 0.0, 2.702, 17.722, 28.368, 20.493, 16.694, 15.485, 24.835, 18.948], [26.933, 4.559, 20.685, 9.104, 9.347, 10.079, 2.193, 0.0, 16.055, 27.962, 20.001, 16.572, 15.253, 25.482, 17.555], [35.276, 21.548, 15.933, 10.125, 10.264, 23.163, 19.047, 23.218, 0.0, 26.048, 20.05, 21.712, 20.238, 34.242, 7.785], [16.191, 28.891, 14.345, 30.79, 27.114, 23.795, 33.619, 32.008, 28.792, 0.0, 11.937, 15.291, 16.419, 16.61, 22.526], [19.97, 18.482, 1.686, 17.112, 13.506, 15.357, 21.487, 21.577, 15.035, 9.723, 0.0, 8.096, 7.616, 19.271, 8.995], [17.285, 13.396, 7.009, 15.039, 11.389, 9.874, 17.322, 16.547, 15.494, 12.578, 4.593, 0.0, 2.533, 16.272, 10.864], [13.716, 16.344, 8.087, 19.423, 15.778, 11.609, 21.093, 19.483, 19.573, 9.23, 2.99, 2.881, 0.0, 12.916, 14.357], [9.258, 14.269, 14.701, 21.627, 18.386, 8.439, 20.377, 17.038, 23.829, 14.333, 9.779, 5.137, 6.372, 0.0, 19.68], [32.93, 19.155, 14.217, 8.212, 7.854, 20.644, 17.035, 20.944, 0.862, 24.387, 17.995, 19.349, 17.847, 31.868, 0.0]]
big_M = 1000.0
planning_horizon = 24.0
penalty_weight = 100000.0
