# MTRSP-VS train | n15_m4_a35 seed=35
# n=15 m=4 T_max=24.0

num_tasks = 15
num_tugboats = 4
num_speed_levels = 3
task_max_tugs = [2, 2, 1, 2, 1, 1, 1, 2, 1, 1, 1, 1, 1, 1, 1]
task_min_horsepower = [4872.8, 2822.2, 2229.4, 3664.8, 1330.5, 1584.5, 1791.4, 3474.3, 2237.5, 1339.4, 1580.0, 1196.3, 1170.8, 1702.4, 2374.6]
task_time_window_lower = [0.069, 12.033, 15.035, 6.984, 2.997, 4.907, 5.705, 20.98, 9.446, 3.441, 12.94, 15.993, 1.816, 9.477, 12.763]
task_time_window_upper = [5.261, 17.569, 17.448, 12.223, 8.51, 8.729, 10.999, 23.977, 13.095, 8.247, 18.179, 19.967, 7.324, 15.32, 17.89]
task_service_distance = [6.737, 5.834, 3.832, 6.752, 6.608, 3.258, 3.821, 3.804, 3.399, 4.945, 5.517, 6.353, 4.289, 5.915, 3.09]
tugboat_horsepower = [2351.1, 4177.1, 4869.8, 2007.3]
tugboat_fuel_capacity = [7453.5, 7481.4, 7550.2, 7896.4]
tugboat_alpha = [0.1581, 0.1475, 0.1785, 0.1439]
tugboat_beta = [0.0897, 0.0714, 0.0584, 0.0779]
speed_level_names = ['slow', 'medium', 'fast']
speed_values = [6.0, 10.0, 15.0]
speed_power_coefficients = [0.216, 1.0, 3.375]
depot_to_task_distance = [8.933, 17.935, 17.471, 8.172, 23.377, 17.711, 13.476, 18.965, 14.419, 3.681, 16.654, 17.855, 14.715, 10.524, 14.848]
task_to_depot_distance = [7.195, 12.925, 18.499, 8.668, 16.773, 18.805, 10.648, 20.102, 17.504, 1.392, 11.375, 12.256, 17.583, 7.905, 11.841]
task_to_task_distance = [[0.0, 18.564, 11.637, 1.621, 23.002, 22.905, 19.952, 19.253, 8.438, 9.732, 12.92, 10.815, 21.763, 12.127, 8.209], [9.446, 0.0, 17.129, 16.936, 36.239, 10.015, 22.513, 31.874, 23.641, 15.97, 12.379, 21.231, 16.117, 23.448, 17.602], [9.73, 13.545, 0.0, 14.604, 36.003, 25.313, 31.897, 32.67, 17.946, 22.056, 2.93, 9.663, 29.628, 25.911, 7.662], [1.619, 13.463, 9.026, 0.0, 28.228, 19.877, 22.119, 24.365, 12.902, 12.21, 8.252, 11.015, 21.214, 16.78, 7.431], [23.249, 34.303, 27.542, 15.835, 0.0, 33.495, 17.404, 2.33, 14.353, 14.398, 29.821, 24.086, 26.62, 6.368, 23.424], [18.018, 11.206, 25.85, 24.749, 41.716, 0.0, 23.674, 37.172, 31.602, 20.753, 20.815, 29.997, 13.843, 28.78, 26.358], [19.571, 27.021, 27.863, 16.817, 19.843, 21.526, 0.0, 15.429, 20.783, 7.092, 27.292, 27.273, 12.858, 9.229, 24.778], [25.613, 37.09, 28.608, 17.661, 4.306, 37.275, 21.622, 0.0, 14.474, 18.124, 31.58, 24.448, 30.762, 10.162, 24.415], [17.885, 29.63, 16.969, 10.23, 17.556, 34.598, 26.675, 15.913, 0.0, 18.126, 21.336, 11.829, 31.919, 14.216, 12.973], [7.874, 16.544, 16.758, 8.409, 24.715, 16.725, 14.348, 20.323, 14.955, 0.0, 15.58, 17.574, 14.55, 11.895, 14.404], [2.748, 12.328, 6.83, 8.814, 30.538, 20.7, 24.777, 26.806, 14.176, 14.954, 0.0, 10.095, 23.206, 19.417, 6.461], [5.913, 16.445, 5.541, 6.668, 28.041, 24.424, 25.614, 24.672, 10.522, 15.403, 7.898, 0.0, 25.732, 18.104, 2.786], [21.877, 20.599, 31.274, 25.542, 36.808, 7.888, 15.34, 32.294, 32.002, 17.445, 27.539, 33.823, 0.0, 24.751, 30.288], [12.748, 24.102, 17.686, 5.591, 16.793, 25.615, 16.523, 12.859, 8.053, 7.705, 19.373, 15.435, 21.605, 0.0, 13.81], [6.749, 17.821, 6.732, 5.387, 26.495, 25.149, 24.992, 23.194, 8.924, 14.753, 9.509, 6.11, 25.798, 16.849, 0.0]]
big_M = 1000.0
planning_horizon = 24.0
penalty_weight = 100000.0
