# MTRSP-VS train | n15_m4_a35 seed=1
# n=15 m=4 T_max=24.0

num_tasks = 15
num_tugboats = 4
num_speed_levels = 3
task_max_tugs = [2, 1, 1, 1, 1, 1, 2, 1, 1, 1, 1, 1, 1, 1, 3]
task_min_horsepower = [3872.0, 2349.0, 1877.9, 2556.9, 1786.5, 1059.1, 4258.5, 2186.4, 1340.7, 2964.2, 2079.2, 1464.4, 2904.9, 1918.3, 5644.0]
task_time_window_lower = [0.104, 15.479, 13.666, 9.732, 8.417, 18.945, 3.941, 9.689, 7.12, 12.374, 8.957, 5.026, 12.444, 14.816, 15.359]
task_time_window_upper = [5.932, 20.613, 19.211, 14.969, 12.663, 21.169, 8.221, 13.708, 10.547, 16.528, 13.407, 7.138, 15.153, 20.26, 20.547]
task_service_distance = [5.344, 6.258, 4.411, 0.933, 7.507, 5.301, 3.145, 4.165, 4.449, 6.211, 3.604, 7.682, 4.517, 5.526, 3.781]
tugboat_horsepower = [2393.5, 1791.3, 3855.9, 4446.1]
tugboat_fuel_capacity = [7508.3, 6562.4, 6537.3, 7594.6]
tugboat_alpha = [0.1474, 0.1516, 0.1467, 0.1502]
tugboat_beta = [0.0881, 0.0763, 0.0759, 0.0618]
speed_level_names = ['slow', 'medium', 'fast']
speed_values = [6.0, 10.0, 15.0]
speed_power_coefficients = [0.216, 1.0, 3.375]
depot_to_task_distance = [17.653, 1.775, 21.785, 19.696, 18.248, 16.673, 10.287, 2.179, 9.944, 11.979, 21.352, 10.711, 12.999, 18.056, 18.614]
task_to_depot_distance = [21.809, 7.956, 22.142, 19.347, 17.151, 18.73, 9.37, 4.326, 5.495, 16.192, 22.046, 11.046, 8.501, 12.653, 18.321]
task_to_task_distance = [[0.0, 23.162, 34.029, 41.381, 4.008, 16.448, 20.461, 20.71, 19.178, 29.283, 30.648, 23.096, 27.141, 26.944, 26.706], [24.498, 0.0, 17.813, 12.378, 25.813, 20.218, 12.374, 8.463, 12.905, 14.351, 25.89, 16.525, 17.164, 23.308, 17.678], [26.151, 20.973, 0.0, 26.958, 30.229, 15.04, 13.227, 20.37, 14.362, 33.18, 43.489, 32.815, 35.003, 40.169, 4.718], [36.369, 17.839, 22.487, 0.0, 37.542, 31.258, 23.418, 20.244, 24.21, 19.8, 31.412, 24.897, 23.692, 30.059, 25.971], [11.727, 18.889, 35.64, 36.252, 0.0, 21.265, 21.227, 17.165, 19.983, 20.508, 19.862, 13.792, 17.587, 16.267, 29.629], [7.225, 19.286, 23.414, 35.954, 11.979, 0.0, 12.077, 16.776, 11.138, 29.689, 35.24, 25.262, 29.06, 31.363, 15.726], [12.281, 9.448, 17.561, 25.7, 15.215, 7.327, 0.0, 7.207, 1.847, 21.239, 29.278, 18.499, 21.648, 25.603, 11.657], [13.802, 5.953, 24.029, 24.009, 13.986, 15.149, 10.633, 0.0, 9.793, 13.639, 20.781, 10.022, 13.372, 17.114, 19.557], [14.919, 5.36, 17.982, 22.125, 16.894, 11.402, 4.875, 3.328, 0.0, 17.474, 26.344, 15.531, 18.287, 22.836, 13.599], [27.414, 17.236, 37.36, 25.623, 25.021, 31.484, 26.318, 18.198, 25.755, 0.0, 5.746, 6.505, 3.205, 4.51, 34.806], [28.471, 23.446, 43.807, 33.741, 24.943, 35.094, 31.37, 23.718, 30.553, 14.223, 0.0, 11.346, 10.515, 4.158, 40.238], [13.817, 12.821, 31.424, 29.591, 11.424, 20.009, 17.524, 11.585, 16.466, 14.109, 16.345, 0.0, 11.72, 12.465, 26.426], [22.215, 9.518, 29.742, 21.077, 20.96, 24.405, 18.721, 10.562, 18.246, 4.423, 13.113, 3.793, 0.0, 10.241, 27.101], [21.704, 14.089, 34.428, 26.616, 19.288, 26.467, 22.105, 14.331, 21.36, 7.853, 9.194, 2.03, 4.303, 0.0, 30.912], [18.2, 17.721, 11.563, 29.256, 22.48, 6.928, 8.046, 16.208, 8.643, 30.234, 39.134, 28.317, 31.201, 35.519, 0.0]]
big_M = 1000.0
planning_horizon = 24.0
penalty_weight = 100000.0
