# MTRSP-VS train | n15_m4_a35 seed=3
# n=15 m=4 T_max=24.0

num_tasks = 15
num_tugboats = 4
num_speed_levels = 3
task_max_tugs = [1, 1, 3, 1, 2, 1, 3, 1, 1, 1, 1, 1, 1, 1, 2]
task_min_horsepower = [1422.2, 2147.1, 4190.4, 2979.6, 4501.5, 1301.5, 6306.4, 1088.4, 1089.9, 1661.9, 2961.3, 2997.0, 1153.9, 1062.8, 3519.8]
task_time_window_lower = [3.055, 18.944, 19.887, 6.956, 10.484, 11.57, 12.256, 9.247, 14.604, 6.338, 9.427, 0.227, 11.796, 13.498, 1.17]
task_time_window_upper = [7.497, 21.114, 23.142, 12.543, 14.325, 16.146, 16.493, 15.009, 18.329, 9.288, 15.338, 4.421, 15.457, 15.578, 5.699]
task_service_distance = [4.85, 2.797, 7.978, 6.195, 5.616, 6.133, 7.328, 6.571, 5.223, 3.68, 6.133, 4.755, 6.41, 3.316, 7.523]
tugboat_horsepower = [3877.5, 3695.7, 2734.0, 3131.9]
tugboat_fuel_capacity = [6044.4, 6121.2, 7352.0, 7926.6]
tugboat_alpha = [0.15, 0.1583, 0.1637, 0.1528]
tugboat_beta = [0.0646, 0.0625, 0.0648, 0.0738]
speed_level_names = ['slow', 'medium', 'fast']
speed_values = [6.0, 10.0, 15.0]
speed_power_coefficients = [0.216, 1.0, 3.375]
depot_to_task_distance = [9.301, 15.83, 12.546, 11.805, 13.719, 16.396, 17.827, 15.312, 11.155, 19.348, 16.444, 4.003, 14.451, 21.235, 20.586]
task_to_depot_distance = [13.098, 18.501, 18.043, 15.96, 8.507, 17.502, 20.76, 16.831, 8.549, 17.507, 14.8, 7.477, 14.343, 23.56, 14.323]
task_to_task_distance = [[0.0, 22.232, 9.142, 24.806, 22.776, 23.537, 16.196, 25.349, 15.156, 29.187, 29.327, 13.528, 22.288, 31.551, 31.138], [24.352, 0.0, 16.593, 17.644, 30.409, 2.241, 13.003, 30.803, 29.655, 8.02, 18.41, 14.678, 31.794, 35.283, 34.405], [11.746, 21.944, 0.0, 28.896, 29.473, 23.473, 12.67, 31.88, 22.25, 30.181, 33.029, 16.952, 29.18, 38.09, 37.604], [24.712, 22.305, 27.379, 0.0, 13.763, 21.609, 30.407, 11.916, 20.098, 18.412, 6.495, 17.219, 15.936, 13.311, 12.379], [14.74, 22.481, 20.961, 10.949, 0.0, 22.589, 26.275, 6.809, 8.719, 23.123, 15.217, 12.012, 7.027, 12.776, 12.174], [21.269, 4.706, 11.966, 20.246, 30.703, 0.0, 7.327, 31.629, 28.311, 13.411, 22.115, 13.505, 31.758, 36.762, 35.944], [17.447, 18.576, 8.218, 29.65, 33.819, 20.176, 0.0, 35.843, 27.76, 27.458, 33.099, 18.249, 33.949, 41.914, 41.302], [24.185, 26.903, 29.249, 11.086, 9.141, 26.459, 33.477, 0.0, 17.119, 24.223, 12.692, 19.324, 11.231, 7.117, 6.183], [12.409, 23.907, 20.176, 14.142, 5.687, 24.229, 26.169, 8.098, 0.0, 25.621, 18.567, 12.5, 5.958, 14.306, 13.886], [26.127, 10.713, 22.472, 9.917, 25.151, 9.331, 21.795, 24.583, 27.476, 0.0, 8.561, 15.219, 27.008, 27.716, 26.787], [23.618, 21.268, 26.173, 5.114, 13.391, 20.616, 29.229, 11.766, 19.326, 17.71, 0.0, 16.014, 15.547, 13.728, 12.794], [9.586, 12.047, 5.415, 16.584, 21.111, 13.227, 10.473, 22.788, 16.949, 18.741, 20.56, 0.0, 21.655, 28.69, 28.023], [20.424, 26.936, 26.866, 12.581, 4.282, 26.778, 31.915, 2.163, 12.436, 25.868, 15.573, 17.556, 0.0, 6.908, 6.244], [29.61, 34.628, 36.106, 18.759, 11.981, 34.186, 40.827, 9.157, 20.662, 31.689, 19.741, 26.513, 13.257, 0.0, 3.387], [18.906, 28.338, 26.528, 15.154, 1.098, 28.357, 32.149, 1.869, 9.814, 28.192, 18.579, 17.968, 3.036, 7.829, 0.0]]
big_M = 1000.0
planning_horizon = 24.0
penalty_weight = 100000.0
