# MTRSP-VS train | n15_m4_a35 seed=34
# n=15 m=4 T_max=24.0

num_tasks = 15
num_tugboats = 4
num_speed_levels = 3
task_max_tugs = [1, 1, 1, 1, 1, 2, 1, 1, 1, 3, 1, 1, 3, 1, 1]
task_min_horsepower = [1454.9, 1618.9, 2789.4, 2931.3, 2741.6, 4335.2, 1641.7, 2483.5, 1726.8, 6802.0, 1519.9, 1115.5, 5504.3, 2716.3, 2526.2]
task_time_window_lower = [14.573, 2.774, 18.002, 16.709, 2.667, 11.96, 5.007, 13.371, 13.639, 11.209, 9.155, 9.425, 7.85, 8.518, 5.577]
task_time_window_upper = [17.581, 8.759, 23.733, 20.181, 8.621, 15.819, 10.183, 18.378, 19.07, 16.653, 13.328, 13.052, 11.823, 11.099, 11.357]
task_service_distance = [7.217, 7.744, 5.558, 6.882, 3.321, 7.669, 4.569, 5.866, 7.076, 4.404, 6.618, 7.327, 5.002, 4.169, 2.458]
tugboat_horsepower = [4939.6, 2262.7, 4413.6, 3087.1]
tugboat_fuel_capacity = [7507.2, 7241.9, 6240.7, 6471.6]
tugboat_alpha = [0.1689, 0.1654, 0.1669, 0.1512]
tugboat_beta = [0.0852, 0.0811, 0.0694, 0.0842]
speed_level_names = ['slow', 'medium', 'fast']
speed_values = [6.0, 10.0, 15.0]
speed_power_coefficients = [0.216, 1.0, 3.375]
depot_to_task_distance = [3.167, 14.19, 15.729, 8.799, 21.104, 15.851, 8.713, 3.952, 9.198, 13.955, 16.151, 11.149, 18.81, 15.126, 16.655]
task_to_depot_distance = [6.936, 6.603, 10.27, 8.349, 24.209, 8.387, 6.686, 8.149, 15.111, 18.315, 22.02, 15.94, 17.842, 14.633, 19.064]
task_to_task_distance = [[0.0, 7.411, 18.744, 15.595, 25.518, 12.839, 6.326, 7.522, 12.096, 12.343, 21.197, 5.118, 18.176, 20.801, 22.654], [6.896, 0.0, 18.592, 15.259, 25.315, 12.867, 6.338, 7.213, 11.918, 12.287, 20.901, 5.391, 18.097, 20.535, 22.376], [13.435, 17.711, 0.0, 14.122, 12.259, 25.402, 8.75, 14.218, 1.269, 23.941, 24.174, 13.941, 29.045, 9.425, 11.735], [10.657, 21.234, 11.226, 0.0, 14.042, 23.853, 13.277, 11.276, 7.734, 21.579, 17.264, 17.648, 25.614, 7.065, 8.343], [27.055, 33.124, 11.013, 22.725, 0.0, 40.053, 24.204, 27.758, 16.82, 38.084, 32.524, 29.396, 42.397, 9.976, 10.0], [5.548, 13.771, 23.951, 13.505, 29.479, 0.0, 13.75, 4.926, 17.239, 5.571, 15.118, 12.744, 10.805, 23.217, 24.497], [7.736, 7.575, 17.089, 15.485, 24.001, 14.614, 0.0, 8.191, 10.518, 14.049, 21.897, 4.507, 19.845, 19.594, 21.535], [6.208, 20.672, 21.902, 5.797, 25.372, 15.5, 16.807, 0.0, 16.255, 12.526, 8.042, 18.37, 15.044, 18.058, 18.643], [18.161, 23.456, 2.827, 16.152, 6.432, 30.774, 14.505, 18.915, 0.0, 29.057, 26.535, 19.704, 33.813, 5.99, 8.161], [15.428, 18.65, 33.744, 22.243, 39.41, 3.347, 22.331, 14.745, 26.98, 0.0, 19.573, 19.527, 4.608, 33.039, 34.191], [20.419, 34.779, 32.368, 14.684, 32.876, 26.174, 30.717, 20.053, 28.398, 23.033, 0.0, 32.581, 21.808, 25.37, 24.582], [15.542, 4.004, 25.911, 24.382, 33.312, 12.755, 12.45, 15.573, 19.877, 14.405, 28.31, 0.0, 19.85, 29.455, 31.435], [14.707, 24.34, 33.311, 17.755, 37.442, 10.91, 24.816, 13.928, 27.012, 8.414, 11.542, 23.852, 0.0, 30.204, 30.765], [16.613, 27.502, 12.658, 9.924, 11.492, 29.69, 19.201, 17.137, 12.466, 27.184, 19.258, 23.85, 30.596, 0.0, 3.301], [21.314, 31.006, 12.601, 14.927, 8.361, 34.479, 22.286, 21.887, 14.888, 32.059, 23.956, 27.256, 35.59, 4.591, 0.0]]
big_M = 1000.0
planning_horizon = 24.0
penalty_weight = 100000.0
