# MTRSP-VS train | n15_m4_a35 seed=19
# n=15 m=4 T_max=24.0

num_tasks = 15
num_tugboats = 4
num_speed_levels = 3
task_max_tugs = [3, 1, 1, 2, 1, 2, 1, 2, 3, 2, 1, 1, 1, 1, 2]
task_min_horsepower = [5210.3, 1922.1, 2354.7, 3023.0, 2504.1, 2666.2, 2312.9, 3591.9, 4255.3, 3214.6, 1224.4, 2757.5, 1136.0, 2267.7, 3461.7]
task_time_window_lower = [18.423, 10.413, 18.829, 10.772, 16.85, 4.082, 11.109, 2.581, 10.617, 18.534, 18.248, 13.241, 10.527, 9.705, 18.481]
task_time_window_upper = [23.033, 16.129, 23.184, 13.615, 19.097, 8.697, 13.897, 7.588, 13.911, 21.579, 23.148, 17.805, 13.669, 13.422, 20.73]
task_service_distance = [5.602, 2.655, 4.637, 4.228, 4.013, 7.015, 5.39, 7.574, 4.164, 4.951, 6.527, 3.599, 7.481, 3.129, 4.315]
tugboat_horsepower = [2040.5, 3104.2, 3295.3, 4755.1]
tugboat_fuel_capacity = [7391.8, 7372.3, 6659.2, 6374.2]
tugboat_alpha = [0.1744, 0.1533, 0.1688, 0.1654]
tugboat_beta = [0.0764, 0.068, 0.0747, 0.0849]
speed_level_names = ['slow', 'medium', 'fast']
speed_values = [6.0, 10.0, 15.0]
speed_power_coefficients = [0.216, 1.0, 3.375]
depot_to_task_distance = [11.742, 17.783, 11.842, 15.029, 18.296, 9.055, 16.134, 8.953, 18.89, 13.301, 14.527, 1.743, 4.582, 16.327, 15.311]
task_to_depot_distance = [9.587, 17.533, 9.653, 19.253, 21.528, 15.392, 21.275, 16.487, 15.98, 18.249, 17.418, 5.17, 11.319, 13.272, 14.733]
task_to_task_distance = [[0.0, 8.943, 20.07, 21.248, 26.961, 4.723, 14.72, 17.317, 11.499, 7.551, 23.713, 10.51, 14.163, 22.641, 14.333], [10.467, 0.0, 26.891, 26.787, 33.845, 9.747, 16.072, 25.409, 11.407, 11.506, 31.816, 18.216, 22.109, 30.263, 16.168], [20.409, 21.785, 0.0, 5.38, 11.353, 12.946, 12.831, 14.786, 27.415, 22.219, 16.68, 7.91, 8.922, 23.133, 11.902], [29.76, 28.908, 9.145, 0.0, 9.936, 21.151, 16.381, 23.062, 36.609, 31.63, 22.678, 17.51, 17.838, 31.182, 15.722], [33.159, 35.103, 9.728, 9.989, 0.0, 26.393, 24.061, 21.818, 40.296, 34.807, 18.869, 19.953, 18.361, 28.882, 23.276], [16.225, 8.371, 20.209, 18.272, 26.791, 0.0, 5.577, 24.342, 20.562, 18.065, 29.347, 15.0, 19.125, 31.383, 5.824], [23.795, 14.755, 22.429, 18.592, 28.024, 14.155, 0.0, 29.948, 27.976, 25.645, 33.959, 20.422, 24.178, 37.598, 6.323], [23.763, 33.616, 18.456, 24.259, 19.842, 25.469, 31.797, 0.0, 29.482, 24.165, 4.932, 16.893, 12.973, 6.35, 30.889], [4.747, 10.3, 27.322, 28.843, 34.092, 12.055, 21.336, 21.763, 0.0, 4.57, 28.613, 17.294, 20.279, 24.793, 21.133], [6.706, 15.322, 30.041, 32.312, 36.528, 16.393, 26.098, 22.131, 1.883, 0.0, 29.0, 19.807, 22.031, 23.388, 25.822], [23.998, 34.242, 19.984, 25.773, 21.435, 26.31, 32.967, 8.466, 29.448, 24.271, 0.0, 17.946, 14.147, 5.368, 32.069], [15.292, 17.709, 8.73, 10.373, 15.676, 8.527, 12.1, 12.666, 22.303, 17.112, 16.618, 0.0, 6.735, 20.731, 11.193], [20.169, 28.895, 13.467, 19.154, 16.178, 20.373, 26.277, 3.176, 26.568, 20.945, 3.72, 11.517, 0.0, 8.768, 25.366], [17.511, 28.495, 19.864, 25.174, 23.392, 21.388, 29.405, 5.901, 22.658, 17.609, 9.978, 14.354, 11.633, 0.0, 28.576], [16.739, 9.831, 18.809, 16.714, 25.321, 6.969, 4.186, 23.64, 21.495, 18.636, 28.395, 14.183, 18.235, 30.913, 0.0]]
big_M = 1000.0
planning_horizon = 24.0
penalty_weight = 100000.0
