# MTRSP-VS train | n15_m4_a35 seed=29
# n=15 m=4 T_max=24.0

num_tasks = 15
num_tugboats = 4
num_speed_levels = 3
task_max_tugs = [2, 1, 2, 1, 1, 1, 1, 1, 2, 1, 2, 1, 2, 2, 1]
task_min_horsepower = [4809.4, 1271.8, 4789.9, 2739.3, 2519.6, 1014.8, 2764.4, 2029.6, 2935.9, 1461.2, 2981.7, 1253.7, 2913.6, 4458.8, 1403.5]
task_time_window_lower = [17.056, 7.01, 14.076, 15.493, 6.205, 15.098, 7.015, 18.457, 14.045, 7.665, 17.9, 7.541, 7.37, 12.996, 5.85]
task_time_window_upper = [21.592, 9.985, 19.601, 19.978, 10.497, 19.838, 9.236, 21.634, 17.197, 11.404, 21.9, 12.174, 9.972, 16.88, 11.844]
task_service_distance = [7.224, 5.077, 4.124, 6.039, 3.852, 5.813, 5.559, 5.579, 6.226, 3.496, 3.75, 4.853, 3.538, 7.837, 1.423]
tugboat_horsepower = [3050.3, 4790.4, 2277.6, 4687.7]
tugboat_fuel_capacity = [7736.5, 7025.1, 6679.6, 6351.8]
tugboat_alpha = [0.1781, 0.1582, 0.1652, 0.1769]
tugboat_beta = [0.0791, 0.0777, 0.0522, 0.0872]
speed_level_names = ['slow', 'medium', 'fast']
speed_values = [6.0, 10.0, 15.0]
speed_power_coefficients = [0.216, 1.0, 3.375]
depot_to_task_distance = [5.653, 5.478, 14.004, 18.45, 8.275, 10.739, 9.318, 10.49, 9.489, 10.545, 13.459, 15.494, 15.28, 14.856, 19.288]
task_to_depot_distance = [1.618, 8.276, 16.345, 12.548, 4.551, 15.785, 7.308, 5.379, 7.889, 11.144, 11.586, 19.151, 17.926, 12.38, 20.711]
task_to_task_distance = [[0.0, 7.095, 14.268, 19.082, 8.825, 9.191, 10.624, 8.942, 9.149, 9.102, 14.971, 15.897, 13.664, 14.217, 20.24], [3.795, 0.0, 19.729, 12.089, 5.201, 18.639, 1.042, 18.39, 10.02, 16.048, 11.853, 20.627, 22.503, 15.362, 11.642], [19.213, 18.01, 0.0, 34.538, 24.567, 15.774, 23.917, 15.725, 25.323, 22.034, 18.235, 5.127, 20.486, 29.927, 34.627], [10.745, 12.053, 26.064, 0.0, 4.278, 20.338, 7.286, 20.116, 6.882, 15.08, 19.354, 27.252, 22.636, 10.064, 8.355], [5.848, 6.65, 18.483, 14.109, 0.0, 13.087, 6.937, 12.845, 5.561, 10.006, 15.383, 19.889, 16.545, 11.24, 15.449], [21.337, 21.263, 21.684, 28.685, 19.917, 0.0, 23.954, 6.002, 16.328, 8.11, 28.56, 23.719, 0.513, 16.873, 31.434], [6.641, 7.797, 21.003, 11.214, 0.968, 15.727, 0.0, 15.491, 5.002, 11.692, 16.139, 22.295, 18.767, 10.451, 12.651], [10.909, 10.471, 12.563, 22.99, 12.762, 5.812, 14.676, 0.0, 12.108, 8.897, 17.142, 14.456, 10.96, 16.36, 24.324], [12.409, 12.791, 19.898, 18.54, 9.544, 8.012, 14.004, 7.829, 0.0, 2.913, 21.267, 21.722, 9.905, 9.111, 21.064], [14.888, 15.503, 23.597, 17.54, 10.24, 10.742, 15.478, 10.611, 5.563, 0.0, 24.189, 25.416, 10.949, 5.93, 20.713], [9.296, 8.093, 10.424, 24.378, 16.592, 20.018, 12.981, 19.807, 20.047, 22.008, 0.0, 10.269, 25.313, 25.729, 22.982], [19.332, 18.011, 6.88, 35.002, 26.245, 22.997, 23.596, 22.875, 28.613, 27.81, 13.739, 0.0, 28.219, 33.987, 33.892], [23.564, 23.356, 21.849, 31.727, 22.742, 7.286, 26.504, 7.525, 19.354, 11.182, 30.141, 23.861, 0.0, 20.006, 34.368], [11.603, 12.854, 26.244, 7.246, 4.405, 19.108, 8.833, 18.898, 5.137, 13.365, 20.692, 27.564, 20.999, 0.0, 10.273], [16.805, 18.033, 32.674, 5.103, 13.198, 29.73, 12.103, 29.499, 16.493, 24.711, 22.201, 33.429, 32.263, 18.568, 0.0]]
big_M = 1000.0
planning_horizon = 24.0
penalty_weight = 100000.0
