# MTRSP-VS train | n15_m4_a35 seed=17
# n=15 m=4 T_max=24.0

num_tasks = 15
num_tugboats = 4
num_speed_levels = 3
task_max_tugs = [2, 2, 1, 1, 1, 1, 1, 1, 1, 1, 1, 2, 1, 1, 2]
task_min_horsepower = [3602.4, 3819.3, 1447.1, 2232.1, 1425.5, 2193.1, 1469.5, 1569.8, 1508.4, 2414.5, 1256.8, 3302.2, 2273.9, 2323.5, 4053.7]
task_time_window_lower = [14.473, 5.133, 0.483, 15.459, 5.897, 10.504, 4.091, 14.267, 12.629, 3.571, 0.486, 5.33, 12.298, 1.309, 10.355]
task_time_window_upper = [17.86, 10.354, 6.176, 20.862, 9.113, 15.333, 6.812, 18.998, 15.236, 5.703, 3.192, 10.408, 15.63, 5.139, 13.41]
task_service_distance = [3.148, 4.65, 6.697, 2.451, 4.217, 3.458, 5.937, 5.497, 4.466, 4.242, 4.978, 5.448, 6.043, 4.07, 3.015]
tugboat_horsepower = [2093.0, 3902.5, 3851.8, 2042.2]
tugboat_fuel_capacity = [7709.8, 7140.0, 7444.6, 6904.4]
tugboat_alpha = [0.144, 0.1611, 0.1688, 0.154]
tugboat_beta = [0.058, 0.0592, 0.0509, 0.0862]
speed_level_names = ['slow', 'medium', 'fast']
speed_values = [6.0, 10.0, 15.0]
speed_power_coefficients = [0.216, 1.0, 3.375]
depot_to_task_distance = [18.028, 19.654, 11.083, 15.121, 5.189, 14.361, 14.884, 6.228, 13.72, 13.82, 17.714, 5.82, 20.594, 17.442, 17.015]
task_to_depot_distance = [20.444, 15.648, 15.142, 17.514, 7.93, 17.424, 13.762, 2.824, 13.55, 17.528, 13.335, 3.95, 14.691, 17.867, 14.721]
task_to_task_distance = [[0.0, 10.452, 23.852, 9.78, 15.265, 7.944, 34.328, 18.771, 9.044, 31.411, 29.887, 15.033, 22.571, 36.234, 36.436], [8.59, 0.0, 22.796, 12.868, 10.891, 1.886, 27.662, 16.661, 10.965, 28.737, 21.606, 11.869, 25.68, 32.92, 32.638], [17.7, 26.806, 0.0, 11.053, 14.488, 20.313, 28.017, 8.939, 12.044, 14.985, 32.79, 12.382, 5.536, 20.163, 21.4], [7.051, 18.394, 16.239, 0.0, 13.392, 12.79, 32.396, 13.083, 4.373, 24.646, 32.15, 11.838, 12.707, 29.816, 30.516], [12.748, 11.731, 16.966, 12.954, 0.0, 6.994, 20.094, 10.724, 10.929, 21.552, 16.879, 6.152, 23.159, 25.369, 24.924], [8.894, 3.214, 24.473, 13.9, 12.67, 0.0, 29.223, 18.377, 12.108, 30.508, 22.567, 13.609, 26.906, 34.702, 34.418], [31.786, 31.977, 17.762, 28.314, 18.921, 27.638, 0.0, 17.597, 27.194, 12.14, 18.978, 19.457, 29.576, 10.798, 8.831], [19.66, 22.296, 8.889, 15.892, 7.351, 16.75, 14.657, 0.0, 14.791, 11.005, 19.628, 7.262, 19.383, 14.786, 14.512], [4.613, 10.895, 17.742, 6.396, 8.393, 4.704, 27.722, 12.164, 0.0, 24.804, 24.908, 8.135, 19.23, 29.496, 29.609], [30.531, 36.268, 9.815, 24.574, 21.086, 30.125, 21.635, 15.236, 24.661, 0.0, 32.29, 19.931, 18.569, 6.543, 8.573], [24.228, 18.266, 24.364, 24.787, 14.395, 17.241, 13.804, 19.302, 22.801, 24.996, 0.0, 16.46, 33.475, 26.735, 25.375], [15.912, 15.894, 14.324, 14.475, 3.548, 11.072, 16.43, 8.53, 12.703, 17.768, 15.897, 0.0, 22.425, 21.321, 20.786], [17.796, 26.713, 6.161, 11.176, 14.17, 20.209, 27.487, 8.507, 12.081, 14.481, 32.359, 12.077, 0.0, 19.668, 20.887], [32.086, 37.105, 11.625, 26.358, 21.887, 31.136, 20.06, 16.459, 26.282, 4.053, 31.468, 20.95, 21.079, 0.0, 6.201], [31.926, 34.24, 14.486, 27.383, 19.745, 29.074, 11.934, 16.413, 26.671, 7.005, 24.369, 19.625, 26.017, 4.809, 0.0]]
big_M = 1000.0
planning_horizon = 24.0
penalty_weight = 100000.0
