# MTRSP-VS train | n15_m4_a35 seed=42
# n=15 m=4 T_max=24.0

num_tasks = 15
num_tugboats = 4
num_speed_levels = 3
task_max_tugs = [1, 1, 1, 3, 1, 3, 1, 1, 1, 3, 1, 1, 1, 1, 2]
task_min_horsepower = [2280.0, 2369.2, 2552.0, 4096.3, 1535.5, 6828.7, 1629.4, 1791.3, 1917.7, 4739.9, 1525.5, 2795.6, 1438.6, 2019.1, 2617.8]
task_time_window_lower = [13.529, 7.95, 8.299, 9.532, 15.594, 15.823, 10.349, 13.417, 9.371, 19.253, 4.872, 3.573, 15.974, 13.294, 2.99]
task_time_window_upper = [15.967, 13.118, 10.553, 15.517, 21.478, 17.869, 15.076, 16.484, 11.817, 23.068, 10.375, 7.575, 21.624, 16.488, 7.426]
task_service_distance = [4.375, 7.461, 4.093, 1.974, 7.047, 4.701, 2.481, 7.036, 4.893, 7.309, 4.139, 3.505, 4.851, 6.24, 3.817]
tugboat_horsepower = [3356.2, 4168.8, 3387.8, 4225.2]
tugboat_fuel_capacity = [6977.2, 6223.7, 6726.0, 7970.6]
tugboat_alpha = [0.1723, 0.1496, 0.1496, 0.1627]
tugboat_beta = [0.0532, 0.0793, 0.0826, 0.0891]
speed_level_names = ['slow', 'medium', 'fast']
speed_values = [6.0, 10.0, 15.0]
speed_power_coefficients = [0.216, 1.0, 3.375]
depot_to_task_distance = [17.326, 10.332, 16.682, 19.64, 10.271, 12.754, 16.994, 12.693, 16.608, 12.253, 17.434, 17.429, 6.703, 17.323, 14.028]
task_to_depot_distance = [13.53, 17.773, 17.943, 21.38, 4.378, 17.179, 17.895, 11.756, 15.361, 5.12, 13.378, 16.417, 5.97, 17.235, 17.812]
task_to_task_distance = [[0.0, 18.687, 9.319, 22.255, 21.802, 19.908, 12.304, 17.235, 29.195, 17.49, 3.904, 20.534, 7.63, 30.839, 26.581], [28.418, 0.0, 31.708, 37.407, 25.402, 5.035, 15.837, 6.895, 14.878, 6.686, 27.016, 35.197, 17.8, 23.398, 26.241], [11.704, 27.33, 0.0, 11.475, 19.94, 29.34, 25.285, 27.74, 34.127, 27.696, 14.001, 10.705, 16.573, 31.906, 25.056], [22.797, 31.709, 15.346, 0.0, 17.23, 34.128, 34.139, 33.661, 34.41, 33.356, 24.923, 4.048, 23.495, 29.106, 21.167], [21.438, 11.363, 19.869, 19.644, 0.0, 13.901, 20.851, 14.907, 13.745, 14.291, 21.7, 17.495, 11.065, 13.047, 9.904], [28.728, 6.868, 31.667, 36.757, 24.37, 0.0, 16.764, 7.296, 13.357, 6.922, 27.431, 34.55, 17.773, 21.946, 25.003], [18.034, 13.55, 23.897, 34.743, 28.135, 12.656, 0.0, 9.101, 25.992, 9.894, 15.958, 32.692, 12.789, 31.94, 31.303], [14.734, 9.991, 19.18, 28.754, 22.026, 10.299, 5.294, 0.0, 22.278, 7.501, 13.203, 26.661, 6.665, 26.915, 25.458], [32.67, 14.596, 31.451, 28.742, 13.489, 16.211, 28.353, 19.238, 0.0, 18.421, 32.628, 26.853, 21.323, 4.799, 10.719], [17.36, 6.325, 18.878, 24.4, 15.043, 8.38, 12.698, 7.664, 16.274, 0.0, 16.762, 22.198, 5.474, 19.66, 18.107], [4.908, 18.192, 9.988, 22.757, 21.886, 19.362, 11.625, 16.639, 28.857, 16.911, 0.0, 21.006, 7.287, 30.7, 26.605], [22.87, 26.512, 16.428, 4.805, 10.588, 29.017, 31.323, 29.088, 27.922, 28.668, 24.602, 0.0, 20.103, 22.363, 14.433], [16.624, 6.634, 18.585, 24.869, 16.068, 8.426, 11.53, 7.197, 17.248, 6.958, 15.905, 22.679, 0.0, 20.838, 19.247], [33.177, 21.876, 29.62, 22.164, 8.809, 24.094, 33.631, 26.301, 15.182, 25.546, 33.87, 20.755, 23.927, 0.0, 3.626], [33.327, 22.996, 29.458, 21.306, 8.761, 25.261, 34.423, 27.36, 16.639, 26.617, 34.119, 19.999, 24.466, 7.687, 0.0]]
big_M = 1000.0
planning_horizon = 24.0
penalty_weight = 100000.0
