# MTRSP-VS train | n15_m4_a35 seed=30
# n=15 m=4 T_max=24.0

num_tasks = 15
num_tugboats = 4
num_speed_levels = 3
task_max_tugs = [1, 1, 3, 1, 1, 1, 1, 1, 1, 1, 1, 1, 2, 2, 3]
task_min_horsepower = [2656.0, 1840.3, 4640.0, 1863.5, 2240.1, 1760.3, 1764.6, 2287.6, 1746.4, 2442.5, 2057.5, 2378.6, 3336.5, 3882.0, 5175.3]
task_time_window_lower = [11.977, 9.675, 18.088, 17.02, 17.236, 18.602, 1.497, 15.345, 12.257, 2.869, 19.746, 15.539, 14.585, 17.641, 9.875]
task_time_window_upper = [17.127, 11.823, 20.115, 21.006, 20.295, 21.157, 5.056, 21.006, 15.031, 6.774, 23.447, 19.062, 19.626, 22.09, 13.243]
task_service_distance = [3.15, 4.986, 0.54, 3.281, 7.861, 2.594, 5.828, 3.559, 5.974, 4.573, 4.505, 5.566, 2.214, 2.952, 6.476]
tugboat_horsepower = [1853.2, 3066.4, 4168.3, 3211.8]
tugboat_fuel_capacity = [6665.1, 6780.9, 6388.9, 6953.2]
tugboat_alpha = [0.1438, 0.1558, 0.1469, 0.1681]
tugboat_beta = [0.0638, 0.0856, 0.077, 0.0566]
speed_level_names = ['slow', 'medium', 'fast']
speed_values = [6.0, 10.0, 15.0]
speed_power_coefficients = [0.216, 1.0, 3.375]
depot_to_task_distance = [7.504, 13.236, 17.161, 17.46, 15.021, 15.183, 10.999, 14.659, 13.322, 17.219, 9.3, 12.099, 15.712, 15.596, 12.145]
task_to_depot_distance = [9.977, 18.155, 17.584, 18.823, 8.182, 17.65, 5.233, 14.016, 18.765, 19.557, 11.1, 7.408, 17.51, 17.778, 18.408]
task_to_task_distance = [[0.0, 9.836, 19.539, 9.926, 24.888, 5.424, 20.228, 24.378, 22.386, 14.297, 18.914, 18.386, 19.332, 18.386, 8.318], [15.484, 0.0, 32.335, 5.005, 31.769, 14.783, 28.953, 31.869, 24.793, 3.659, 23.419, 17.609, 31.796, 31.054, 6.028], [17.096, 28.468, 0.0, 29.629, 21.519, 21.086, 15.847, 20.042, 27.568, 32.999, 23.159, 29.279, 3.017, 2.096, 27.001], [13.09, 9.562, 28.964, 0.0, 33.758, 8.501, 29.68, 33.475, 29.028, 11.516, 26.516, 22.948, 29.04, 27.962, 9.104], [15.677, 18.993, 20.398, 24.446, 0.0, 23.361, 7.06, 8.145, 6.655, 21.94, 2.288, 10.47, 18.234, 18.832, 18.356], [10.164, 15.36, 21.918, 11.582, 32.133, 0.0, 26.964, 31.436, 30.382, 18.996, 26.807, 26.198, 22.603, 21.255, 14.113], [11.578, 18.406, 14.784, 22.648, 10.581, 19.279, 0.0, 9.917, 12.51, 22.234, 8.028, 14.353, 12.8, 13.189, 17.361], [21.333, 25.201, 22.002, 30.694, 2.282, 29.088, 6.696, 0.0, 8.338, 27.963, 6.856, 15.143, 19.57, 20.6, 24.598], [26.176, 26.214, 30.422, 32.534, 10.656, 33.6, 15.245, 12.193, 0.0, 27.645, 9.47, 13.104, 28.055, 28.944, 26.12], [16.668, 6.412, 33.524, 5.315, 33.193, 15.441, 30.372, 33.296, 26.136, 0.0, 24.825, 18.878, 33.041, 32.267, 7.417], [17.876, 16.765, 26.458, 23.076, 12.879, 24.839, 13.68, 13.733, 3.575, 18.472, 0.0, 4.499, 24.45, 24.862, 16.661], [12.001, 9.763, 24.566, 15.903, 17.512, 18.154, 15.767, 17.816, 10.689, 12.276, 8.934, 0.0, 23.055, 22.995, 9.499], [17.505, 28.76, 0.858, 30.153, 20.671, 21.826, 15.087, 19.174, 27.041, 33.267, 22.668, 29.036, 0.0, 1.957, 27.311], [16.681, 28.165, 1.83, 29.024, 22.612, 20.214, 16.854, 21.159, 28.276, 32.716, 23.832, 29.64, 4.238, 0.0, 26.678], [14.678, 5.997, 31.471, 2.633, 32.614, 12.82, 29.372, 32.592, 26.308, 6.185, 24.553, 19.421, 31.125, 30.271, 0.0]]
big_M = 1000.0
planning_horizon = 24.0
penalty_weight = 100000.0
