# MTRSP-VS train | n15_m4_a35 seed=6
# n=15 m=4 T_max=24.0

num_tasks = 15
num_tugboats = 4
num_speed_levels = 3
task_max_tugs = [1, 1, 1, 1, 1, 2, 2, 1, 1, 1, 1, 1, 1, 1, 1]
task_min_horsepower = [1025.0, 1034.1, 2808.9, 1612.2, 1778.3, 4999.7, 3557.2, 1795.5, 1490.6, 2784.5, 2779.0, 2662.5, 2033.4, 2411.3, 1171.9]
task_time_window_lower = [5.054, 15.719, 0.466, 12.676, 5.269, 18.732, 8.614, 11.315, 9.935, 2.856, 6.263, 6.074, 18.797, 6.884, 6.27]
task_time_window_upper = [10.04, 19.67, 3.155, 15.17, 8.713, 22.538, 11.633, 16.832, 13.007, 6.77, 9.773, 11.293, 23.434, 12.577, 10.682]
task_service_distance = [5.425, 5.351, 4.363, 5.692, 7.026, 7.221, 4.03, 6.175, 4.004, 7.548, 7.028, 5.749, 7.4, 4.561, 4.049]
tugboat_horsepower = [4277.0, 4778.1, 2894.0, 3208.0]
tugboat_fuel_capacity = [7247.6, 7929.3, 6365.2, 7219.9]
tugboat_alpha = [0.1628, 0.1673, 0.1548, 0.1793]
tugboat_beta = [0.0699, 0.0736, 0.0868, 0.0562]
speed_level_names = ['slow', 'medium', 'fast']
speed_values = [6.0, 10.0, 15.0]
speed_power_coefficients = [0.216, 1.0, 3.375]
depot_to_task_distance = [15.244, 18.389, 10.445, 8.589, 10.908, 12.449, 17.699, 17.734, 16.099, 15.915, 8.578, 17.204, 14.696, 14.571, 12.679]
task_to_depot_distance = [19.381, 17.161, 6.129, 9.971, 14.467, 14.464, 21.729, 16.462, 13.557, 19.044, 13.376, 17.519, 16.085, 15.543, 15.837]
task_to_task_distance = [[0.0, 29.477, 16.031, 19.773, 25.38, 10.207, 24.888, 36.392, 14.816, 14.837, 10.874, 34.048, 31.766, 25.743, 31.147], [29.515, 0.0, 15.637, 25.425, 6.589, 28.446, 10.563, 11.344, 33.069, 19.216, 23.168, 5.25, 25.056, 6.522, 21.09], [14.576, 14.448, 0.0, 13.867, 8.44, 13.71, 12.343, 19.452, 18.97, 9.996, 8.259, 16.875, 20.624, 10.377, 18.157], [19.991, 27.015, 20.345, 0.0, 19.271, 15.495, 27.328, 20.05, 15.156, 25.62, 15.13, 22.442, 6.683, 23.613, 7.692], [21.829, 6.834, 7.015, 22.81, 0.0, 22.174, 3.255, 19.667, 27.832, 9.067, 16.604, 14.629, 27.41, 3.741, 24.119], [3.642, 25.388, 11.813, 15.751, 20.718, 0.0, 21.273, 31.459, 13.078, 12.056, 6.066, 29.271, 27.328, 21.503, 26.45], [27.814, 7.182, 13.502, 30.083, 12.911, 28.833, 0.0, 23.708, 34.705, 12.815, 23.332, 17.76, 34.166, 8.266, 30.648], [30.531, 10.466, 18.094, 23.897, 8.238, 28.664, 15.22, 0.0, 32.528, 22.586, 23.846, 0.741, 21.274, 10.598, 17.219], [11.948, 31.599, 20.43, 6.179, 24.391, 7.331, 29.794, 29.65, 0.0, 24.003, 11.1, 30.416, 17.576, 27.608, 18.827], [22.892, 10.122, 9.401, 26.888, 12.684, 24.355, 4.35, 25.117, 30.4, 0.0, 19.015, 19.735, 32.728, 8.814, 29.588], [5.656, 29.495, 16.832, 9.741, 23.107, 1.521, 26.654, 30.979, 4.703, 19.267, 0.0, 30.471, 22.114, 25.422, 22.416], [29.671, 4.888, 15.662, 25.828, 6.838, 28.688, 10.233, 11.872, 33.377, 19.095, 23.374, 0.0, 25.6, 6.371, 21.64], [30.448, 25.05, 24.987, 17.503, 18.602, 26.542, 27.914, 11.177, 27.322, 30.684, 24.287, 16.303, 0.0, 23.144, 4.615], [22.202, 7.049, 7.48, 23.811, 8.204, 22.787, 2.396, 20.729, 28.544, 8.698, 17.235, 15.549, 28.618, 0.0, 25.34], [28.167, 29.017, 25.991, 14.0, 21.777, 23.765, 30.892, 17.113, 23.245, 31.626, 22.812, 21.551, 1.668, 26.434, 0.0]]
big_M = 1000.0
planning_horizon = 24.0
penalty_weight = 100000.0
