# MTRSP-VS train | n15_m4_a35 seed=43
# n=15 m=4 T_max=24.0

num_tasks = 15
num_tugboats = 4
num_speed_levels = 3
task_max_tugs = [1, 1, 2, 2, 2, 2, 1, 2, 1, 1, 1, 1, 1, 1, 1]
task_min_horsepower = [1082.7, 2203.7, 2817.9, 4162.0, 4518.7, 3838.0, 1075.9, 4758.8, 1248.6, 2978.4, 2770.1, 2434.6, 2874.7, 2687.4, 1771.2]
task_time_window_lower = [1.78, 19.832, 13.962, 5.128, 17.934, 7.18, 3.78, 13.199, 12.147, 4.031, 4.601, 20.252, 9.671, 0.592, 12.153]
task_time_window_upper = [6.63, 22.657, 17.581, 9.43, 22.279, 10.489, 6.523, 18.509, 18.007, 9.867, 7.352, 23.787, 12.57, 2.837, 16.336]
task_service_distance = [1.604, 5.266, 4.862, 5.17, 4.879, 6.862, 4.885, 2.893, 3.515, 5.808, 7.495, 3.834, 5.957, 6.98, 6.896]
tugboat_horsepower = [3287.9, 4828.9, 4701.4, 4513.5]
tugboat_fuel_capacity = [6259.9, 7528.4, 6309.2, 6012.2]
tugboat_alpha = [0.168, 0.145, 0.1649, 0.148]
tugboat_beta = [0.067, 0.0506, 0.065, 0.0631]
speed_level_names = ['slow', 'medium', 'fast']
speed_values = [6.0, 10.0, 15.0]
speed_power_coefficients = [0.216, 1.0, 3.375]
depot_to_task_distance = [17.55, 11.884, 16.995, 9.086, 16.626, 0.457, 2.641, 21.796, 13.629, 15.433, 10.921, 7.113, 18.563, 11.582, 13.536]
task_to_depot_distance = [19.133, 10.337, 15.258, 14.126, 21.469, 6.596, 6.386, 24.689, 15.898, 19.353, 16.592, 5.078, 12.753, 17.537, 7.22]
task_to_task_distance = [[0.0, 23.642, 10.124, 19.182, 29.982, 19.588, 18.454, 8.023, 31.875, 21.755, 21.918, 18.524, 36.033, 7.682, 8.851], [17.24, 0.0, 21.667, 1.644, 11.573, 10.456, 7.697, 16.905, 16.011, 5.319, 3.564, 3.281, 27.597, 13.487, 17.715], [13.315, 25.876, 0.0, 21.748, 31.485, 15.6, 16.71, 21.773, 28.407, 27.254, 24.44, 19.992, 25.571, 10.338, 6.093], [21.192, 3.891, 26.187, 0.0, 8.649, 14.147, 11.547, 19.409, 16.015, 1.878, 3.536, 7.155, 29.89, 17.93, 22.242], [33.222, 10.946, 36.941, 15.499, 0.0, 21.234, 19.667, 31.696, 13.463, 13.402, 12.633, 16.789, 30.413, 29.176, 33.022], [15.492, 18.183, 11.769, 14.696, 23.209, 0.0, 8.623, 22.032, 19.409, 20.876, 17.006, 12.727, 19.018, 9.669, 9.214], [21.22, 6.246, 22.663, 5.817, 10.248, 6.156, 0.0, 23.215, 9.331, 11.208, 5.962, 4.862, 20.461, 15.885, 18.916], [10.707, 24.518, 19.875, 20.895, 30.355, 25.097, 23.078, 0.0, 35.241, 20.504, 22.957, 21.188, 42.984, 15.262, 18.099], [33.129, 15.66, 32.604, 17.86, 13.651, 15.449, 16.211, 35.691, 0.0, 21.401, 16.627, 17.304, 14.986, 27.352, 29.363], [26.629, 7.59, 32.005, 10.824, 7.465, 19.3, 16.899, 23.709, 17.554, 0.0, 8.449, 12.728, 33.283, 23.713, 28.065], [19.391, 8.301, 25.766, 7.71, 12.827, 16.721, 13.955, 16.029, 20.444, 2.726, 0.0, 9.546, 33.609, 17.381, 21.943], [19.607, 6.919, 21.023, 5.266, 11.621, 4.928, 3.263, 21.887, 10.837, 11.236, 6.217, 0.0, 20.739, 14.225, 17.26], [28.533, 21.609, 24.355, 20.713, 23.473, 12.434, 15.054, 34.165, 14.424, 26.655, 21.449, 19.01, 0.0, 22.526, 22.338], [5.884, 25.212, 3.57, 20.671, 31.436, 17.981, 17.796, 14.486, 31.108, 24.79, 23.544, 19.429, 32.126, 0.0, 4.179], [12.871, 17.868, 9.923, 13.957, 23.348, 7.6, 8.563, 19.485, 20.716, 19.861, 16.516, 12.089, 21.603, 7.049, 0.0]]
big_M = 1000.0
planning_horizon = 24.0
penalty_weight = 100000.0
