# MTRSP-VS train | n15_m4_a35 seed=4
# n=15 m=4 T_max=24.0

num_tasks = 15
num_tugboats = 4
num_speed_levels = 3
task_max_tugs = [1, 1, 1, 2, 1, 3, 2, 2, 1, 1, 2, 1, 1, 1, 3]
task_min_horsepower = [2493.9, 2117.1, 1202.0, 3072.2, 2230.9, 4993.2, 3647.5, 4243.2, 2909.5, 2919.7, 3222.5, 2550.5, 2886.6, 2635.9, 4574.2]
task_time_window_lower = [2.759, 19.692, 0.194, 3.7, 6.843, 2.023, 7.662, 1.256, 3.673, 2.887, 10.714, 20.954, 11.384, 7.738, 8.623]
task_time_window_upper = [6.536, 23.218, 3.519, 5.879, 11.978, 5.185, 13.589, 4.088, 5.895, 7.594, 12.878, 23.95, 13.874, 12.833, 14.574]
task_service_distance = [4.98, 7.59, 5.683, 4.072, 7.002, 6.659, 4.162, 5.368, 5.034, 6.839, 5.995, 7.063, 1.879, 7.986, 6.163]
tugboat_horsepower = [2974.3, 1629.0, 2346.5, 2937.2]
tugboat_fuel_capacity = [7662.1, 6997.2, 6063.3, 6508.8]
tugboat_alpha = [0.1497, 0.1483, 0.1493, 0.1748]
tugboat_beta = [0.0557, 0.0521, 0.0871, 0.0726]
speed_level_names = ['slow', 'medium', 'fast']
speed_values = [6.0, 10.0, 15.0]
speed_power_coefficients = [0.216, 1.0, 3.375]
depot_to_task_distance = [16.681, 15.558, 13.448, 17.923, 15.739, 8.003, 19.651, 11.279, 19.875, 14.533, 3.026, 13.676, 16.483, 5.592, 10.845]
task_to_depot_distance = [11.701, 16.66, 9.299, 17.42, 22.221, 2.714, 20.385, 9.668, 22.059, 17.85, 5.171, 7.054, 17.841, 2.625, 5.938]
task_to_task_distance = [[0.0, 10.784, 15.719, 6.426, 27.251, 14.216, 20.291, 6.815, 31.269, 24.122, 9.539, 6.167, 17.046, 6.909, 3.445], [4.815, 0.0, 22.106, 3.406, 32.386, 16.305, 26.384, 13.029, 36.534, 30.154, 15.166, 3.951, 15.388, 12.877, 9.757], [20.1, 23.514, 0.0, 22.019, 15.198, 17.266, 11.469, 10.821, 18.265, 8.951, 8.116, 20.365, 25.677, 9.439, 13.001], [2.216, 14.195, 18.053, 0.0, 32.636, 20.052, 21.131, 9.089, 36.527, 28.58, 14.945, 9.647, 21.568, 12.152, 7.019], [38.862, 35.752, 27.43, 40.143, 0.0, 24.284, 31.769, 31.707, 4.679, 14.769, 24.473, 35.32, 32.488, 27.266, 32.505], [14.659, 12.856, 14.836, 15.703, 18.231, 0.0, 20.938, 10.817, 22.409, 17.227, 3.614, 11.038, 14.292, 4.933, 9.591], [20.02, 29.227, 7.856, 22.223, 28.253, 27.826, 0.0, 11.987, 30.663, 20.401, 17.696, 24.732, 34.264, 16.593, 15.255], [15.022, 20.536, 4.715, 17.074, 20.31, 17.193, 10.471, 0.0, 23.65, 14.537, 7.009, 16.683, 24.301, 6.457, 8.054], [38.718, 35.45, 27.547, 39.975, 7.033, 23.955, 31.965, 31.669, 0.0, 14.993, 24.358, 35.082, 32.093, 27.155, 32.41], [28.68, 32.672, 10.305, 30.723, 15.456, 25.433, 11.726, 18.953, 16.468, 0.0, 17.214, 29.539, 34.31, 18.613, 21.676], [14.005, 10.449, 17.132, 14.71, 20.09, 5.164, 23.142, 12.039, 24.311, 19.692, 0.0, 9.219, 11.804, 6.496, 10.13], [9.894, 10.23, 15.115, 10.932, 22.792, 9.506, 20.683, 8.246, 26.915, 20.747, 5.675, 0.0, 14.306, 4.084, 5.833], [19.227, 7.298, 29.859, 18.283, 29.907, 10.888, 35.644, 23.046, 34.012, 31.824, 18.938, 11.74, 0.0, 18.776, 20.034], [19.293, 17.709, 14.004, 20.548, 13.141, 8.672, 20.177, 13.381, 17.299, 12.649, 5.221, 16.161, 17.714, 0.0, 13.297], [10.871, 11.141, 14.4, 12.002, 21.668, 9.145, 20.11, 8.159, 25.781, 19.615, 4.553, 8.177, 14.7, 3.277, 0.0]]
big_M = 1000.0
planning_horizon = 24.0
penalty_weight = 100000.0
