# MTRSP-VS train | n15_m4_a35 seed=40
# n=15 m=4 T_max=24.0

num_tasks = 15
num_tugboats = 4
num_speed_levels = 3
task_max_tugs = [2, 1, 2, 2, 1, 1, 1, 2, 1, 1, 2, 1, 1, 1, 3]
task_min_horsepower = [3462.2, 2446.6, 4335.9, 2548.3, 2819.7, 1880.6, 1387.4, 4895.9, 1345.6, 2545.6, 2966.6, 1472.4, 1860.6, 1619.5, 6402.9]
task_time_window_lower = [17.952, 3.447, 5.808, 5.71, 13.683, 10.656, 18.681, 5.001, 12.842, 0.401, 10.764, 7.98, 2.148, 11.016, 0.525]
task_time_window_upper = [22.988, 5.615, 11.219, 10.881, 17.257, 14.361, 20.826, 9.477, 16.741, 6.132, 16.468, 10.145, 7.047, 15.37, 4.823]
task_service_distance = [3.159, 3.642, 3.143, 4.784, 4.162, 4.98, 5.306, 4.135, 5.938, 4.052, 3.823, 3.561, 7.893, 4.425, 3.349]
tugboat_horsepower = [2077.6, 2151.4, 1567.0, 4877.1]
tugboat_fuel_capacity = [7528.1, 6672.8, 7203.9, 6967.0]
tugboat_alpha = [0.1675, 0.147, 0.1412, 0.1438]
tugboat_beta = [0.0873, 0.0894, 0.0606, 0.0792]
speed_level_names = ['slow', 'medium', 'fast']
speed_values = [6.0, 10.0, 15.0]
speed_power_coefficients = [0.216, 1.0, 3.375]
depot_to_task_distance = [13.304, 17.155, 13.452, 13.866, 19.739, 20.496, 19.45, 11.053, 13.574, 21.977, 15.525, 14.917, 14.09, 16.148, 10.482]
task_to_depot_distance = [16.452, 16.537, 16.283, 18.646, 18.991, 24.582, 24.731, 13.041, 18.2, 20.446, 17.501, 12.504, 17.806, 17.425, 12.388]
task_to_task_distance = [[0.0, 21.09, 23.975, 15.731, 33.126, 34.126, 34.128, 8.54, 24.982, 19.371, 18.772, 17.489, 30.353, 4.011, 7.705], [16.143, 0.0, 10.819, 27.269, 20.151, 21.269, 22.813, 20.502, 30.106, 5.92, 29.864, 28.856, 27.47, 20.916, 11.592], [24.356, 9.74, 0.0, 30.097, 7.349, 8.466, 10.379, 25.737, 27.731, 17.815, 31.795, 31.199, 19.868, 28.836, 19.376], [17.428, 33.67, 31.945, 0.0, 38.065, 38.706, 37.105, 11.34, 14.31, 35.388, 4.168, 4.007, 26.065, 14.45, 20.395], [27.991, 13.196, 6.771, 32.852, 0.0, 5.196, 7.855, 28.999, 29.317, 21.165, 34.33, 33.833, 19.991, 32.393, 23.049], [35.898, 23.054, 15.763, 37.692, 6.09, 0.0, 5.177, 35.526, 31.157, 31.051, 38.472, 38.28, 19.129, 39.878, 31.24], [36.085, 23.288, 15.984, 37.811, 6.316, 5.204, 0.0, 35.684, 31.214, 31.287, 38.575, 38.39, 19.146, 40.055, 31.436], [2.782, 21.318, 22.612, 11.563, 31.185, 32.118, 31.734, 0.0, 20.573, 21.261, 14.614, 13.343, 26.547, 3.203, 7.008], [24.286, 35.338, 30.93, 10.934, 34.258, 34.603, 32.221, 17.818, 0.0, 39.384, 8.244, 9.422, 18.498, 23.157, 25.141], [15.025, 10.062, 17.504, 28.377, 26.893, 28.011, 29.516, 20.884, 33.551, 0.0, 31.267, 30.109, 32.95, 19.305, 12.071], [20.899, 34.177, 30.851, 6.834, 35.472, 35.956, 33.906, 14.338, 8.666, 37.319, 0.0, 5.106, 21.284, 19.123, 22.553], [16.533, 29.042, 25.934, 4.07, 31.14, 31.708, 29.911, 10.073, 7.626, 32.27, 3.436, 0.0, 18.614, 15.591, 17.649], [30.895, 24.661, 16.357, 28.841, 11.475, 11.11, 7.823, 28.599, 20.498, 32.47, 28.998, 29.06, 0.0, 33.95, 27.138], [8.813, 27.673, 28.543, 9.572, 36.65, 37.519, 36.792, 6.373, 20.871, 27.335, 12.265, 11.041, 29.504, 0.0, 13.364], [7.609, 11.582, 15.012, 19.698, 24.555, 25.618, 26.156, 12.414, 24.928, 11.659, 22.528, 21.4, 25.973, 12.393, 0.0]]
big_M = 1000.0
planning_horizon = 24.0
penalty_weight = 100000.0
