# MTRSP-VS train | n15_m4_a35 seed=39
# n=15 m=4 T_max=24.0

num_tasks = 15
num_tugboats = 4
num_speed_levels = 3
task_max_tugs = [1, 3, 1, 1, 1, 2, 1, 1, 3, 3, 2, 2, 1, 2, 2]
task_min_horsepower = [2111.1, 5625.1, 2033.3, 1453.9, 2435.8, 2723.4, 1661.9, 2862.6, 6220.7, 5503.3, 4496.5, 4797.1, 1571.3, 3027.5, 3055.5]
task_time_window_lower = [11.85, 2.295, 17.671, 7.191, 2.424, 11.299, 8.633, 11.185, 3.895, 10.672, 3.006, 18.274, 7.193, 6.787, 15.268]
task_time_window_upper = [17.768, 4.758, 21.507, 11.006, 7.086, 14.037, 13.97, 14.342, 9.1, 13.271, 6.369, 21.122, 10.002, 12.57, 21.032]
task_service_distance = [3.975, 4.273, 4.47, 3.527, 4.95, 4.287, 3.227, 6.094, 6.266, 5.158, 4.178, 3.549, 3.441, 3.021, 3.633]
tugboat_horsepower = [2856.8, 1562.5, 3115.4, 3176.6]
tugboat_fuel_capacity = [7915.6, 7770.8, 7039.6, 7360.0]
tugboat_alpha = [0.1542, 0.1412, 0.1565, 0.1698]
tugboat_beta = [0.0535, 0.0692, 0.0524, 0.0554]
speed_level_names = ['slow', 'medium', 'fast']
speed_values = [6.0, 10.0, 15.0]
speed_power_coefficients = [0.216, 1.0, 3.375]
depot_to_task_distance = [10.919, 5.555, 15.751, 22.768, 15.596, 7.695, 18.949, 5.93, 18.793, 13.77, 17.587, 15.653, 15.566, 9.731, 5.302]
task_to_depot_distance = [13.4, 8.474, 11.285, 22.915, 18.892, 6.24, 19.244, 0.357, 18.087, 8.651, 14.563, 18.567, 16.439, 6.711, 8.887]
task_to_task_distance = [[0.0, 16.881, 12.766, 15.695, 26.43, 20.874, 9.83, 18.426, 29.366, 13.784, 30.349, 23.766, 21.108, 22.374, 16.688], [15.805, 0.0, 11.108, 29.46, 10.266, 12.704, 17.072, 6.3, 13.077, 21.736, 15.638, 23.675, 7.092, 8.681, 13.217], [12.223, 10.551, 0.0, 26.156, 17.463, 18.144, 9.559, 12.722, 19.963, 20.936, 23.148, 26.6, 10.268, 15.917, 16.551], [13.047, 27.995, 26.552, 0.0, 38.181, 28.424, 22.106, 28.829, 41.321, 12.457, 40.353, 24.455, 34.546, 32.632, 23.202], [27.587, 13.338, 19.487, 41.104, 0.0, 18.899, 26.624, 13.62, 3.924, 32.661, 11.811, 31.53, 8.313, 11.722, 22.106], [17.156, 4.401, 19.01, 28.521, 10.832, 0.0, 23.706, 2.307, 13.941, 18.746, 11.417, 16.552, 14.671, 3.923, 7.198], [15.555, 19.167, 5.048, 27.529, 25.216, 26.538, 0.0, 21.336, 27.3, 25.552, 31.472, 33.616, 16.167, 24.487, 24.269], [10.91, 5.823, 16.071, 22.593, 15.81, 7.525, 19.19, 0.0, 19.008, 13.505, 17.658, 15.3, 15.909, 9.843, 4.963], [26.069, 12.623, 17.108, 39.798, 6.301, 19.13, 24.292, 13.307, 0.0, 31.788, 13.676, 31.618, 5.871, 12.142, 21.796], [8.458, 14.197, 20.982, 15.104, 24.042, 12.394, 21.349, 14.22, 27.236, 0.0, 24.788, 11.36, 23.793, 17.556, 7.149], [25.479, 11.495, 25.668, 36.194, 9.259, 8.832, 31.257, 9.53, 11.053, 25.907, 0.0, 20.164, 18.06, 5.931, 13.99], [21.202, 22.956, 33.436, 21.125, 30.469, 16.164, 34.301, 21.791, 33.347, 12.367, 27.861, 0.0, 33.804, 23.355, 13.592], [23.847, 11.161, 14.635, 37.679, 7.275, 18.397, 21.805, 12.196, 8.159, 29.99, 14.764, 30.63, 0.0, 11.781, 20.528], [17.499, 3.443, 18.131, 29.344, 9.542, 5.743, 23.163, 1.272, 12.695, 19.791, 10.928, 18.031, 13.244, 0.0, 8.497], [15.254, 12.899, 24.472, 21.846, 20.827, 6.802, 26.687, 11.762, 23.848, 11.174, 19.498, 6.859, 23.769, 13.715, 0.0]]
big_M = 1000.0
planning_horizon = 24.0
penalty_weight = 100000.0
