# MTRSP-VS train | n15_m4_a35 seed=31
# n=15 m=4 T_max=24.0

num_tasks = 15
num_tugboats = 4
num_speed_levels = 3
task_max_tugs = [2, 1, 2, 1, 1, 1, 1, 1, 2, 2, 1, 1, 1, 3, 1]
task_min_horsepower = [4802.5, 2390.7, 3497.9, 2298.7, 1393.8, 2601.1, 2577.8, 1236.1, 4957.5, 2985.3, 2426.9, 1951.4, 2576.9, 5117.2, 2272.4]
task_time_window_lower = [2.447, 15.553, 18.712, 4.822, 18.655, 0.231, 5.791, 0.96, 18.602, 13.384, 4.093, 5.591, 9.672, 10.079, 7.45]
task_time_window_upper = [4.6, 18.104, 23.484, 9.893, 23.717, 3.625, 9.292, 3.665, 21.102, 15.584, 6.919, 10.874, 12.408, 14.859, 12.889]
task_service_distance = [3.957, 3.941, 6.311, 5.063, 5.483, 4.824, 5.925, 4.778, 3.152, 4.092, 6.204, 3.185, 7.807, 4.061, 6.373]
tugboat_horsepower = [3334.1, 4009.8, 4009.5, 3115.4]
tugboat_fuel_capacity = [6743.1, 7045.3, 6693.7, 6383.1]
tugboat_alpha = [0.1517, 0.1552, 0.1709, 0.1417]
tugboat_beta = [0.0767, 0.0793, 0.0583, 0.0598]
speed_level_names = ['slow', 'medium', 'fast']
speed_values = [6.0, 10.0, 15.0]
speed_power_coefficients = [0.216, 1.0, 3.375]
depot_to_task_distance = [21.804, 18.545, 14.941, 2.214, 22.014, 12.109, 14.176, 19.817, 20.773, 13.936, 13.399, 17.046, 12.838, 20.031, 4.619]
task_to_depot_distance = [24.749, 21.475, 15.546, 6.603, 21.435, 9.384, 19.63, 23.821, 18.086, 14.14, 10.332, 17.739, 16.673, 22.536, 10.919]
task_to_task_distance = [[0.0, 6.249, 26.431, 24.435, 3.336, 13.488, 10.575, 44.452, 45.334, 37.988, 26.429, 11.849, 36.999, 44.423, 29.01], [6.07, 0.0, 25.923, 20.812, 1.93, 11.715, 7.936, 40.794, 42.247, 34.081, 21.585, 12.3, 34.142, 40.59, 25.426], [28.191, 27.127, 0.0, 17.758, 30.585, 19.279, 23.185, 24.133, 20.369, 22.54, 28.918, 20.495, 13.428, 25.67, 17.083], [26.109, 22.233, 21.339, 0.0, 25.35, 17.329, 18.274, 16.793, 19.827, 9.782, 8.941, 22.68, 13.761, 16.32, 4.063], [1.264, 4.997, 21.431, 21.512, 0.0, 9.472, 7.765, 41.249, 41.555, 35.155, 25.598, 6.795, 33.096, 41.43, 25.925], [12.8, 9.205, 16.967, 9.006, 12.634, 0.0, 4.97, 29.007, 30.137, 22.626, 14.379, 10.249, 22.024, 29.009, 13.565], [2.301, 3.694, 20.365, 19.674, 5.374, 7.754, 0.0, 39.447, 39.845, 33.32, 23.864, 5.911, 31.409, 39.608, 24.102], [45.58, 42.348, 30.653, 24.278, 45.771, 35.683, 37.996, 0.0, 5.515, 11.962, 28.666, 40.004, 12.978, 6.287, 19.664], [39.669, 36.613, 24.459, 18.827, 40.099, 29.699, 32.214, 4.887, 0.0, 8.8, 24.931, 33.861, 6.716, 6.946, 14.289], [34.541, 30.611, 27.339, 13.219, 33.638, 25.688, 26.71, 10.636, 15.909, 0.0, 13.509, 30.952, 13.707, 9.337, 9.745], [27.785, 23.638, 25.218, 8.466, 26.44, 19.833, 20.082, 17.771, 21.89, 10.57, 0.0, 25.312, 16.899, 16.817, 7.931], [10.671, 11.714, 12.446, 18.779, 14.261, 7.582, 10.161, 36.498, 35.464, 31.478, 26.712, 0.0, 26.974, 37.14, 22.292], [38.476, 35.143, 25.294, 17.018, 38.538, 28.672, 30.822, 3.267, 6.59, 5.324, 21.867, 33.214, 0.0, 4.44, 12.405], [44.34, 40.983, 30.395, 22.826, 44.358, 34.532, 36.674, 2.85, 6.425, 10.03, 26.65, 39.028, 12.6, 0.0, 18.222], [32.603, 29.089, 22.22, 10.902, 32.415, 23.026, 24.846, 9.173, 12.167, 3.261, 15.933, 27.893, 8.012, 9.133, 0.0]]
big_M = 1000.0
planning_horizon = 24.0
penalty_weight = 100000.0
