# MTRSP-VS train | n15_m4_a35 seed=41
# n=15 m=4 T_max=24.0

num_tasks = 15
num_tugboats = 4
num_speed_levels = 3
task_max_tugs = [2, 1, 2, 2, 1, 1, 1, 3, 1, 1, 1, 3, 3, 1, 1]
task_min_horsepower = [4656.2, 2502.7, 4151.3, 4722.7, 2499.2, 1836.8, 2923.4, 5312.2, 2359.9, 1900.0, 1551.9, 6058.4, 6692.3, 2849.2, 2770.2]
task_time_window_lower = [13.905, 3.473, 3.951, 1.244, 11.937, 7.035, 14.256, 21.473, 13.979, 9.852, 16.192, 0.558, 18.497, 9.976, 3.434]
task_time_window_upper = [18.91, 6.33, 6.075, 5.911, 14.886, 9.656, 17.17, 23.947, 18.374, 14.062, 22.075, 5.846, 22.855, 14.529, 8.033]
task_service_distance = [3.83, 5.765, 6.906, 3.775, 6.273, 3.165, 6.631, 3.619, 1.521, 3.91, 3.73, 5.466, 4.778, 5.699, 3.694]
tugboat_horsepower = [1751.0, 4046.9, 4243.0, 3284.3]
tugboat_fuel_capacity = [7843.9, 7812.4, 6615.5, 6303.5]
tugboat_alpha = [0.1742, 0.1645, 0.1732, 0.1748]
tugboat_beta = [0.0612, 0.0735, 0.0621, 0.0819]
speed_level_names = ['slow', 'medium', 'fast']
speed_values = [6.0, 10.0, 15.0]
speed_power_coefficients = [0.216, 1.0, 3.375]
depot_to_task_distance = [10.304, 7.192, 8.537, 12.063, 14.015, 18.35, 15.536, 14.41, 18.054, 5.653, 13.979, 6.575, 21.06, 8.942, 8.267]
task_to_depot_distance = [11.433, 10.622, 5.488, 14.128, 16.283, 15.316, 19.972, 10.826, 18.273, 7.283, 14.479, 11.812, 24.723, 4.918, 10.012]
task_to_task_distance = [[0.0, 18.411, 16.699, 15.774, 8.696, 25.828, 12.901, 21.232, 29.177, 16.013, 13.75, 17.278, 15.92, 20.028, 8.155], [20.101, 0.0, 12.443, 18.44, 24.046, 13.867, 24.504, 12.429, 10.314, 8.849, 22.185, 5.078, 27.795, 2.211, 18.142], [10.644, 9.999, 0.0, 7.488, 9.084, 23.834, 10.071, 19.823, 20.107, 6.985, 8.536, 11.784, 23.272, 13.709, 3.191], [20.994, 12.729, 6.24, 0.0, 14.053, 30.863, 11.088, 27.681, 17.547, 10.305, 8.123, 17.994, 33.749, 18.358, 11.246], [9.886, 22.615, 19.249, 16.297, 0.0, 31.935, 10.555, 27.352, 32.925, 19.763, 12.638, 22.626, 20.251, 25.2, 9.958], [19.321, 16.052, 21.963, 26.984, 28.56, 0.0, 30.734, 1.662, 21.929, 17.904, 29.295, 10.223, 20.668, 10.737, 23.283], [16.932, 24.689, 19.458, 14.429, 5.957, 37.552, 0.0, 33.126, 33.65, 21.496, 9.629, 26.532, 28.196, 28.637, 11.808], [14.716, 13.017, 18.191, 22.765, 23.772, 7.974, 26.058, 0.0, 20.951, 14.23, 24.749, 6.979, 18.136, 8.677, 18.58], [28.526, 11.137, 15.096, 20.707, 29.249, 22.012, 28.245, 21.712, 0.0, 13.754, 25.397, 14.534, 37.426, 11.908, 23.735], [15.575, 6.997, 1.701, 5.786, 12.906, 24.209, 12.168, 20.835, 15.558, 0.0, 9.583, 11.339, 27.728, 12.203, 7.688], [14.468, 18.463, 13.05, 8.226, 2.864, 32.654, 1.671, 28.434, 27.241, 15.247, 0.0, 20.886, 27.149, 22.749, 6.263], [18.807, 10.572, 16.926, 22.432, 25.792, 7.903, 27.238, 6.378, 16.144, 12.893, 25.387, 0.0, 23.698, 4.989, 20.078], [15.559, 31.483, 32.571, 33.126, 25.946, 27.527, 30.356, 23.846, 41.905, 30.37, 31.417, 27.223, 0.0, 29.996, 25.515], [15.207, 2.308, 6.841, 12.346, 17.458, 17.783, 17.918, 14.742, 13.145, 2.777, 15.702, 4.924, 25.282, 0.0, 11.564], [13.793, 12.928, 7.46, 4.038, 6.958, 28.342, 6.06, 24.408, 21.664, 9.707, 3.978, 15.971, 26.785, 17.532, 0.0]]
big_M = 1000.0
planning_horizon = 24.0
penalty_weight = 100000.0
