# MTRSP-VS train | n15_m4_a35 seed=5
# n=15 m=4 T_max=24.0

num_tasks = 15
num_tugboats = 4
num_speed_levels = 3
task_max_tugs = [1, 2, 1, 2, 2, 2, 1, 1, 1, 2, 1, 2, 2, 1, 1]
task_min_horsepower = [2689.8, 4469.3, 2157.0, 2616.8, 4887.9, 4389.3, 2884.1, 1709.6, 2551.2, 4371.0, 2719.4, 4864.5, 3351.9, 2836.2, 2848.4]
task_time_window_lower = [6.193, 3.68, 3.229, 19.18, 1.037, 9.632, 4.836, 16.215, 8.51, 19.949, 10.794, 2.435, 18.116, 15.349, 9.375]
task_time_window_upper = [10.373, 6.947, 5.541, 23.937, 3.683, 15.579, 8.46, 20.591, 12.333, 22.172, 12.925, 7.788, 23.042, 19.871, 11.801]
task_service_distance = [6.976, 3.145, 5.285, 5.719, 4.397, 6.986, 3.009, 7.912, 5.696, 6.453, 4.806, 4.256, 4.362, 4.579, 7.875]
tugboat_horsepower = [4456.6, 2022.4, 2531.8, 3086.0]
tugboat_fuel_capacity = [7920.3, 7377.7, 6635.4, 6548.1]
tugboat_alpha = [0.1588, 0.1761, 0.1445, 0.1729]
tugboat_beta = [0.0713, 0.0572, 0.0875, 0.0847]
speed_level_names = ['slow', 'medium', 'fast']
speed_values = [6.0, 10.0, 15.0]
speed_power_coefficients = [0.216, 1.0, 3.375]
depot_to_task_distance = [9.493, 17.0, 16.37, 8.936, 19.715, 15.114, 13.697, 14.233, 17.756, 18.574, 15.476, 19.632, 18.464, 11.168, 17.08]
task_to_depot_distance = [12.375, 16.347, 20.212, 13.003, 17.948, 15.278, 16.45, 16.324, 14.802, 14.651, 16.458, 23.708, 20.454, 6.602, 20.747]
task_to_task_distance = [[0.0, 9.117, 4.756, 19.047, 32.089, 17.973, 20.209, 26.369, 20.843, 23.169, 13.368, 31.457, 28.209, 6.676, 21.809], [7.067, 0.0, 14.449, 25.155, 33.821, 27.657, 28.547, 29.764, 12.718, 15.657, 24.035, 35.428, 24.51, 17.148, 31.015], [13.301, 10.231, 0.0, 26.564, 39.927, 23.504, 26.768, 34.182, 25.597, 28.337, 17.554, 39.189, 35.097, 12.518, 27.625], [22.494, 30.001, 27.36, 0.0, 10.951, 15.503, 10.435, 4.238, 27.609, 27.183, 20.453, 7.27, 20.905, 20.409, 13.966], [27.042, 34.522, 33.576, 12.582, 0.0, 22.539, 17.374, 3.754, 28.874, 27.708, 27.491, 3.21, 18.811, 26.938, 20.679], [17.776, 22.019, 11.905, 15.055, 31.017, 0.0, 11.663, 24.203, 31.052, 32.652, 0.477, 27.588, 33.699, 6.459, 11.13], [23.778, 30.103, 22.481, 9.668, 23.834, 4.554, 0.0, 17.191, 34.197, 34.842, 11.173, 18.59, 31.883, 15.387, 1.009], [25.72, 33.11, 29.024, 7.663, 13.637, 14.456, 9.148, 0.0, 31.91, 31.59, 20.354, 7.746, 25.299, 21.776, 11.83], [14.402, 18.647, 26.045, 21.755, 22.139, 29.899, 27.859, 20.992, 0.0, 4.427, 29.766, 26.373, 8.916, 24.057, 31.532], [10.046, 12.437, 21.46, 23.146, 27.307, 29.216, 28.346, 24.82, 3.937, 0.0, 27.63, 30.483, 15.501, 21.167, 31.636], [16.448, 19.32, 8.134, 18.29, 33.977, 11.36, 15.803, 27.302, 30.307, 32.248, 0.0, 31.147, 34.8, 5.519, 15.518], [32.954, 40.46, 38.845, 17.229, 7.657, 25.904, 20.588, 9.529, 34.738, 33.417, 31.558, 0.0, 23.768, 31.935, 23.243], [21.905, 26.234, 33.452, 25.459, 20.508, 34.994, 32.04, 21.815, 11.553, 8.652, 35.907, 26.307, 0.0, 30.782, 35.905], [8.9, 15.024, 10.398, 11.634, 25.585, 12.084, 13.168, 19.435, 21.461, 23.003, 9.963, 24.262, 24.812, 0.0, 15.38], [25.204, 29.888, 19.599, 16.96, 32.309, 6.171, 10.926, 25.512, 37.825, 39.094, 7.429, 27.371, 38.346, 14.223, 0.0]]
big_M = 1000.0
planning_horizon = 24.0
penalty_weight = 100000.0
