# MTRSP-VS train | n15_m4_a35 seed=23
# n=15 m=4 T_max=24.0

num_tasks = 15
num_tugboats = 4
num_speed_levels = 3
task_max_tugs = [1, 1, 2, 2, 2, 1, 1, 1, 1, 1, 2, 1, 1, 3, 1]
task_min_horsepower = [2837.5, 2890.9, 4937.5, 3540.6, 4523.9, 2947.5, 2897.7, 2976.4, 1692.3, 1754.0, 2689.7, 1393.3, 2900.9, 4310.5, 1339.4]
task_time_window_lower = [16.115, 8.852, 8.181, 18.408, 16.78, 7.943, 15.956, 4.635, 8.528, 10.536, 16.366, 13.613, 11.562, 4.634, 1.43]
task_time_window_upper = [20.29, 11.864, 13.784, 21.779, 22.035, 12.694, 20.728, 9.193, 11.709, 15.623, 20.565, 16.047, 14.892, 9.975, 7.236]
task_service_distance = [3.186, 5.65, 4.105, 3.229, 4.795, 6.29, 6.799, 4.572, 5.953, 3.893, 3.572, 5.864, 4.442, 4.292, 7.143]
tugboat_horsepower = [3467.1, 3396.4, 3463.0, 2322.8]
tugboat_fuel_capacity = [6007.9, 6754.4, 7571.2, 6283.7]
tugboat_alpha = [0.1747, 0.1481, 0.1672, 0.1469]
tugboat_beta = [0.068, 0.0669, 0.0533, 0.078]
speed_level_names = ['slow', 'medium', 'fast']
speed_values = [6.0, 10.0, 15.0]
speed_power_coefficients = [0.216, 1.0, 3.375]
depot_to_task_distance = [21.625, 4.183, 10.953, 22.065, 8.209, 10.388, 17.161, 6.159, 7.681, 12.194, 15.353, 17.948, 7.475, 9.866, 12.298]
task_to_depot_distance = [24.749, 7.23, 14.744, 20.879, 11.053, 5.487, 11.864, 10.246, 11.58, 8.306, 16.389, 18.932, 7.431, 13.789, 17.782]
task_to_task_distance = [[0.0, 24.712, 34.317, 46.786, 19.43, 16.261, 22.326, 19.119, 20.888, 31.246, 28.882, 42.123, 32.176, 17.6, 12.74], [16.234, 0.0, 18.181, 28.582, 9.46, 3.28, 11.289, 6.173, 10.094, 12.76, 12.747, 25.016, 14.329, 2.647, 6.457], [33.88, 18.041, 0.0, 13.835, 17.631, 24.94, 31.455, 18.398, 16.18, 22.251, 27.599, 7.2, 9.573, 24.567, 25.935], [42.209, 22.481, 11.594, 0.0, 26.561, 31.011, 34.608, 26.269, 25.236, 22.485, 28.565, 3.786, 13.44, 30.205, 33.165], [11.515, 12.678, 19.666, 32.555, 0.0, 8.409, 18.691, 4.905, 6.26, 21.023, 21.442, 27.545, 18.074, 9.478, 5.661], [19.411, 2.579, 16.147, 25.685, 10.615, 0.0, 11.689, 7.396, 10.832, 9.921, 11.029, 22.491, 11.759, 5.257, 9.626], [15.798, 9.103, 22.743, 32.06, 13.947, 3.519, 0.0, 10.803, 14.777, 13.248, 10.876, 29.134, 18.409, 2.632, 7.317], [11.438, 11.111, 19.87, 32.206, 6.008, 5.955, 16.235, 0.0, 7.362, 19.149, 19.18, 27.573, 17.603, 7.053, 3.56], [22.274, 15.644, 12.254, 26.087, 7.113, 17.663, 27.127, 9.88, 0.0, 23.679, 26.796, 19.882, 14.133, 18.047, 16.633], [26.076, 4.974, 15.146, 21.032, 16.087, 12.655, 13.527, 13.282, 15.826, 0.0, 8.365, 19.389, 9.676, 11.374, 16.324], [24.298, 12.261, 25.619, 31.164, 21.547, 12.382, 4.537, 18.235, 21.996, 9.335, 0.0, 30.109, 20.287, 11.137, 16.335], [40.547, 19.835, 11.565, 3.302, 25.563, 28.605, 31.231, 24.755, 24.357, 18.711, 24.8, 0.0, 11.533, 27.667, 31.159], [27.487, 10.885, 3.703, 16.857, 11.636, 17.679, 24.302, 11.612, 10.322, 16.413, 21.141, 11.483, 0.0, 17.264, 18.958], [11.453, 12.119, 24.677, 35.201, 13.19, 3.409, 9.803, 10.621, 14.349, 17.501, 15.179, 31.672, 20.997, 0.0, 4.245], [4.596, 18.519, 26.789, 39.599, 11.777, 11.267, 20.093, 11.824, 13.227, 26.085, 25.033, 34.67, 25.044, 12.68, 0.0]]
big_M = 1000.0
planning_horizon = 24.0
penalty_weight = 100000.0
