# MTRSP-VS train | n15_m4_a35 seed=33
# n=15 m=4 T_max=24.0

num_tasks = 15
num_tugboats = 4
num_speed_levels = 3
task_max_tugs = [1, 1, 1, 1, 1, 1, 1, 1, 1, 2, 1, 1, 1, 1, 1]
task_min_horsepower = [2570.3, 1140.5, 1758.3, 1222.0, 1029.7, 1887.2, 2777.8, 1326.4, 2224.5, 2718.7, 2459.0, 1844.1, 1521.2, 2923.5, 1041.1]
task_time_window_lower = [16.391, 2.185, 15.129, 5.584, 14.837, 15.076, 16.405, 15.9, 11.145, 16.966, 14.064, 1.944, 12.203, 3.915, 20.185]
task_time_window_upper = [19.98, 5.485, 17.871, 10.072, 19.332, 20.941, 20.141, 21.602, 16.147, 21.012, 18.564, 4.856, 15.285, 8.207, 22.94]
task_service_distance = [7.085, 4.816, 5.517, 7.718, 5.481, 5.131, 4.988, 1.228, 3.616, 3.032, 3.927, 2.722, 3.598, 4.014, 5.367]
tugboat_horsepower = [4202.1, 1750.3, 4742.4, 3507.8]
tugboat_fuel_capacity = [6826.8, 7833.2, 7627.7, 6276.2]
tugboat_alpha = [0.1416, 0.1408, 0.1712, 0.1717]
tugboat_beta = [0.0591, 0.0545, 0.0647, 0.082]
speed_level_names = ['slow', 'medium', 'fast']
speed_values = [6.0, 10.0, 15.0]
speed_power_coefficients = [0.216, 1.0, 3.375]
depot_to_task_distance = [5.242, 14.675, 6.708, 2.156, 9.64, 9.073, 15.105, 22.885, 16.407, 12.017, 7.785, 20.916, 18.008, 17.365, 5.58]
task_to_depot_distance = [11.677, 19.345, 11.099, 8.742, 5.208, 7.817, 18.583, 22.746, 17.19, 14.663, 4.007, 20.45, 17.173, 14.659, 3.366]
task_to_task_distance = [[0.0, 4.559, 8.536, 13.528, 20.043, 4.191, 16.787, 17.576, 12.952, 22.091, 17.323, 17.659, 27.909, 25.675, 13.722], [14.112, 0.0, 13.719, 20.728, 28.557, 10.273, 16.949, 23.795, 10.414, 30.75, 26.026, 24.993, 36.683, 34.731, 19.192], [8.414, 12.018, 0.0, 10.859, 20.105, 8.742, 4.389, 29.68, 6.621, 22.519, 18.765, 28.879, 28.31, 28.326, 6.914], [13.984, 23.38, 15.107, 0.0, 3.049, 17.807, 21.384, 27.066, 24.379, 4.92, 4.876, 24.118, 10.156, 11.393, 11.348], [10.424, 19.881, 11.449, 4.063, 0.0, 14.27, 18.094, 25.698, 20.764, 7.855, 5.216, 23.119, 13.581, 14.03, 7.927], [4.271, 9.736, 1.382, 8.246, 17.351, 0.0, 8.548, 25.633, 8.593, 19.756, 15.597, 24.737, 25.707, 25.167, 5.671], [15.126, 14.27, 12.378, 18.42, 27.661, 13.88, 0.0, 34.683, 4.393, 30.073, 26.304, 34.523, 35.833, 35.876, 14.374], [21.317, 20.21, 23.942, 24.856, 25.335, 20.499, 33.358, 0.0, 29.732, 26.048, 22.552, 4.81, 29.818, 25.379, 27.506], [12.301, 7.193, 10.554, 17.938, 26.83, 9.328, 10.401, 28.26, 0.0, 29.198, 24.77, 28.676, 35.196, 34.16, 15.153], [19.482, 28.078, 21.367, 14.53, 5.341, 22.952, 28.905, 25.471, 31.06, 0.0, 6.989, 21.906, 4.035, 3.528, 18.719], [8.57, 17.459, 10.559, 4.866, 6.31, 12.122, 19.064, 21.476, 20.307, 8.516, 0.0, 18.967, 14.5, 13.43, 9.208], [20.83, 23.025, 23.713, 22.316, 20.223, 21.392, 33.607, 6.522, 31.437, 20.389, 17.818, 0.0, 23.274, 18.551, 25.863], [21.856, 30.198, 23.855, 17.147, 8.016, 25.218, 31.564, 25.815, 33.58, 5.716, 9.41, 22.112, 0.0, 1.425, 21.374], [18.698, 26.307, 21.047, 15.22, 7.569, 21.701, 29.676, 20.955, 30.766, 6.365, 7.236, 17.299, 8.234, 0.0, 19.63], [1.98, 11.465, 3.585, 4.728, 12.972, 5.826, 12.992, 22.512, 13.323, 15.326, 10.93, 21.073, 21.328, 20.435, 0.0]]
big_M = 1000.0
planning_horizon = 24.0
penalty_weight = 100000.0
