# MTRSP-VS train | n15_m4_a35 seed=2
# n=15 m=4 T_max=24.0

num_tasks = 15
num_tugboats = 4
num_speed_levels = 3
task_max_tugs = [1, 3, 1, 1, 1, 1, 1, 1, 1, 1, 1, 1, 1, 1, 1]
task_min_horsepower = [1973.2, 4974.0, 1332.1, 1536.3, 1619.1, 2412.4, 2035.5, 2175.9, 1415.6, 2868.3, 1150.8, 2451.9, 1382.8, 1117.5, 1546.2]
task_time_window_lower = [18.467, 11.27, 4.55, 18.631, 14.56, 7.926, 14.338, 20.684, 15.973, 5.604, 2.945, 14.705, 0.883, 2.732, 7.522]
task_time_window_upper = [21.374, 13.695, 9.966, 21.473, 18.252, 10.053, 17.026, 23.015, 18.075, 7.688, 8.199, 17.44, 4.425, 8.692, 9.668]
task_service_distance = [2.27, 6.349, 5.906, 6.615, 5.224, 5.0, 5.629, 4.626, 2.647, 5.247, 4.769, 5.83, 5.45, 4.77, 4.492]
tugboat_horsepower = [1895.9, 2680.2, 3653.3, 4098.6]
tugboat_fuel_capacity = [7103.0, 7210.3, 6091.5, 6527.9]
tugboat_alpha = [0.1561, 0.1649, 0.1461, 0.1784]
tugboat_beta = [0.0537, 0.0775, 0.0835, 0.051]
speed_level_names = ['slow', 'medium', 'fast']
speed_values = [6.0, 10.0, 15.0]
speed_power_coefficients = [0.216, 1.0, 3.375]
depot_to_task_distance = [22.37, 14.356, 5.265, 4.447, 15.805, 23.181, 14.341, 19.053, 17.458, 17.252, 13.693, 20.049, 1.719, 11.603, 14.056]
task_to_depot_distance = [24.638, 17.061, 11.112, 5.749, 16.563, 21.051, 14.966, 14.556, 17.756, 18.736, 16.907, 22.852, 3.778, 9.126, 17.989]
task_to_task_distance = [[0.0, 10.755, 19.373, 29.0, 15.896, 47.818, 22.001, 43.259, 17.143, 7.891, 10.988, 29.232, 24.908, 18.389, 19.034], [6.654, 0.0, 11.936, 21.508, 14.105, 40.07, 13.682, 36.084, 9.684, 5.74, 4.057, 26.893, 17.014, 9.793, 16.195], [11.421, 4.839, 0.0, 15.545, 11.34, 34.253, 12.203, 30.068, 10.949, 7.058, 2.7, 22.534, 11.255, 7.483, 12.291], [22.879, 14.352, 7.695, 0.0, 12.782, 24.0, 19.544, 18.493, 21.735, 17.241, 14.949, 14.361, 7.462, 16.091, 10.138], [8.976, 3.715, 11.81, 20.439, 0.0, 39.065, 20.551, 33.784, 18.252, 3.894, 6.838, 18.624, 17.431, 15.867, 8.181], [43.232, 35.405, 26.232, 17.053, 35.772, 0.0, 28.683, 9.641, 34.189, 38.288, 34.496, 33.667, 20.583, 29.16, 33.142], [25.709, 21.435, 15.32, 16.871, 27.099, 28.976, 0.0, 28.289, 11.389, 23.234, 18.686, 34.733, 13.295, 9.456, 26.777], [36.377, 27.952, 19.598, 10.168, 26.417, 10.582, 26.951, 0.0, 31.314, 30.889, 27.941, 22.418, 15.033, 25.541, 23.396], [13.085, 12.718, 13.78, 21.91, 20.407, 39.104, 8.139, 36.291, 0.0, 12.908, 9.62, 32.174, 17.005, 6.604, 21.83], [9.113, 5.967, 14.105, 22.486, 5.442, 40.967, 22.807, 35.501, 20.24, 0.0, 8.987, 18.598, 19.673, 18.148, 8.788], [6.429, 2.557, 11.775, 21.085, 8.224, 39.907, 18.602, 35.005, 15.7, 0.83, 0.0, 21.547, 17.496, 14.054, 10.937], [33.198, 25.928, 23.912, 21.975, 19.074, 30.954, 36.487, 23.946, 37.78, 27.902, 28.182, 0.0, 24.537, 32.59, 16.151], [21.15, 12.709, 5.159, 6.363, 12.58, 24.871, 16.977, 19.869, 19.131, 15.648, 12.886, 16.413, 0.0, 13.476, 10.487], [14.373, 8.179, 4.665, 13.527, 13.963, 31.849, 9.407, 28.145, 9.604, 10.402, 5.899, 23.859, 8.833, 0.0, 14.285], [19.9, 13.695, 15.897, 19.931, 5.981, 35.94, 28.116, 29.513, 27.592, 15.022, 16.54, 7.807, 19.563, 23.535, 0.0]]
big_M = 1000.0
planning_horizon = 24.0
penalty_weight = 100000.0
