# MTRSP-VS train | n15_m4_a35 seed=27
# n=15 m=4 T_max=24.0

num_tasks = 15
num_tugboats = 4
num_speed_levels = 3
task_max_tugs = [1, 1, 1, 3, 1, 1, 1, 3, 1, 1, 2, 3, 2, 1, 2]
task_min_horsepower = [1182.9, 1114.4, 1228.6, 5667.7, 1599.6, 2026.4, 2813.9, 6320.1, 2789.1, 1007.8, 4492.9, 5842.6, 3905.4, 1921.2, 4739.3]
task_time_window_lower = [13.822, 4.427, 17.791, 7.936, 6.373, 3.307, 5.475, 9.918, 1.917, 16.792, 10.741, 9.7, 8.164, 4.229, 2.814]
task_time_window_upper = [19.198, 8.911, 20.558, 11.253, 11.893, 9.28, 10.881, 12.467, 7.214, 21.171, 12.862, 12.949, 13.489, 7.445, 8.082]
task_service_distance = [7.785, 4.059, 7.548, 5.865, 6.701, 4.931, 4.689, 3.494, 7.656, 6.538, 0.746, 5.87, 7.079, 3.889, 3.85]
tugboat_horsepower = [4003.9, 3921.2, 4654.1, 4984.6]
tugboat_fuel_capacity = [6488.2, 6635.8, 6087.3, 6206.9]
tugboat_alpha = [0.1756, 0.155, 0.1482, 0.1701]
tugboat_beta = [0.0795, 0.0883, 0.0575, 0.0678]
speed_level_names = ['slow', 'medium', 'fast']
speed_values = [6.0, 10.0, 15.0]
speed_power_coefficients = [0.216, 1.0, 3.375]
depot_to_task_distance = [8.757, 18.979, 15.63, 20.951, 15.263, 24.269, 9.501, 7.199, 11.145, 11.593, 20.833, 11.17, 7.068, 10.987, 0.837]
task_to_depot_distance = [16.359, 22.856, 11.219, 19.997, 9.106, 21.409, 11.397, 5.374, 5.819, 5.055, 20.516, 5.304, 11.517, 14.809, 3.356]
task_to_task_distance = [[0.0, 23.183, 25.686, 22.774, 6.283, 32.868, 19.466, 13.562, 15.753, 26.792, 27.582, 19.876, 22.019, 13.43, 15.552], [23.953, 0.0, 38.448, 2.498, 29.787, 47.086, 13.939, 28.275, 12.142, 32.149, 43.614, 33.881, 20.029, 13.532, 22.922], [17.795, 28.881, 0.0, 31.325, 21.941, 15.182, 18.982, 12.082, 22.012, 2.571, 13.944, 8.23, 13.272, 22.149, 11.641], [18.262, 8.097, 35.312, 0.0, 23.048, 43.85, 13.525, 23.725, 9.154, 30.938, 39.687, 30.076, 19.836, 9.048, 19.768], [4.247, 24.507, 15.367, 25.487, 0.0, 22.962, 16.82, 3.33, 15.819, 17.106, 18.012, 9.533, 16.133, 14.285, 8.327], [25.564, 39.887, 6.549, 42.18, 27.123, 0.0, 29.994, 19.066, 32.542, 12.743, 7.897, 12.386, 24.449, 32.309, 21.589], [17.975, 11.844, 25.067, 14.929, 25.106, 33.415, 0.0, 18.558, 9.685, 17.081, 31.044, 21.892, 5.216, 11.704, 11.981], [4.079, 21.326, 15.587, 22.622, 9.915, 23.853, 13.107, 0.0, 12.703, 14.968, 19.451, 9.981, 12.315, 11.523, 4.559], [12.38, 13.93, 20.731, 16.355, 19.477, 29.317, 4.04, 12.853, 0.0, 14.405, 26.328, 16.818, 3.506, 8.718, 6.301], [12.982, 22.665, 12.179, 25.005, 18.566, 20.666, 12.776, 8.916, 15.617, 0.0, 18.128, 9.347, 7.719, 15.806, 5.644], [21.601, 39.454, 6.491, 41.208, 21.097, 6.374, 29.968, 15.514, 31.218, 16.454, 0.0, 9.373, 25.68, 30.38, 20.358], [9.475, 24.224, 10.715, 26.065, 13.986, 19.282, 14.801, 4.067, 16.122, 9.833, 15.571, 0.0, 11.447, 15.569, 5.131], [16.568, 8.939, 26.381, 11.852, 23.643, 34.914, 2.379, 18.319, 6.636, 19.253, 32.069, 22.578, 0.0, 8.833, 11.907], [13.791, 8.063, 30.167, 7.9, 19.424, 38.731, 9.052, 18.804, 4.173, 25.822, 34.675, 25.01, 15.078, 0.0, 14.586], [11.128, 21.745, 12.793, 23.923, 16.863, 21.405, 11.955, 7.439, 14.305, 8.318, 18.418, 9.123, 7.719, 14.302, 0.0]]
big_M = 1000.0
planning_horizon = 24.0
penalty_weight = 100000.0
