# MTRSP-VS train | n15_m4_a35 seed=38
# n=15 m=4 T_max=24.0

num_tasks = 15
num_tugboats = 4
num_speed_levels = 3
task_max_tugs = [1, 2, 1, 1, 1, 2, 1, 1, 2, 1, 2, 1, 3, 2, 3]
task_min_horsepower = [1441.8, 3604.2, 1322.8, 2085.9, 1290.7, 3796.2, 2173.9, 1527.4, 4223.2, 1054.6, 4246.1, 1416.7, 5254.9, 3250.2, 4125.9]
task_time_window_lower = [18.732, 15.025, 5.574, 15.02, 8.578, 8.579, 8.571, 11.221, 5.814, 14.217, 4.578, 1.34, 12.625, 8.728, 11.021]
task_time_window_upper = [22.831, 17.336, 10.031, 19.594, 11.618, 13.088, 11.314, 16.064, 9.11, 16.894, 9.693, 5.825, 15.33, 12.196, 13.241]
task_service_distance = [6.621, 6.04, 4.647, 1.635, 3.704, 5.248, 3.123, 7.468, 3.914, 4.319, 4.864, 6.698, 7.671, 6.74, 4.736]
tugboat_horsepower = [2286.0, 3692.6, 3157.1, 2302.1]
tugboat_fuel_capacity = [6307.9, 7984.1, 7165.9, 6520.3]
tugboat_alpha = [0.1743, 0.1441, 0.1762, 0.1422]
tugboat_beta = [0.0754, 0.0654, 0.0601, 0.0867]
speed_level_names = ['slow', 'medium', 'fast']
speed_values = [6.0, 10.0, 15.0]
speed_power_coefficients = [0.216, 1.0, 3.375]
depot_to_task_distance = [5.477, 8.193, 9.804, 16.225, 4.068, 17.647, 16.573, 12.302, 11.948, 7.962, 13.503, 11.907, 12.705, 20.351, 13.718]
task_to_depot_distance = [10.94, 9.875, 14.146, 17.5, 0.466, 19.973, 13.748, 12.748, 8.396, 8.856, 9.808, 16.457, 17.661, 18.295, 17.426]
task_to_task_distance = [[0.0, 6.082, 18.383, 19.933, 7.034, 28.402, 6.406, 21.423, 7.566, 15.752, 12.707, 9.477, 3.114, 16.67, 3.353], [6.006, 0.0, 17.764, 18.698, 5.884, 27.442, 6.972, 20.122, 8.161, 15.181, 13.078, 9.906, 4.329, 17.495, 3.949], [15.05, 15.504, 0.0, 29.411, 17.031, 13.791, 27.821, 21.568, 16.573, 6.246, 12.791, 14.66, 21.2, 18.483, 24.765], [20.561, 22.934, 26.236, 0.0, 16.973, 27.804, 20.953, 12.468, 26.485, 25.103, 29.995, 27.495, 23.561, 35.985, 20.286], [5.396, 8.148, 10.268, 15.886, 0.0, 18.026, 16.2, 12.269, 11.94, 8.405, 13.678, 11.983, 12.493, 20.472, 13.368], [23.494, 24.983, 12.149, 30.677, 23.928, 0.0, 36.244, 20.272, 27.113, 14.819, 24.226, 25.513, 30.781, 30.267, 33.244], [10.699, 10.746, 22.355, 18.201, 9.703, 31.37, 0.0, 22.132, 12.236, 19.826, 17.455, 14.215, 7.042, 20.96, 2.22], [16.667, 19.287, 20.913, 3.933, 13.156, 22.439, 20.309, 0.0, 23.053, 19.971, 25.901, 23.727, 21.12, 32.331, 18.867], [3.731, 2.089, 11.384, 23.293, 7.32, 22.914, 14.457, 20.696, 0.0, 8.704, 5.719, 3.515, 7.59, 12.067, 11.468], [12.103, 13.778, 2.818, 22.65, 12.64, 10.38, 24.842, 14.471, 16.372, 0.0, 14.735, 15.12, 19.499, 21.645, 21.834], [4.89, 2.532, 12.464, 24.422, 8.447, 24.184, 14.228, 22.111, 2.567, 9.819, 0.0, 2.173, 7.023, 10.78, 11.333], [10.98, 8.32, 20.037, 28.43, 13.68, 31.844, 11.722, 28.445, 5.097, 17.434, 8.975, 0.0, 5.516, 9.205, 10.006], [12.244, 9.475, 20.152, 30.38, 15.241, 32.2, 13.97, 29.838, 5.772, 17.651, 8.224, 6.722, 0.0, 7.076, 12.267], [15.023, 13.219, 14.261, 34.277, 18.534, 25.972, 24.048, 29.702, 11.079, 12.966, 5.883, 9.082, 16.576, 0.0, 21.456], [12.722, 11.245, 24.16, 24.719, 13.54, 34.751, 4.562, 27.671, 10.495, 21.471, 15.71, 12.671, 5.43, 16.991, 0.0]]
big_M = 1000.0
planning_horizon = 24.0
penalty_weight = 100000.0
