# MTRSP-VS train | n15_m4_a35 seed=10
# n=15 m=4 T_max=24.0

num_tasks = 15
num_tugboats = 4
num_speed_levels = 3
task_max_tugs = [1, 3, 2, 1, 1, 1, 1, 2, 1, 2, 1, 1, 3, 1, 1]
task_min_horsepower = [1491.0, 5851.8, 2798.7, 1329.9, 2642.1, 1960.3, 1869.4, 4281.4, 1638.8, 3620.1, 1781.2, 2346.7, 5576.1, 2040.2, 1125.5]
task_time_window_lower = [9.248, 8.575, 10.59, 3.323, 19.601, 0.718, 11.773, 2.022, 9.792, 8.745, 8.802, 8.94, 17.146, 8.131, 17.647]
task_time_window_upper = [13.206, 12.18, 14.93, 7.282, 23.366, 4.379, 13.784, 4.224, 12.227, 14.716, 12.637, 12.944, 22.051, 12.923, 22.245]
task_service_distance = [5.89, 6.267, 4.25, 6.025, 6.375, 3.665, 1.236, 7.285, 4.572, 4.008, 5.064, 6.289, 5.836, 6.878, 6.621]
tugboat_horsepower = [3666.9, 2330.7, 3904.6, 2037.7]
tugboat_fuel_capacity = [7924.7, 6870.7, 7717.7, 7436.5]
tugboat_alpha = [0.1755, 0.1418, 0.1765, 0.1707]
tugboat_beta = [0.0885, 0.0893, 0.0614, 0.0768]
speed_level_names = ['slow', 'medium', 'fast']
speed_values = [6.0, 10.0, 15.0]
speed_power_coefficients = [0.216, 1.0, 3.375]
depot_to_task_distance = [3.527, 15.765, 6.071, 23.583, 8.633, 8.626, 23.558, 21.574, 14.703, 15.389, 15.418, 11.13, 17.459, 14.004, 15.879]
task_to_depot_distance = [5.191, 21.938, 8.705, 20.974, 11.84, 7.205, 24.749, 18.352, 15.47, 17.532, 11.062, 11.647, 11.624, 13.311, 22.357]
task_to_task_distance = [[0.0, 10.652, 9.808, 23.277, 13.551, 3.456, 18.41, 26.763, 13.891, 19.466, 20.608, 9.002, 17.542, 16.736, 17.508], [22.47, 0.0, 26.416, 32.706, 30.434, 13.457, 2.575, 43.239, 19.191, 35.894, 37.204, 15.445, 28.945, 32.035, 26.647], [5.3, 19.595, 0.0, 15.288, 8.937, 13.048, 26.607, 22.829, 23.226, 10.615, 16.981, 19.042, 9.127, 6.4, 24.417], [17.534, 28.832, 15.781, 0.0, 18.578, 23.71, 34.344, 29.296, 35.386, 13.985, 24.858, 30.92, 5.311, 8.936, 36.588], [13.223, 27.334, 11.01, 29.443, 0.0, 20.368, 35.146, 9.913, 20.579, 12.343, 4.165, 19.804, 23.598, 15.822, 16.684], [6.313, 10.147, 10.156, 20.789, 14.642, 0.0, 17.519, 28.447, 16.628, 19.527, 22.248, 11.507, 15.311, 15.931, 20.543], [24.992, 8.99, 28.897, 33.441, 33.123, 16.154, 0.0, 46.193, 22.469, 38.217, 40.11, 18.735, 30.19, 34.04, 29.945], [20.229, 33.081, 18.23, 36.401, 13.512, 26.486, 40.796, 0.0, 23.304, 18.082, 6.853, 24.074, 30.678, 22.522, 17.297], [18.958, 20.046, 20.99, 38.858, 20.713, 17.004, 26.215, 26.691, 0.0, 28.598, 22.401, 9.036, 32.813, 28.977, 3.186], [15.08, 30.48, 11.477, 16.392, 11.209, 23.796, 37.437, 19.007, 31.958, 0.0, 15.261, 28.654, 12.517, 4.668, 30.999], [11.315, 26.809, 8.197, 25.586, 3.09, 19.627, 34.58, 11.136, 22.551, 8.308, 0.0, 20.819, 19.888, 11.785, 19.783], [15.11, 17.302, 17.319, 34.967, 17.519, 13.432, 24.08, 25.198, 4.415, 25.363, 20.299, 0.0, 28.932, 25.342, 5.49], [8.097, 19.617, 7.881, 11.97, 12.48, 13.897, 25.992, 26.108, 25.601, 12.734, 20.407, 21.013, 0.0, 7.237, 27.5], [9.785, 21.025, 9.203, 10.338, 13.495, 15.524, 27.165, 26.743, 27.346, 12.731, 21.22, 22.748, 4.173, 0.0, 29.176], [25.865, 28.584, 27.013, 45.911, 25.299, 25.383, 34.476, 26.724, 12.815, 32.893, 24.19, 17.603, 39.76, 34.598, 0.0]]
big_M = 1000.0
planning_horizon = 24.0
penalty_weight = 100000.0
