# MTRSP-VS train | n15_m4_a35 seed=22
# n=15 m=4 T_max=24.0

num_tasks = 15
num_tugboats = 4
num_speed_levels = 3
task_max_tugs = [1, 1, 1, 1, 1, 1, 1, 2, 1, 1, 1, 1, 1, 1, 1]
task_min_horsepower = [1863.5, 2859.0, 2024.0, 1193.1, 1342.8, 1698.3, 1714.4, 2592.4, 2591.8, 1403.0, 1104.2, 2656.2, 1921.2, 1997.1, 2169.1]
task_time_window_lower = [13.412, 14.624, 6.873, 15.464, 18.446, 10.964, 6.628, 14.751, 5.451, 21.115, 2.432, 5.388, 3.348, 2.034, 4.179]
task_time_window_upper = [19.377, 18.516, 11.446, 20.601, 22.879, 13.037, 11.166, 17.437, 9.188, 23.282, 5.841, 8.254, 8.813, 5.14, 8.059]
task_service_distance = [1.463, 6.257, 7.797, 6.426, 6.49, 7.249, 7.806, 4.292, 7.773, 6.338, 3.161, 5.047, 4.869, 5.716, 3.441]
tugboat_horsepower = [4072.2, 4419.5, 2704.5, 4737.7]
tugboat_fuel_capacity = [7682.2, 7249.2, 6410.4, 7507.5]
tugboat_alpha = [0.1654, 0.142, 0.1676, 0.1568]
tugboat_beta = [0.0602, 0.0856, 0.0545, 0.0869]
speed_level_names = ['slow', 'medium', 'fast']
speed_values = [6.0, 10.0, 15.0]
speed_power_coefficients = [0.216, 1.0, 3.375]
depot_to_task_distance = [20.387, 17.276, 16.554, 15.532, 17.402, 12.709, 18.081, 7.979, 11.827, 16.923, 15.82, 0.645, 16.061, 7.844, 6.143]
task_to_depot_distance = [21.572, 16.696, 10.596, 15.278, 17.53, 19.381, 10.413, 11.421, 11.644, 19.899, 12.967, 4.419, 13.819, 13.559, 9.547]
task_to_task_distance = [[0.0, 28.559, 5.034, 31.052, 10.703, 24.191, 22.308, 19.626, 32.912, 38.434, 36.001, 21.757, 6.558, 29.319, 17.771], [30.951, 0.0, 28.252, 29.476, 23.184, 8.417, 34.766, 24.675, 19.669, 19.611, 9.309, 17.188, 29.198, 13.698, 22.571], [11.741, 24.033, 0.0, 18.723, 13.824, 18.985, 12.914, 7.116, 20.822, 26.654, 26.344, 10.534, 6.125, 18.331, 5.407], [25.667, 32.547, 21.996, 0.0, 28.037, 27.952, 6.608, 8.548, 15.978, 21.781, 27.357, 14.664, 19.646, 18.566, 11.62], [15.801, 12.787, 14.998, 32.72, 0.0, 10.136, 30.636, 22.235, 28.371, 31.9, 25.074, 18.124, 17.305, 22.37, 19.164], [29.013, 2.201, 27.028, 33.843, 20.245, 0.0, 37.089, 27.06, 25.105, 25.836, 15.825, 19.98, 28.551, 18.725, 24.465], [20.571, 27.545, 16.728, 9.86, 22.252, 22.759, 0.0, 2.792, 15.144, 21.298, 24.554, 9.872, 14.639, 15.593, 5.842], [16.146, 27.341, 12.433, 14.464, 18.966, 22.339, 8.028, 0.0, 19.002, 25.12, 26.91, 11.073, 10.145, 18.181, 5.324], [31.558, 16.804, 27.901, 18.676, 26.674, 15.05, 27.114, 18.046, 0.0, 7.986, 5.267, 11.688, 27.652, 4.008, 17.348], [39.567, 30.497, 35.579, 13.705, 37.259, 28.248, 26.454, 21.525, 8.126, 0.0, 17.091, 19.492, 34.316, 14.155, 22.826], [31.488, 13.099, 28.101, 22.602, 25.489, 12.286, 29.978, 20.356, 12.007, 11.711, 0.0, 13.215, 28.279, 6.921, 19.071], [20.531, 12.889, 17.077, 19.729, 15.559, 8.296, 22.187, 12.091, 14.121, 18.11, 14.156, 0.0, 17.309, 8.412, 9.713], [6.642, 21.793, 3.294, 25.219, 7.318, 17.058, 19.398, 13.526, 25.435, 30.741, 28.076, 14.069, 0.0, 21.463, 11.015], [33.723, 18.989, 30.003, 18.463, 29.073, 17.466, 27.924, 19.339, 7.107, 5.719, 5.721, 13.52, 29.619, 0.0, 18.967], [14.998, 24.978, 11.099, 15.411, 16.864, 19.96, 10.451, 3.958, 18.38, 24.387, 25.284, 9.288, 9.185, 16.775, 0.0]]
big_M = 1000.0
planning_horizon = 24.0
penalty_weight = 100000.0
