# MTRSP-VS train | n15_m4_a35 seed=15
# n=15 m=4 T_max=24.0

num_tasks = 15
num_tugboats = 4
num_speed_levels = 3
task_max_tugs = [1, 1, 1, 1, 1, 1, 1, 2, 1, 1, 1, 2, 1, 1, 1]
task_min_horsepower = [1672.4, 1148.4, 2592.3, 1230.8, 1752.3, 2856.0, 1574.4, 4734.9, 1316.7, 1961.9, 1086.1, 4609.4, 1924.6, 2186.7, 1511.3]
task_time_window_lower = [0.193, 13.403, 7.114, 13.77, 6.116, 14.984, 16.447, 14.681, 8.005, 2.867, 20.714, 18.877, 6.064, 12.536, 6.526]
task_time_window_upper = [2.533, 16.735, 10.633, 18.244, 10.498, 20.271, 22.021, 16.742, 11.397, 6.94, 23.711, 22.201, 10.802, 15.811, 11.334]
task_service_distance = [5.726, 3.149, 2.207, 4.317, 4.543, 4.157, 5.823, 5.703, 5.119, 3.861, 4.433, 3.581, 5.775, 7.741, 7.125]
tugboat_horsepower = [1706.7, 4051.0, 2102.8, 4512.4]
tugboat_fuel_capacity = [6669.6, 7787.9, 6257.5, 6196.4]
tugboat_alpha = [0.1537, 0.1695, 0.1619, 0.1594]
tugboat_beta = [0.0863, 0.0658, 0.0815, 0.0502]
speed_level_names = ['slow', 'medium', 'fast']
speed_values = [6.0, 10.0, 15.0]
speed_power_coefficients = [0.216, 1.0, 3.375]
depot_to_task_distance = [23.607, 23.993, 21.505, 10.587, 18.13, 14.875, 15.001, 15.253, 21.501, 21.028, 10.161, 19.485, 11.967, 11.228, 11.38]
task_to_depot_distance = [20.939, 22.367, 20.306, 8.569, 22.217, 10.983, 12.144, 17.71, 23.368, 19.33, 8.121, 21.349, 16.333, 6.868, 12.23]
task_to_task_distance = [[0.0, 5.433, 29.418, 10.903, 25.104, 12.183, 20.561, 30.53, 29.221, 34.361, 22.015, 4.681, 29.901, 17.43, 27.209], [2.389, 0.0, 35.022, 11.856, 30.641, 17.923, 16.96, 34.526, 34.852, 31.162, 26.195, 3.516, 33.032, 15.211, 25.626], [35.106, 35.06, 0.0, 25.359, 4.922, 17.702, 34.798, 8.234, 2.431, 40.523, 10.482, 31.671, 12.691, 30.494, 31.048], [16.071, 16.318, 21.405, 0.0, 17.155, 7.969, 15.566, 19.241, 21.295, 26.362, 11.135, 12.029, 17.748, 11.044, 17.428], [34.689, 34.57, 1.18, 25.98, 0.0, 17.143, 36.21, 11.513, 0.977, 42.866, 12.081, 31.505, 15.803, 31.791, 33.286], [19.406, 19.451, 16.033, 9.897, 11.682, 0.0, 21.264, 15.931, 15.895, 31.113, 7.429, 15.777, 15.839, 16.727, 21.726], [23.804, 24.462, 33.637, 14.039, 30.134, 23.888, 0.0, 26.843, 33.628, 10.59, 22.243, 20.411, 22.818, 6.66, 4.564], [39.467, 39.669, 15.224, 27.094, 15.861, 24.53, 32.237, 0.0, 15.443, 33.24, 13.591, 35.455, 5.813, 28.863, 24.981], [32.6, 32.398, 5.382, 25.316, 5.514, 15.315, 36.409, 15.07, 0.0, 44.358, 13.359, 29.753, 18.936, 31.895, 34.706], [29.711, 30.428, 40.74, 21.524, 37.46, 31.635, 10.489, 33.079, 40.753, 0.0, 29.485, 26.819, 28.683, 13.639, 8.456], [28.589, 28.802, 14.118, 16.29, 11.574, 14.646, 23.101, 7.253, 14.167, 27.929, 0.0, 24.57, 5.291, 19.158, 18.441], [4.196, 3.956, 30.772, 11.027, 26.438, 13.515, 19.855, 31.557, 30.58, 33.816, 23.052, 0.0, 30.74, 16.987, 26.993], [39.177, 39.449, 18.442, 26.417, 18.451, 25.463, 30.154, 8.239, 18.639, 29.967, 14.601, 35.088, 0.0, 27.139, 22.148], [24.116, 24.671, 28.336, 12.194, 24.996, 20.249, 9.831, 21.336, 28.34, 14.343, 17.027, 20.248, 17.355, 0.0, 4.886], [33.178, 33.723, 30.371, 20.926, 28.07, 27.104, 17.385, 21.111, 30.455, 13.288, 20.441, 29.274, 16.401, 16.569, 0.0]]
big_M = 1000.0
planning_horizon = 24.0
penalty_weight = 100000.0
