# MTRSP-VS train | n15_m4_a35 seed=11
# n=15 m=4 T_max=24.0

num_tasks = 15
num_tugboats = 4
num_speed_levels = 3
task_max_tugs = [2, 1, 2, 2, 1, 1, 2, 2, 2, 3, 1, 1, 3, 1, 2]
task_min_horsepower = [3331.5, 2516.1, 3116.0, 2649.7, 1355.4, 1894.8, 4329.7, 4109.3, 3551.9, 4809.4, 2606.8, 2769.7, 5182.8, 2283.7, 4973.3]
task_time_window_lower = [5.462, 6.22, 1.528, 12.61, 12.644, 9.297, 8.786, 17.072, 3.278, 15.02, 3.986, 17.907, 20.156, 11.148, 2.109]
task_time_window_upper = [8.315, 11.311, 4.713, 14.971, 15.616, 12.784, 14.623, 21.37, 6.01, 20.654, 6.984, 22.865, 22.942, 16.677, 5.795]
task_service_distance = [7.621, 3.923, 3.471, 6.467, 6.27, 5.642, 3.15, 5.596, 5.287, 7.201, 4.445, 7.233, 3.003, 7.902, 6.893]
tugboat_horsepower = [4869.4, 1635.4, 3966.0, 2334.4]
tugboat_fuel_capacity = [6586.9, 6350.9, 7440.7, 6137.6]
tugboat_alpha = [0.1491, 0.1624, 0.1741, 0.1646]
tugboat_beta = [0.0612, 0.0867, 0.0582, 0.0507]
speed_level_names = ['slow', 'medium', 'fast']
speed_values = [6.0, 10.0, 15.0]
speed_power_coefficients = [0.216, 1.0, 3.375]
depot_to_task_distance = [2.675, 3.071, 11.217, 17.964, 23.44, 20.781, 14.112, 12.164, 5.686, 24.584, 11.46, 9.951, 20.119, 14.398, 15.615]
task_to_depot_distance = [9.843, 4.57, 13.953, 14.902, 17.177, 16.364, 16.213, 9.518, 10.93, 18.692, 7.949, 4.046, 22.552, 8.852, 19.464]
task_to_task_distance = [[0.0, 9.409, 15.138, 8.821, 28.856, 20.898, 12.873, 10.847, 9.312, 29.823, 13.449, 19.791, 26.519, 23.951, 5.888], [2.083, 0.0, 11.093, 13.394, 24.559, 21.433, 13.823, 9.35, 4.659, 25.613, 12.55, 14.387, 21.796, 18.397, 11.443], [12.512, 10.93, 0.0, 17.933, 13.748, 34.169, 26.684, 5.698, 8.555, 14.526, 25.021, 18.017, 12.703, 18.239, 20.436], [12.243, 12.623, 12.829, 0.0, 25.238, 29.752, 21.728, 6.024, 10.578, 25.953, 22.041, 23.644, 24.116, 26.225, 10.531], [17.094, 14.959, 7.863, 26.545, 0.0, 37.816, 31.26, 14.27, 13.782, 7.407, 28.514, 15.851, 3.843, 13.332, 28.169], [17.744, 19.29, 27.58, 26.846, 39.112, 0.0, 7.173, 27.298, 21.67, 40.302, 5.458, 19.707, 35.371, 25.243, 21.105], [16.077, 18.189, 26.189, 19.166, 39.404, 8.862, 0.0, 23.504, 19.739, 40.506, 7.534, 23.731, 36.278, 29.193, 12.896], [6.846, 7.498, 10.51, 9.247, 24.103, 25.446, 17.491, 0.0, 5.971, 25.009, 17.148, 18.66, 22.132, 21.817, 9.818], [8.828, 7.925, 5.521, 13.388, 18.609, 29.976, 22.248, 1.583, 0.0, 19.46, 21.089, 17.661, 17.017, 19.406, 15.381], [19.099, 16.931, 10.986, 29.861, 6.019, 38.816, 32.759, 17.684, 16.239, 0.0, 29.637, 15.212, 1.826, 11.51, 31.035], [9.687, 10.965, 19.14, 21.903, 30.679, 13.402, 8.524, 19.552, 13.472, 31.862, 0.0, 12.452, 27.023, 18.023, 17.392], [5.581, 4.008, 9.036, 20.552, 19.883, 24.141, 17.93, 12.268, 5.882, 21.058, 14.867, 0.0, 16.354, 10.758, 19.078], [22.553, 20.412, 13.148, 31.396, 1.207, 43.06, 36.657, 19.114, 19.232, 2.373, 33.793, 19.994, 0.0, 16.295, 33.429], [9.841, 7.795, 7.431, 23.481, 15.363, 28.785, 22.775, 13.084, 8.293, 16.561, 19.587, 7.296, 11.635, 0.0, 23.002], [16.905, 18.094, 20.374, 1.565, 33.039, 28.6, 20.995, 13.73, 16.782, 33.75, 22.827, 29.183, 31.839, 32.615, 0.0]]
big_M = 1000.0
planning_horizon = 24.0
penalty_weight = 100000.0
