# MTRSP-VS train | n15_m4_a35 seed=18
# n=15 m=4 T_max=24.0

num_tasks = 15
num_tugboats = 4
num_speed_levels = 3
task_max_tugs = [1, 2, 1, 1, 1, 2, 1, 1, 1, 1, 2, 1, 2, 1, 1]
task_min_horsepower = [2087.0, 4775.9, 2584.3, 2363.1, 2969.5, 4223.2, 1956.8, 1362.7, 1541.8, 2403.8, 3346.2, 1602.8, 4985.9, 1036.3, 1292.1]
task_time_window_lower = [15.772, 8.268, 11.141, 2.041, 14.579, 8.204, 9.231, 17.82, 2.773, 16.719, 13.268, 1.218, 17.385, 13.958, 9.483]
task_time_window_upper = [18.423, 12.877, 15.199, 5.876, 19.654, 11.892, 13.673, 21.481, 8.393, 19.408, 19.099, 4.406, 22.694, 18.992, 15.374]
task_service_distance = [4.673, 5.399, 6.459, 7.33, 6.674, 7.366, 3.033, 5.689, 6.0, 7.615, 3.801, 5.035, 3.763, 7.12, 3.761]
tugboat_horsepower = [2417.9, 1767.4, 4755.3, 4438.1]
tugboat_fuel_capacity = [6212.6, 6747.8, 6715.2, 6177.6]
tugboat_alpha = [0.1507, 0.1539, 0.1468, 0.168]
tugboat_beta = [0.0831, 0.0664, 0.0709, 0.0784]
speed_level_names = ['slow', 'medium', 'fast']
speed_values = [6.0, 10.0, 15.0]
speed_power_coefficients = [0.216, 1.0, 3.375]
depot_to_task_distance = [12.505, 0.422, 11.924, 11.767, 13.069, 12.146, 12.176, 12.606, 11.432, 13.504, 7.906, 6.882, 15.687, 12.265, 18.95]
task_to_depot_distance = [13.954, 5.707, 11.512, 15.021, 19.537, 6.654, 10.216, 15.293, 17.092, 10.256, 11.121, 2.197, 18.466, 15.32, 15.294]
task_to_task_distance = [[0.0, 13.857, 18.745, 15.773, 19.27, 3.937, 17.114, 2.13, 10.672, 11.52, 17.002, 20.307, 5.197, 4.126, 22.895], [7.14, 0.0, 10.16, 14.678, 11.022, 6.988, 9.307, 7.96, 12.109, 8.143, 12.491, 12.567, 10.287, 9.717, 16.132], [8.501, 11.106, 0.0, 21.559, 6.608, 9.096, 4.359, 10.886, 18.683, 3.108, 19.1, 17.684, 10.397, 14.831, 10.011], [24.228, 15.443, 26.679, 0.0, 27.863, 23.471, 27.169, 22.788, 12.669, 27.756, 7.19, 11.692, 26.96, 18.917, 33.831], [18.349, 19.121, 7.87, 30.864, 0.0, 19.07, 7.421, 20.911, 28.633, 11.583, 27.434, 23.95, 19.444, 25.064, 0.835], [7.307, 6.287, 8.658, 16.318, 9.46, 0.0, 7.669, 8.641, 13.778, 6.862, 13.908, 13.338, 10.303, 11.06, 14.464], [13.808, 9.815, 1.717, 21.874, 2.898, 14.153, 0.0, 15.707, 20.467, 9.37, 18.029, 14.461, 16.253, 18.452, 8.882], [3.472, 15.013, 14.81, 21.298, 14.933, 4.326, 12.69, 0.0, 16.806, 5.683, 20.96, 22.174, 2.431, 10.802, 17.12], [15.255, 17.283, 26.671, 10.014, 27.521, 14.353, 25.691, 12.635, 0.0, 21.764, 14.538, 20.693, 16.281, 7.673, 32.28], [2.371, 10.054, 13.861, 15.698, 14.431, 1.89, 12.319, 2.882, 11.54, 0.0, 15.273, 17.048, 5.486, 6.518, 18.419], [18.793, 11.523, 23.042, 2.242, 24.18, 18.006, 23.157, 17.243, 7.238, 22.806, 0.0, 10.499, 21.441, 13.336, 30.014], [14.597, 2.337, 12.032, 12.511, 13.22, 14.276, 12.689, 14.789, 12.992, 15.024, 7.892, 0.0, 17.779, 14.385, 19.201], [6.349, 18.187, 17.213, 23.982, 17.174, 7.073, 14.98, 7.984, 19.239, 7.8, 23.973, 25.347, 0.0, 12.901, 18.479], [3.522, 15.148, 18.04, 18.604, 18.39, 3.377, 16.159, 2.84, 13.613, 9.77, 19.381, 21.994, 2.319, 0.0, 21.337], [16.185, 14.885, 3.432, 26.83, 2.244, 16.764, 3.683, 18.53, 25.008, 10.034, 23.149, 19.477, 17.927, 22.129, 0.0]]
big_M = 1000.0
planning_horizon = 24.0
penalty_weight = 100000.0
