# MTRSP-VS train | n15_m4_a35 seed=9
# n=15 m=4 T_max=24.0

num_tasks = 15
num_tugboats = 4
num_speed_levels = 3
task_max_tugs = [1, 1, 2, 1, 3, 1, 1, 3, 2, 1, 1, 1, 1, 1, 1]
task_min_horsepower = [1345.1, 2916.7, 3887.7, 1298.6, 6984.7, 1242.7, 2901.8, 5833.4, 3414.9, 2180.5, 1173.5, 2728.1, 1902.6, 2972.1, 1036.7]
task_time_window_lower = [6.181, 4.325, 6.567, 13.626, 16.927, 17.097, 9.335, 4.757, 8.096, 20.319, 7.607, 6.855, 3.307, 4.823, 21.259]
task_time_window_upper = [11.378, 8.06, 10.343, 15.981, 19.339, 19.198, 14.565, 9.595, 13.047, 23.243, 11.211, 12.295, 7.977, 10.196, 23.461]
task_service_distance = [3.693, 7.491, 3.204, 6.625, 5.531, 4.918, 6.371, 4.334, 3.997, 4.894, 7.532, 5.894, 3.324, 5.484, 6.194]
tugboat_horsepower = [4812.8, 3623.0, 2104.6, 4951.6]
tugboat_fuel_capacity = [6900.9, 7573.2, 6588.5, 6029.6]
tugboat_alpha = [0.1719, 0.1514, 0.1592, 0.1511]
tugboat_beta = [0.0885, 0.0799, 0.0618, 0.0547]
speed_level_names = ['slow', 'medium', 'fast']
speed_values = [6.0, 10.0, 15.0]
speed_power_coefficients = [0.216, 1.0, 3.375]
depot_to_task_distance = [4.619, 17.275, 4.503, 7.317, 16.416, 10.106, 15.741, 14.688, 13.267, 20.472, 16.885, 13.683, 20.106, 22.279, 4.531]
task_to_depot_distance = [7.275, 11.362, 6.305, 11.439, 16.716, 5.583, 20.185, 10.367, 9.434, 17.474, 11.164, 18.685, 22.228, 20.966, 2.365]
task_to_task_distance = [[0.0, 19.833, 11.286, 8.101, 12.183, 16.895, 15.116, 8.239, 20.062, 14.734, 18.422, 6.468, 15.311, 19.502, 5.369], [12.482, 0.0, 12.633, 18.655, 17.427, 15.078, 11.506, 19.849, 7.729, 30.817, 8.72, 22.096, 20.954, 19.281, 10.784], [10.76, 17.954, 0.0, 10.975, 21.744, 4.879, 19.175, 20.85, 8.543, 25.81, 18.544, 19.916, 25.529, 26.545, 10.138], [14.636, 28.296, 8.875, 0.0, 26.509, 9.533, 27.115, 22.731, 19.708, 19.594, 28.205, 18.632, 29.858, 33.21, 15.462], [12.099, 20.829, 21.163, 18.422, 0.0, 26.81, 13.121, 2.307, 27.21, 17.547, 18.365, 8.183, 6.222, 12.734, 12.684], [10.095, 20.83, 1.292, 7.555, 21.999, 0.0, 20.791, 19.966, 12.345, 22.7, 21.035, 17.941, 25.687, 27.684, 10.105], [16.417, 13.906, 24.402, 25.053, 5.741, 29.413, 0.0, 12.2, 25.492, 28.258, 11.113, 18.303, 5.78, 2.184, 15.734], [5.811, 18.725, 14.751, 12.258, 8.239, 20.409, 12.627, 0.0, 21.904, 15.865, 16.833, 5.884, 11.18, 15.825, 6.764], [13.084, 15.021, 7.733, 15.368, 22.298, 7.923, 18.099, 22.725, 0.0, 29.788, 16.209, 22.924, 26.07, 25.836, 11.924], [14.577, 29.944, 20.467, 13.707, 17.643, 25.467, 23.728, 11.165, 30.691, 0.0, 28.099, 5.413, 18.878, 25.292, 16.233], [11.727, 6.691, 12.968, 18.479, 15.956, 15.905, 10.011, 18.578, 9.196, 30.067, 0.0, 21.105, 19.459, 17.796, 9.999], [15.55, 30.481, 21.828, 15.209, 17.526, 26.905, 23.979, 11.062, 31.84, 5.379, 28.531, 0.0, 18.45, 25.051, 17.16], [18.02, 17.956, 26.633, 26.154, 5.97, 31.919, 10.194, 11.388, 28.971, 27.051, 15.16, 17.613, 0.0, 4.354, 17.697], [16.662, 18.011, 25.41, 24.646, 4.566, 30.776, 10.013, 9.716, 28.323, 25.394, 15.225, 15.939, 1.676, 0.0, 16.443], [5.643, 19.637, 4.243, 5.005, 17.74, 9.766, 17.811, 15.177, 14.855, 18.916, 19.202, 13.162, 21.313, 24.037, 0.0]]
big_M = 1000.0
planning_horizon = 24.0
penalty_weight = 100000.0
