# MTRSP-VS train | n15_m4_a35 seed=37
# n=15 m=4 T_max=24.0

num_tasks = 15
num_tugboats = 4
num_speed_levels = 3
task_max_tugs = [1, 2, 2, 1, 1, 1, 3, 1, 1, 2, 1, 1, 1, 1, 1]
task_min_horsepower = [1682.3, 4998.3, 2890.7, 1490.2, 1948.1, 2087.3, 4634.4, 1858.0, 2831.8, 3193.4, 1108.0, 1802.7, 1388.9, 1093.1, 2409.1]
task_time_window_lower = [12.91, 11.336, 0.749, 12.526, 20.507, 0.095, 10.782, 12.953, 6.729, 11.735, 15.775, 17.317, 9.053, 9.713, 18.925]
task_time_window_upper = [18.5, 14.724, 6.435, 17.926, 23.294, 3.293, 13.852, 15.064, 10.507, 16.758, 21.636, 22.758, 14.452, 11.987, 23.403]
task_service_distance = [4.619, 6.155, 6.405, 6.681, 1.735, 4.806, 6.196, 2.351, 7.551, 4.759, 7.483, 5.553, 6.585, 3.241, 6.243]
tugboat_horsepower = [3509.9, 1802.0, 3776.6, 3788.8]
tugboat_fuel_capacity = [7751.6, 7468.4, 6628.2, 6911.7]
tugboat_alpha = [0.163, 0.1595, 0.1775, 0.1458]
tugboat_beta = [0.0648, 0.0871, 0.0579, 0.0563]
speed_level_names = ['slow', 'medium', 'fast']
speed_values = [6.0, 10.0, 15.0]
speed_power_coefficients = [0.216, 1.0, 3.375]
depot_to_task_distance = [15.649, 11.721, 13.76, 8.736, 23.04, 16.609, 11.649, 16.335, 18.036, 16.912, 14.932, 10.366, 8.769, 10.857, 17.524]
task_to_depot_distance = [20.006, 9.047, 17.995, 14.037, 24.749, 20.178, 5.913, 17.749, 13.448, 13.762, 20.827, 13.149, 7.163, 14.093, 15.899]
task_to_task_distance = [[0.0, 18.138, 9.497, 21.813, 34.59, 26.56, 19.769, 31.874, 35.352, 6.941, 25.648, 24.567, 11.238, 29.277, 7.708], [19.361, 0.0, 19.864, 17.768, 14.31, 25.608, 4.844, 24.176, 24.714, 22.217, 5.893, 1.955, 13.02, 17.585, 23.115], [11.039, 24.038, 0.0, 13.689, 39.584, 14.697, 25.143, 22.058, 26.378, 7.044, 30.528, 27.201, 13.09, 22.401, 6.181], [23.739, 25.73, 18.982, 0.0, 35.203, 5.542, 25.678, 3.749, 8.094, 22.275, 28.318, 23.338, 19.131, 7.189, 22.175], [33.686, 17.935, 35.325, 33.237, 0.0, 40.838, 16.464, 37.649, 36.725, 37.204, 10.697, 14.402, 28.327, 30.62, 38.203], [22.697, 30.607, 17.277, 11.571, 43.08, 0.0, 31.088, 12.947, 17.494, 19.578, 35.087, 30.509, 21.052, 17.276, 18.982], [13.748, 5.922, 14.055, 14.016, 19.866, 21.856, 0.0, 22.245, 23.848, 16.416, 10.871, 7.743, 7.208, 16.603, 17.302], [29.453, 29.311, 24.898, 12.221, 36.211, 10.688, 28.951, 0.0, 2.511, 28.246, 30.536, 25.481, 24.289, 7.546, 28.191], [28.345, 23.477, 25.035, 13.138, 27.571, 16.638, 22.699, 9.727, 0.0, 28.494, 22.961, 18.067, 21.885, 4.494, 28.788], [1.906, 14.64, 4.515, 15.492, 31.072, 20.915, 16.055, 25.594, 28.941, 0.0, 21.888, 19.787, 5.167, 22.796, 5.824], [30.603, 14.982, 31.87, 29.253, 2.297, 36.824, 13.391, 33.651, 32.825, 33.932, 0.0, 10.538, 24.9, 26.626, 34.899], [19.463, 3.742, 21.28, 21.796, 12.825, 29.688, 2.245, 28.955, 29.682, 22.997, 3.793, 0.0, 14.301, 22.507, 24.009], [11.342, 15.704, 7.582, 6.042, 29.616, 12.715, 16.326, 16.13, 19.405, 11.034, 20.927, 16.95, 0.0, 13.489, 11.37], [27.526, 25.256, 23.555, 10.879, 31.335, 12.664, 24.738, 5.28, 4.084, 27.013, 25.897, 20.863, 21.643, 0.0, 27.146], [0.94, 15.302, 6.327, 17.899, 31.857, 23.163, 16.836, 27.998, 31.352, 5.167, 22.739, 21.112, 7.149, 25.173, 0.0]]
big_M = 1000.0
planning_horizon = 24.0
penalty_weight = 100000.0
