# MTRSP-VS train | n15_m4_a35 seed=14
# n=15 m=4 T_max=24.0

num_tasks = 15
num_tugboats = 4
num_speed_levels = 3
task_max_tugs = [1, 1, 1, 1, 2, 1, 2, 1, 1, 1, 1, 1, 3, 2, 1]
task_min_horsepower = [1874.1, 1189.7, 1472.5, 2878.0, 2858.2, 2142.9, 4262.2, 1846.2, 2138.8, 1527.1, 1377.4, 1938.5, 5163.7, 3281.1, 2172.1]
task_time_window_lower = [19.537, 5.173, 3.196, 4.878, 4.896, 12.686, 5.341, 6.989, 11.771, 13.805, 16.801, 7.887, 9.914, 5.945, 11.237]
task_time_window_upper = [22.667, 8.606, 5.336, 7.674, 10.388, 15.68, 11.01, 12.035, 16.016, 19.575, 20.833, 11.353, 15.754, 11.039, 16.898]
task_service_distance = [6.26, 6.67, 4.983, 7.163, 6.158, 3.825, 3.416, 7.952, 6.434, 3.906, 3.969, 5.502, 4.403, 5.629, 5.674]
tugboat_horsepower = [3141.2, 2365.6, 4767.7, 2688.0]
tugboat_fuel_capacity = [6401.3, 7384.5, 6281.3, 6517.4]
tugboat_alpha = [0.1579, 0.1618, 0.1552, 0.1714]
tugboat_beta = [0.0603, 0.0647, 0.067, 0.0552]
speed_level_names = ['slow', 'medium', 'fast']
speed_values = [6.0, 10.0, 15.0]
speed_power_coefficients = [0.216, 1.0, 3.375]
depot_to_task_distance = [15.48, 11.715, 9.441, 16.498, 13.555, 6.015, 14.374, 17.066, 13.573, 5.624, 13.127, 14.361, 18.176, 15.919, 6.524]
task_to_depot_distance = [9.274, 18.318, 6.231, 17.917, 16.333, 2.655, 12.467, 9.369, 19.258, 9.357, 9.468, 14.786, 20.595, 16.738, 10.134]
task_to_task_distance = [[0.0, 13.347, 1.95, 15.466, 5.868, 9.777, 11.745, 25.983, 14.311, 11.054, 21.491, 5.96, 27.036, 24.548, 7.445], [21.341, 0.0, 21.132, 4.778, 25.007, 23.999, 8.584, 30.346, 31.246, 23.92, 28.756, 24.647, 22.775, 20.062, 23.361], [9.511, 10.278, 0.0, 13.4, 9.408, 8.89, 10.181, 23.292, 15.112, 9.68, 19.185, 9.687, 23.407, 20.867, 7.29], [11.555, 10.592, 14.777, 0.0, 17.12, 21.545, 4.691, 34.233, 27.151, 22.31, 30.922, 16.195, 30.507, 27.658, 19.735], [12.406, 24.391, 9.423, 26.732, 0.0, 11.86, 22.936, 28.68, 8.904, 13.483, 23.427, 7.279, 33.942, 31.977, 10.004], [14.071, 13.506, 7.523, 17.857, 11.311, 0.0, 15.249, 18.165, 11.227, 4.092, 13.704, 12.26, 20.544, 18.394, 3.875], [9.639, 7.435, 10.353, 7.347, 13.629, 16.23, 0.0, 28.975, 22.248, 16.912, 25.513, 13.08, 26.238, 23.431, 14.585], [24.3, 19.196, 17.633, 24.549, 20.896, 9.731, 23.175, 0.0, 14.543, 8.038, 3.854, 22.06, 14.097, 13.167, 12.17], [24.61, 30.677, 18.922, 34.756, 18.278, 13.36, 31.664, 22.08, 0.0, 13.691, 17.286, 19.736, 31.651, 30.705, 14.222], [20.115, 21.072, 13.255, 25.739, 15.216, 4.694, 23.241, 14.579, 6.693, 0.0, 9.304, 16.605, 21.767, 20.487, 7.048], [23.717, 20.11, 16.914, 25.353, 19.866, 8.568, 23.687, 8.947, 12.678, 6.907, 0.0, 21.105, 16.115, 15.189, 11.117], [10.635, 22.433, 7.432, 24.72, 4.255, 10.802, 20.924, 28.023, 9.252, 12.478, 22.825, 0.0, 32.641, 30.583, 8.684], [35.81, 24.017, 30.033, 29.09, 34.014, 23.682, 29.731, 10.302, 29.095, 22.059, 14.273, 34.92, 0.0, 7.058, 25.774], [32.065, 21.2, 26.159, 26.473, 30.091, 19.717, 26.719, 7.916, 25.243, 18.097, 10.892, 31.021, 4.421, 0.0, 21.812], [7.688, 16.719, 1.787, 19.163, 3.427, 8.266, 15.472, 25.566, 11.079, 9.853, 20.693, 4.419, 28.309, 26.025, 0.0]]
big_M = 1000.0
planning_horizon = 24.0
penalty_weight = 100000.0
