# MTRSP-VS train | n15_m4_a35 seed=24
# n=15 m=4 T_max=24.0

num_tasks = 15
num_tugboats = 4
num_speed_levels = 3
task_max_tugs = [1, 1, 1, 3, 1, 1, 1, 1, 1, 2, 1, 1, 1, 3, 3]
task_min_horsepower = [1782.5, 1807.1, 2663.3, 4556.5, 1869.2, 1497.9, 1115.5, 1625.1, 2528.0, 4973.1, 2622.7, 2152.7, 1792.3, 4909.0, 5008.4]
task_time_window_lower = [14.668, 0.334, 11.381, 8.063, 17.622, 7.996, 6.04, 7.591, 10.141, 17.05, 9.86, 3.921, 3.551, 17.978, 20.363]
task_time_window_upper = [20.297, 4.899, 14.43, 12.831, 22.153, 11.066, 11.081, 12.477, 12.219, 19.322, 15.24, 9.518, 7.334, 20.172, 22.572]
task_service_distance = [3.913, 3.459, 6.622, 7.57, 6.457, 3.426, 4.634, 7.468, 3.348, 7.096, 5.786, 3.771, 7.869, 6.825, 4.305]
tugboat_horsepower = [3952.4, 1673.6, 4675.5, 3448.7]
tugboat_fuel_capacity = [6222.0, 7558.3, 7529.9, 7194.3]
tugboat_alpha = [0.1609, 0.1609, 0.1522, 0.1674]
tugboat_beta = [0.0868, 0.0684, 0.0651, 0.0867]
speed_level_names = ['slow', 'medium', 'fast']
speed_values = [6.0, 10.0, 15.0]
speed_power_coefficients = [0.216, 1.0, 3.375]
depot_to_task_distance = [14.024, 12.264, 14.185, 12.965, 16.047, 17.268, 16.967, 4.883, 15.242, 11.957, 15.012, 14.226, 6.006, 17.409, 10.108]
task_to_depot_distance = [16.406, 10.837, 11.56, 17.926, 18.404, 14.086, 12.923, 11.442, 16.159, 16.363, 20.797, 12.193, 12.622, 17.306, 11.732]
task_to_task_distance = [[0.0, 22.819, 23.998, 13.43, 11.539, 18.62, 23.841, 19.233, 17.887, 5.735, 20.065, 28.264, 13.421, 12.462, 21.612], [20.265, 0.0, 4.99, 13.327, 17.504, 13.834, 26.815, 13.995, 12.014, 18.148, 25.485, 4.581, 10.407, 18.346, 2.564], [22.06, 5.405, 0.0, 15.426, 19.602, 15.926, 26.724, 14.051, 14.132, 19.915, 25.693, 2.809, 12.064, 20.464, 4.687], [6.635, 18.59, 19.087, 0.0, 3.604, 10.848, 30.581, 22.286, 10.956, 7.283, 27.112, 25.318, 12.42, 3.695, 18.25], [14.276, 12.561, 12.158, 5.946, 0.0, 2.002, 34.392, 23.286, 3.756, 13.46, 31.523, 19.642, 12.566, 5.889, 13.334], [14.055, 7.646, 7.642, 4.575, 8.052, 0.0, 30.711, 18.909, 1.391, 12.547, 28.172, 14.749, 8.757, 8.425, 8.212], [19.746, 25.14, 27.077, 23.94, 25.625, 29.149, 0.0, 9.44, 27.281, 18.68, 2.226, 25.753, 17.576, 27.046, 22.958], [19.966, 23.486, 25.434, 23.21, 25.245, 28.21, 5.525, 0.0, 26.277, 18.676, 4.472, 23.688, 16.575, 26.675, 21.29], [11.764, 12.015, 12.034, 3.356, 4.29, 3.154, 31.852, 21.03, 0.0, 10.833, 28.923, 19.097, 10.211, 4.225, 12.353], [5.719, 23.932, 25.236, 15.159, 13.63, 20.526, 22.107, 18.65, 19.653, 0.0, 18.288, 28.984, 14.201, 14.626, 22.562], [25.226, 33.046, 34.977, 30.986, 32.089, 36.42, 5.536, 17.326, 34.649, 24.667, 0.0, 33.591, 25.053, 33.468, 30.871], [21.361, 3.43, 4.485, 14.051, 18.215, 14.035, 28.071, 15.27, 12.327, 19.267, 26.799, 0.0, 11.613, 18.981, 3.401], [2.814, 16.377, 17.422, 6.757, 5.887, 12.176, 24.85, 16.7, 11.249, 1.724, 21.455, 22.31, 0.0, 7.191, 15.397], [14.533, 10.905, 10.498, 5.499, 7.087, 0.389, 33.583, 22.177, 2.224, 13.482, 30.834, 17.981, 11.617, 0.0, 11.729], [21.891, 4.877, 6.053, 15.07, 19.247, 15.432, 27.105, 14.389, 13.66, 19.758, 26.009, 2.91, 11.945, 20.084, 0.0]]
big_M = 1000.0
planning_horizon = 24.0
penalty_weight = 100000.0
