# MTRSP-VS train | n15_m4_a35 seed=8
# n=15 m=4 T_max=24.0

num_tasks = 15
num_tugboats = 4
num_speed_levels = 3
task_max_tugs = [1, 3, 2, 3, 1, 1, 1, 1, 2, 1, 1, 2, 3, 1, 1]
task_min_horsepower = [2402.6, 4731.7, 3358.1, 5270.2, 2668.6, 1350.5, 1332.4, 2949.7, 4416.2, 1026.4, 1683.6, 3589.0, 5230.3, 1835.9, 1577.5]
task_time_window_lower = [1.843, 11.239, 16.606, 14.15, 1.139, 3.079, 11.734, 6.686, 0.053, 3.92, 0.613, 13.775, 10.462, 20.647, 1.687]
task_time_window_upper = [4.224, 13.665, 20.046, 18.169, 7.059, 5.147, 15.28, 11.661, 5.913, 9.262, 6.113, 19.635, 16.424, 23.359, 5.453]
task_service_distance = [3.632, 7.996, 5.266, 3.448, 5.038, 4.292, 4.691, 5.488, 3.711, 2.304, 7.405, 3.675, 6.511, 3.988, 3.357]
tugboat_horsepower = [3156.2, 3240.2, 2040.8, 3618.9]
tugboat_fuel_capacity = [7295.8, 7438.7, 7029.0, 6180.9]
tugboat_alpha = [0.1771, 0.1626, 0.1727, 0.1582]
tugboat_beta = [0.052, 0.052, 0.0545, 0.0584]
speed_level_names = ['slow', 'medium', 'fast']
speed_values = [6.0, 10.0, 15.0]
speed_power_coefficients = [0.216, 1.0, 3.375]
depot_to_task_distance = [18.796, 16.998, 5.167, 15.807, 18.679, 14.166, 15.86, 8.764, 14.335, 15.617, 8.476, 14.151, 15.577, 12.023, 1.062]
task_to_depot_distance = [16.527, 12.549, 1.299, 18.269, 16.838, 13.746, 17.5, 9.171, 17.984, 17.584, 15.274, 10.658, 9.157, 14.75, 4.077]
task_to_task_distance = [[0.0, 21.89, 21.006, 1.142, 21.764, 26.972, 9.707, 7.763, 26.524, 29.283, 14.143, 5.593, 6.979, 25.863, 16.936], [17.531, 0.0, 17.469, 12.788, 8.267, 14.918, 5.998, 10.377, 26.842, 28.121, 17.779, 16.172, 7.919, 24.554, 13.583], [19.754, 16.113, 0.0, 16.565, 17.887, 12.871, 15.961, 9.595, 14.925, 15.933, 9.769, 15.245, 15.899, 12.398, 2.069], [1.464, 24.187, 22.515, 0.0, 24.022, 29.184, 11.838, 9.579, 27.325, 30.252, 14.929, 5.695, 9.108, 26.931, 18.59], [27.43, 2.888, 20.113, 22.72, 0.0, 8.801, 15.498, 19.108, 30.144, 30.244, 24.554, 25.486, 17.783, 27.128, 17.825], [31.434, 15.376, 13.259, 27.532, 17.754, 0.0, 23.617, 21.223, 21.712, 20.5, 21.927, 27.451, 24.821, 18.322, 14.121], [17.961, 9.392, 22.515, 13.325, 8.259, 18.99, 0.0, 13.574, 31.671, 33.115, 21.766, 18.144, 7.423, 29.522, 18.507], [13.935, 12.447, 14.337, 9.496, 13.087, 16.453, 6.692, 0.0, 22.944, 24.644, 12.994, 11.635, 6.805, 21.019, 10.078], [29.515, 34.578, 13.751, 29.148, 36.461, 28.081, 32.751, 23.236, 0.0, 5.06, 15.154, 24.18, 31.63, 6.863, 16.927], [32.447, 32.801, 12.538, 31.238, 34.901, 24.731, 33.322, 24.635, 5.728, 0.0, 17.659, 27.027, 32.674, 5.78, 16.623], [10.726, 28.705, 17.101, 12.442, 29.47, 29.246, 19.771, 10.898, 17.9, 21.315, 0.0, 6.452, 17.454, 18.63, 14.89], [8.214, 20.873, 14.636, 6.405, 21.478, 23.096, 11.886, 3.036, 19.902, 22.614, 7.611, 0.0, 9.84, 19.193, 10.843], [11.657, 15.025, 14.22, 7.499, 15.601, 18.529, 7.414, 3.035, 22.012, 24.038, 11.175, 9.057, 0.0, 20.42, 9.882], [27.149, 31.351, 10.546, 26.443, 33.224, 25.111, 29.667, 20.295, 0.593, 3.955, 12.5, 21.751, 28.638, 0.0, 13.694], [22.2, 19.67, 1.214, 19.594, 21.59, 14.372, 19.91, 12.532, 11.2, 11.91, 9.64, 17.213, 19.651, 8.435, 0.0]]
big_M = 1000.0
planning_horizon = 24.0
penalty_weight = 100000.0
