# MTRSP-VS train | n15_m4_a35 seed=16
# n=15 m=4 T_max=24.0

num_tasks = 15
num_tugboats = 4
num_speed_levels = 3
task_max_tugs = [1, 1, 1, 1, 3, 2, 2, 1, 1, 1, 1, 2, 1, 2, 1]
task_min_horsepower = [1800.0, 2022.2, 2565.6, 2634.0, 4302.7, 2803.8, 4064.0, 1227.2, 2881.2, 1306.4, 1511.0, 2527.8, 2838.0, 2868.1, 1077.2]
task_time_window_lower = [14.709, 0.787, 4.336, 17.88, 2.065, 8.792, 2.499, 17.032, 18.586, 8.006, 3.895, 15.961, 3.873, 0.446, 6.13]
task_time_window_upper = [18.567, 4.63, 6.458, 22.549, 6.076, 11.655, 4.932, 20.768, 21.536, 13.51, 6.795, 20.631, 9.315, 4.152, 9.348]
task_service_distance = [5.085, 4.294, 4.675, 6.946, 7.038, 5.954, 4.291, 6.215, 4.195, 4.174, 3.329, 7.212, 6.979, 3.114, 4.846]
tugboat_horsepower = [1933.1, 2567.4, 4976.4, 1766.7]
tugboat_fuel_capacity = [6418.3, 6884.0, 6267.1, 7106.8]
tugboat_alpha = [0.1705, 0.1796, 0.1443, 0.1664]
tugboat_beta = [0.0523, 0.0532, 0.0699, 0.0802]
speed_level_names = ['slow', 'medium', 'fast']
speed_values = [6.0, 10.0, 15.0]
speed_power_coefficients = [0.216, 1.0, 3.375]
depot_to_task_distance = [4.895, 6.364, 18.492, 10.805, 16.253, 16.611, 11.722, 5.969, 17.527, 10.194, 6.987, 18.817, 14.683, 3.956, 9.929]
task_to_depot_distance = [9.7, 6.432, 14.586, 17.435, 14.337, 18.036, 13.851, 4.705, 17.816, 13.224, 9.102, 16.677, 8.041, 6.359, 14.762]
task_to_task_distance = [[0.0, 7.911, 10.901, 19.707, 12.828, 7.331, 7.644, 5.674, 17.116, 19.812, 3.657, 25.213, 24.377, 13.643, 4.278], [3.2, 0.0, 14.464, 17.059, 11.771, 11.203, 9.668, 5.035, 18.3, 16.236, 3.764, 23.866, 20.906, 10.231, 6.516], [9.719, 14.126, 0.0, 22.976, 17.954, 2.932, 5.67, 8.902, 14.458, 24.715, 7.605, 26.103, 28.968, 18.456, 4.839], [21.533, 23.13, 32.39, 0.0, 32.643, 32.514, 24.923, 21.347, 23.645, 10.625, 23.19, 11.165, 7.681, 14.103, 25.13], [11.068, 9.203, 15.433, 25.112, 0.0, 10.186, 14.531, 12.381, 24.119, 23.307, 10.454, 31.844, 28.102, 17.818, 11.284], [13.623, 14.38, 11.298, 28.253, 12.933, 0.0, 13.533, 14.069, 22.765, 27.888, 12.094, 33.276, 32.58, 21.901, 11.161], [10.83, 17.239, 9.359, 17.66, 24.602, 12.217, 0.0, 8.785, 5.318, 22.115, 9.626, 17.738, 25.333, 16.591, 7.581], [6.721, 10.852, 17.852, 8.198, 20.608, 17.395, 10.403, 0.0, 13.726, 11.057, 8.117, 14.422, 14.596, 5.751, 10.031], [16.884, 23.02, 17.386, 16.078, 31.717, 20.733, 12.543, 14.942, 0.0, 22.758, 16.508, 11.327, 24.504, 18.936, 15.443], [18.056, 15.736, 31.705, 11.619, 23.186, 29.629, 24.711, 19.153, 28.276, 0.0, 20.172, 21.785, 5.563, 9.577, 23.153], [4.908, 11.106, 9.557, 16.55, 18.319, 9.159, 2.757, 3.158, 11.448, 18.832, 0.0, 20.21, 22.846, 12.677, 1.933], [16.936, 22.526, 20.391, 12.659, 31.852, 23.006, 14.445, 15.243, 8.049, 19.839, 17.086, 0.0, 21.023, 16.934, 16.788], [12.935, 11.974, 26.364, 7.772, 20.875, 24.646, 19.247, 13.823, 22.859, 2.216, 15.021, 18.148, 0.0, 4.165, 17.882], [11.167, 9.564, 24.852, 9.443, 18.422, 22.765, 17.988, 12.319, 22.586, 4.571, 13.284, 19.576, 9.374, 0.0, 16.283], [9.969, 14.784, 3.94, 22.695, 19.034, 3.85, 4.936, 8.921, 13.369, 24.801, 7.855, 25.382, 28.951, 18.565, 0.0]]
big_M = 1000.0
planning_horizon = 24.0
penalty_weight = 100000.0
