# MTRSP-VS train | n20_m5_a40 seed=8
# n=20 m=5 T_max=24.0

num_tasks = 20
num_tugboats = 5
num_speed_levels = 3
task_max_tugs = [1, 3, 1, 1, 1, 2, 2, 1, 1, 1, 2, 1, 1, 1, 1, 1, 1, 1, 3, 1]
task_min_horsepower = [1683.6, 5306.8, 1820.2, 1835.9, 1577.5, 2713.1, 3802.4, 2615.4, 2416.4, 1125.9, 2851.0, 2147.3, 1702.9, 1005.9, 1420.2, 1066.2, 2518.8, 2160.0, 6909.6, 1166.7]
task_time_window_lower = [9.735, 3.107, 12.493, 2.553, 14.686, 9.02, 7.369, 4.167, 2.187, 13.529, 0.442, 8.883, 20.93, 9.538, 3.849, 11.084, 12.314, 13.473, 13.65, 17.956]
task_time_window_upper = [14.156, 7.0, 14.981, 6.364, 18.444, 13.882, 10.945, 7.069, 5.972, 18.429, 4.888, 12.34, 23.303, 14.56, 8.67, 14.002, 17.29, 15.5, 19.286, 23.666]
task_service_distance = [3.632, 7.996, 5.266, 3.448, 5.038, 4.292, 4.848, 5.488, 3.711, 2.53, 7.405, 3.675, 6.511, 3.988, 3.357, 4.1, 2.062, 7.437, 6.316, 4.5]
tugboat_horsepower = [4918.8, 3415.7, 2537.5, 2282.8, 2792.4]
tugboat_fuel_capacity = [7566.5, 6591.7, 7691.4, 6391.5, 6739.9]
tugboat_alpha = [0.1783, 0.1739, 0.1525, 0.1516, 0.1645]
tugboat_beta = [0.0837, 0.0774, 0.0874, 0.0791, 0.0828]
speed_level_names = ['slow', 'medium', 'fast']
speed_values = [6.0, 10.0, 15.0]
speed_power_coefficients = [0.216, 1.0, 3.375]
depot_to_task_distance = [21.481, 19.426, 5.905, 18.065, 21.347, 16.19, 18.125, 10.016, 16.383, 17.848, 9.687, 16.173, 17.803, 13.74, 1.214, 8.057, 20.506, 14.25, 13.983, 15.996]
task_to_depot_distance = [19.182, 14.766, 1.525, 20.507, 19.426, 15.687, 20.011, 10.216, 20.031, 20.078, 16.447, 12.672, 11.375, 16.431, 4.192, 12.157, 20.45, 20.06, 14.498, 13.308]
task_to_task_distance = [[0.0, 25.534, 24.238, 1.821, 25.392, 31.276, 11.6, 9.175, 30.367, 33.563, 16.2, 6.218, 8.481, 29.677, 19.624, 14.082, 22.584, 7.213, 29.411, 4.347], [21.173, 0.0, 20.263, 15.75, 8.36, 16.311, 7.737, 12.89, 31.142, 32.473, 21.148, 19.597, 10.088, 28.426, 15.964, 18.157, 6.304, 18.462, 15.146, 13.291], [22.959, 19.071, 0.0, 19.433, 21.129, 14.935, 18.957, 11.421, 16.343, 17.46, 10.976, 17.693, 18.838, 13.425, 2.001, 9.521, 20.505, 15.771, 12.729, 17.301], [2.112, 27.151, 25.41, 0.0, 26.969, 32.885, 13.063, 10.55, 31.058, 34.369, 16.882, 6.421, 9.941, 30.552, 20.892, 14.98, 24.135, 7.771, 31.007, 5.993], [31.009, 2.613, 23.312, 25.609, 0.0, 10.741, 17.211, 21.679, 34.785, 34.973, 28.118, 28.916, 19.871, 31.373, 20.569, 25.462, 7.436, 27.553, 10.993, 23.113], [35.711, 16.982, 15.361, 31.199, 19.7, 0.0, 26.572, 24.066, 25.188, 23.876, 25.11, 31.233, 27.996, 21.321, 16.158, 23.744, 21.176, 29.377, 4.284, 28.688], [19.998, 11.296, 25.778, 14.721, 10.029, 22.13, 0.0, 15.233, 36.148, 37.859, 24.666, 20.311, 7.963, 33.744, 21.151, 21.598, 6.955, 19.716, 21.161, 12.845], [15.324, 15.0, 16.118, 10.339, 15.741, 19.291, 7.941, 0.0, 25.751, 27.782, 14.16, 12.548, 7.76, 23.636, 11.207, 11.1, 13.661, 11.221, 17.474, 7.769], [33.371, 38.987, 15.186, 32.894, 41.14, 31.584, 36.943, 26.094, 0.0, 5.424, 16.9, 27.261, 35.678, 7.331, 18.822, 19.457, 40.51, 25.878, 29.739, 31.95], [36.979, 37.529, 14.326, 35.62, 39.922, 28.354, 38.05, 28.091, 6.396, 0.0, 20.078, 30.784, 37.294, 6.548, 18.975, 22.017, 39.778, 29.164, 26.782, 34.263], [12.624, 32.078, 18.487, 14.18, 33.014, 32.456, 22.237, 11.822, 19.583, 23.45, 0.0, 7.353, 19.672, 20.322, 15.99, 8.414, 30.911, 7.103, 30.265, 14.607], [8.943, 24.296, 17.154, 7.128, 24.954, 26.92, 13.787, 3.956, 22.971, 26.121, 8.866, 0.0, 11.367, 22.238, 12.864, 6.642, 22.669, 1.969, 24.847, 6.575], [12.937, 17.064, 17.174, 7.997, 17.584, 21.647, 7.614, 4.009, 26.063, 28.397, 13.539, 10.401, 0.0, 24.263, 12.216, 10.492, 15.276, 9.235, 19.802, 5.453], [30.955, 35.343, 11.549, 30.051, 37.498, 28.141, 33.588, 22.946, 0.115, 4.213, 14.158, 24.776, 32.453, 0.0, 15.227, 16.463, 36.887, 23.262, 26.249, 28.94], [24.916, 22.219, 1.774, 21.918, 24.387, 16.441, 22.299, 13.846, 13.06, 13.979, 10.71, 19.237, 21.986, 9.977, 0.0, 10.235, 23.903, 17.317, 14.308, 19.978], [13.034, 28.03, 14.739, 12.81, 29.114, 28.102, 19.375, 8.25, 17.955, 21.474, 4.032, 6.864, 17.161, 17.905, 11.777, 0.0, 27.173, 5.515, 25.913, 12.471], [24.496, 6.76, 25.809, 19.101, 5.128, 18.843, 9.416, 18.035, 36.832, 38.033, 26.767, 24.072, 12.497, 34.027, 21.655, 23.741, 0.0, 23.203, 18.271, 16.967], [9.504, 33.653, 22.808, 12.72, 34.232, 35.603, 22.013, 13.29, 24.291, 28.183, 11.82, 6.426, 19.11, 25.059, 19.793, 12.09, 31.832, 0.0, 33.454, 13.964], [35.325, 19.156, 13.209, 31.101, 21.871, 7.012, 27.379, 23.602, 22.475, 21.005, 23.529, 30.49, 28.506, 18.595, 14.768, 22.47, 23.071, 28.592, 0.0, 28.666], [8.235, 23.03, 18.235, 5.337, 23.512, 26.611, 11.808, 3.52, 24.75, 27.771, 10.766, 4.434, 9.306, 23.817, 13.676, 8.294, 21.103, 3.439, 24.606, 0.0]]
big_M = 1000.0
planning_horizon = 24.0
penalty_weight = 100000.0
