# MTRSP-VS train | n20_m5_a40 seed=33
# n=20 m=5 T_max=24.0

num_tasks = 20
num_tugboats = 5
num_speed_levels = 3
task_max_tugs = [1, 1, 1, 1, 1, 1, 1, 3, 1, 1, 1, 1, 1, 1, 1, 1, 1, 1, 1, 3]
task_min_horsepower = [2459.0, 1844.1, 1521.2, 2923.5, 1041.1, 2606.1, 1211.1, 6135.0, 1572.3, 2521.3, 2662.6, 2619.1, 2737.9, 2173.3, 2700.5, 2442.5, 1184.4, 2166.7, 1397.3, 6850.3]
task_time_window_lower = [20.116, 10.849, 12.248, 20.635, 18.65, 2.589, 0.455, 14.94, 2.377, 16.414, 16.506, 13.681, 0.306, 18.953, 6.381, 7.144, 10.233, 4.085, 4.401, 2.154]
task_time_window_upper = [22.402, 15.937, 18.23, 22.662, 22.303, 7.844, 2.614, 20.063, 5.289, 19.88, 21.47, 19.553, 5.648, 20.978, 10.856, 9.657, 13.59, 7.884, 6.73, 4.667]
task_service_distance = [7.085, 5.259, 5.517, 7.718, 5.481, 5.131, 5.18, 1.287, 3.616, 3.032, 3.927, 2.796, 3.598, 4.014, 5.367, 4.54, 6.903, 5.711, 5.581, 3.168]
tugboat_horsepower = [1955.5, 3110.3, 2950.8, 4300.1, 3406.7]
tugboat_fuel_capacity = [6157.3, 6674.4, 6722.5, 6505.2, 6612.9]
tugboat_alpha = [0.1733, 0.1403, 0.158, 0.1553, 0.1513]
tugboat_beta = [0.079, 0.059, 0.0517, 0.0564, 0.0891]
speed_level_names = ['slow', 'medium', 'fast']
speed_values = [6.0, 10.0, 15.0]
speed_power_coefficients = [0.216, 1.0, 3.375]
depot_to_task_distance = [5.991, 16.771, 7.667, 2.464, 11.018, 10.369, 17.263, 26.155, 18.751, 13.733, 8.897, 23.904, 20.581, 19.846, 6.377, 11.513, 4.892, 24.473, 17.221, 4.495]
task_to_depot_distance = [12.375, 21.934, 11.991, 8.921, 6.471, 8.917, 21.039, 26.088, 19.488, 16.37, 5.103, 23.555, 19.701, 17.103, 3.73, 14.498, 4.555, 19.872, 20.398, 6.634]
task_to_task_distance = [[0.0, 5.593, 8.802, 14.468, 22.074, 3.915, 18.484, 20.566, 14.443, 24.452, 19.007, 20.459, 31.138, 28.71, 14.68, 0.865, 17.265, 34.358, 9.572, 7.987], [15.961, 0.0, 15.594, 23.545, 32.416, 11.565, 19.54, 26.776, 12.134, 34.91, 29.503, 28.152, 41.681, 39.408, 21.875, 11.369, 26.682, 39.847, 16.983, 18.036], [8.828, 13.255, 0.0, 11.805, 22.386, 9.285, 5.804, 33.162, 7.828, 25.147, 20.788, 32.225, 31.799, 31.727, 7.441, 12.657, 14.799, 23.186, 22.363, 11.705], [14.911, 25.67, 16.164, 0.0, 4.015, 19.288, 23.419, 30.504, 26.766, 6.436, 5.405, 27.237, 12.635, 13.781, 11.909, 20.173, 4.499, 22.042, 23.804, 13.04], [12.459, 23.231, 13.749, 5.346, 0.0, 16.84, 21.461, 29.197, 24.457, 8.196, 5.315, 26.162, 14.763, 15.257, 9.838, 17.791, 2.254, 22.273, 21.901, 10.654], [4.417, 10.477, 1.278, 9.597, 19.886, 0.0, 10.334, 28.634, 9.868, 22.624, 17.776, 27.665, 29.449, 28.688, 6.992, 8.391, 12.837, 25.796, 17.902, 7.467], [17.232, 16.637, 14.052, 20.786, 31.33, 15.963, 0.0, 39.829, 5.393, 34.083, 29.834, 39.581, 40.638, 40.763, 16.105, 19.074, 23.66, 26.431, 28.836, 20.305], [24.477, 23.239, 27.482, 28.498, 28.998, 23.556, 38.251, 0.0, 34.117, 29.8, 25.823, 5.445, 34.085, 28.999, 31.54, 20.227, 29.54, 50.549, 10.365, 22.68], [13.969, 8.557, 11.873, 20.287, 30.505, 10.693, 11.381, 32.6, 0.0, 33.219, 28.192, 33.018, 40.069, 38.956, 17.012, 12.865, 23.523, 32.661, 21.802, 16.935], [21.903, 31.774, 24.034, 16.193, 5.678, 25.889, 32.611, 29.106, 35.104, 0.0, 7.631, 25.058, 4.814, 4.445, 20.971, 25.692, 13.397, 29.867, 25.8, 19.201], [10.354, 20.485, 12.621, 5.95, 6.689, 14.404, 22.274, 24.614, 23.76, 9.187, 0.0, 21.668, 16.019, 14.796, 10.951, 14.593, 5.103, 26.478, 17.475, 7.734], [23.909, 26.269, 27.199, 25.703, 23.414, 24.489, 38.501, 7.119, 35.95, 23.622, 20.646, 0.0, 26.945, 21.551, 29.724, 21.586, 25.864, 47.256, 12.992, 21.335], [25.113, 34.73, 27.35, 19.607, 9.112, 28.994, 36.044, 29.981, 38.451, 6.433, 10.858, 25.756, 0.0, 2.132, 24.403, 28.593, 16.83, 32.587, 27.846, 22.321], [21.801, 30.578, 24.452, 17.678, 8.677, 25.274, 34.225, 24.471, 35.571, 7.131, 8.517, 20.278, 8.903, 0.0, 22.711, 24.394, 15.537, 34.266, 22.606, 18.79], [2.801, 13.55, 3.956, 4.961, 14.746, 7.111, 14.343, 26.478, 15.086, 17.464, 12.555, 24.797, 24.31, 23.47, 0.0, 9.0, 8.129, 25.032, 16.555, 3.591], [8.546, 2.323, 8.67, 16.184, 25.006, 4.142, 15.964, 24.146, 10.738, 27.534, 22.158, 24.399, 34.337, 32.317, 15.041, 0.0, 19.279, 34.032, 13.238, 10.623], [5.945, 16.106, 5.311, 3.849, 14.428, 9.837, 12.852, 29.688, 15.374, 17.19, 12.944, 27.814, 23.867, 23.833, 2.063, 12.176, 0.0, 21.652, 19.92, 6.811], [23.693, 33.24, 22.383, 17.408, 20.056, 27.367, 21.056, 45.688, 28.135, 21.524, 21.82, 42.928, 24.831, 28.526, 16.101, 29.919, 16.272, 0.0, 37.077, 23.989], [16.216, 10.989, 18.334, 22.777, 27.909, 13.444, 27.612, 13.773, 22.253, 29.763, 24.53, 15.531, 35.786, 32.053, 23.949, 10.241, 25.046, 43.713, 0.0, 15.97], [0.912, 10.139, 3.857, 8.446, 17.288, 3.752, 15.137, 24.101, 13.911, 19.894, 14.638, 22.924, 26.746, 25.233, 8.642, 5.344, 11.45, 28.406, 13.649, 0.0]]
big_M = 1000.0
planning_horizon = 24.0
penalty_weight = 100000.0
