# MTRSP-VS train | n20_m5_a40 seed=36
# n=20 m=5 T_max=24.0

num_tasks = 20
num_tugboats = 5
num_speed_levels = 3
task_max_tugs = [2, 1, 1, 1, 1, 1, 2, 1, 1, 1, 1, 1, 1, 1, 1, 3, 1, 1, 1, 2]
task_min_horsepower = [4217.1, 1751.2, 2636.6, 1276.0, 1213.8, 2814.4, 4206.6, 1900.3, 1768.4, 1653.5, 1713.6, 1284.7, 1221.7, 1833.9, 2794.8, 5587.6, 2262.6, 1710.4, 2335.4, 4013.9]
task_time_window_lower = [18.641, 12.868, 13.669, 9.936, 0.399, 8.441, 11.44, 7.568, 4.634, 12.012, 14.176, 3.856, 9.001, 10.576, 14.551, 7.814, 15.095, 0.245, 3.427, 17.526]
task_time_window_upper = [22.709, 17.771, 18.382, 13.724, 4.523, 12.483, 15.15, 12.175, 8.933, 17.916, 18.975, 5.962, 12.515, 14.167, 19.061, 12.586, 20.49, 6.088, 7.737, 22.972]
task_service_distance = [7.796, 3.002, 5.162, 7.137, 7.446, 5.045, 4.623, 4.927, 5.088, 7.647, 4.18, 7.935, 3.838, 7.696, 3.851, 6.247, 3.738, 3.428, 3.013, 4.494]
tugboat_horsepower = [3839.1, 3291.4, 2628.9, 4554.4, 3934.9]
tugboat_fuel_capacity = [6757.9, 6166.7, 6595.4, 7821.3, 6439.7]
tugboat_alpha = [0.17, 0.1525, 0.1777, 0.1536, 0.178]
tugboat_beta = [0.0703, 0.0503, 0.0658, 0.067, 0.0561]
speed_level_names = ['slow', 'medium', 'fast']
speed_values = [6.0, 10.0, 15.0]
speed_power_coefficients = [0.216, 1.0, 3.375]
depot_to_task_distance = [20.507, 18.962, 13.67, 3.494, 13.714, 15.062, 15.061, 13.782, 20.979, 11.676, 18.138, 10.123, 15.919, 11.573, 7.864, 18.94, 9.552, 11.798, 12.541, 16.093]
task_to_depot_distance = [15.501, 15.983, 16.592, 9.076, 20.726, 20.032, 10.502, 8.979, 26.067, 4.034, 14.068, 13.484, 12.557, 19.204, 7.713, 15.011, 10.392, 14.53, 11.515, 16.116]
task_to_task_distance = [[0.0, 11.667, 11.839, 12.58, 6.931, 21.647, 14.52, 17.669, 14.398, 19.542, 20.818, 24.424, 29.334, 23.009, 22.16, 33.386, 22.623, 18.192, 25.871, 2.488], [17.587, 0.0, 19.929, 12.524, 15.69, 27.77, 22.602, 24.512, 24.07, 24.883, 11.66, 21.306, 31.869, 26.777, 19.459, 29.453, 18.737, 11.454, 28.438, 7.738], [14.456, 27.582, 0.0, 17.144, 10.012, 7.421, 2.445, 3.916, 7.902, 8.19, 32.602, 25.992, 19.659, 13.148, 23.974, 33.891, 26.03, 27.185, 17.182, 19.307], [23.187, 13.084, 20.148, 0.0, 18.022, 23.975, 22.245, 22.113, 26.634, 20.618, 9.062, 10.756, 23.983, 20.543, 9.129, 18.821, 8.097, 2.951, 20.88, 15.117], [5.665, 23.651, 7.925, 19.486, 0.0, 17.297, 8.721, 13.223, 3.012, 17.134, 32.081, 30.849, 28.819, 22.018, 28.575, 39.602, 29.977, 28.182, 25.896, 14.405], [24.326, 35.48, 14.33, 22.111, 19.238, 0.0, 11.916, 8.329, 17.257, 8.377, 37.996, 26.922, 14.263, 10.351, 25.476, 32.973, 27.988, 31.806, 13.46, 28.146], [14.322, 22.932, 4.143, 11.051, 7.648, 7.95, 0.0, 4.372, 11.343, 5.974, 26.724, 20.17, 17.124, 10.316, 18.065, 28.423, 20.009, 21.123, 13.991, 15.742], [16.109, 23.135, 6.178, 10.069, 9.215, 7.517, 6.519, 0.0, 13.385, 4.828, 25.964, 18.355, 15.328, 8.587, 16.306, 26.477, 18.356, 20.112, 12.105, 16.58], [11.139, 29.83, 12.467, 25.264, 13.537, 19.2, 11.926, 15.837, 0.0, 20.104, 38.378, 36.131, 31.616, 25.087, 33.915, 44.641, 35.531, 34.325, 29.115, 20.589], [19.78, 21.833, 11.244, 6.617, 12.677, 11.036, 12.065, 10.064, 18.643, 0.0, 22.115, 12.765, 13.356, 7.989, 10.738, 20.981, 12.878, 15.823, 9.86, 17.391], [25.248, 10.894, 24.019, 11.759, 21.15, 28.801, 26.328, 26.672, 29.935, 25.477, 0.0, 14.468, 28.929, 25.576, 13.328, 21.292, 11.604, 3.159, 25.879, 16.035], [30.633, 19.186, 26.535, 13.242, 25.098, 28.184, 28.296, 27.261, 33.45, 24.817, 9.82, 0.0, 24.679, 23.264, 8.074, 12.994, 5.484, 5.867, 22.258, 22.61], [29.706, 31.506, 19.826, 16.041, 22.638, 13.013, 19.405, 15.427, 26.625, 11.153, 28.77, 13.248, 0.0, 6.291, 12.808, 17.35, 15.373, 22.262, 2.439, 27.942], [28.693, 36.839, 18.131, 22.04, 22.649, 7.6, 16.259, 11.853, 22.645, 9.288, 37.255, 23.816, 8.587, 0.0, 22.826, 28.526, 25.445, 30.779, 9.017, 30.69], [28.155, 24.755, 20.377, 10.626, 21.236, 18.12, 21.151, 18.565, 27.781, 15.043, 20.126, 4.581, 12.795, 12.128, 0.0, 11.846, 6.409, 13.758, 10.452, 23.509], [34.64, 25.566, 28.675, 16.286, 28.349, 27.78, 29.919, 27.888, 35.986, 24.626, 16.51, 5.263, 21.329, 21.801, 7.235, 0.0, 5.671, 12.2, 19.692, 27.728], [27.884, 17.979, 23.448, 10.185, 22.146, 25.196, 25.188, 24.173, 30.412, 21.818, 10.578, 6.6, 22.454, 20.506, 5.91, 13.721, 0.0, 4.826, 19.811, 20.288], [29.029, 15.589, 26.4, 13.248, 24.213, 29.589, 28.456, 28.083, 32.873, 26.201, 5.656, 11.6, 27.666, 25.388, 11.143, 17.161, 8.831, 0.0, 24.951, 20.258], [25.444, 29.985, 15.155, 14.654, 18.551, 7.809, 14.42, 10.268, 21.633, 5.998, 29.35, 16.012, 5.981, 1.044, 14.86, 21.779, 17.468, 22.837, 0.0, 25.055], [5.813, 13.732, 10.47, 13.482, 5.529, 20.656, 13.073, 16.552, 12.379, 18.813, 22.812, 25.46, 29.12, 22.61, 23.167, 34.456, 23.829, 19.913, 25.705, 0.0]]
big_M = 1000.0
planning_horizon = 24.0
penalty_weight = 100000.0
