# MTRSP-VS train | n20_m5_a40 seed=23
# n=20 m=5 T_max=24.0

num_tasks = 20
num_tugboats = 5
num_speed_levels = 3
task_max_tugs = [3, 1, 1, 1, 1, 1, 1, 1, 1, 1, 1, 1, 1, 1, 1, 1, 2, 1, 1, 1]
task_min_horsepower = [4227.6, 1393.3, 2900.9, 1207.0, 1339.4, 2625.7, 1843.5, 1889.4, 2784.7, 2790.4, 1825.2, 2659.6, 1476.8, 1819.2, 2114.2, 2653.1, 4078.1, 2118.7, 1496.7, 1157.2]
task_time_window_lower = [10.702, 11.811, 9.045, 0.075, 16.098, 18.59, 14.43, 9.574, 1.661, 9.22, 10.375, 10.405, 18.702, 18.983, 9.232, 12.721, 5.71, 7.24, 19.953, 7.997]
task_time_window_upper = [14.95, 14.752, 12.927, 4.949, 19.607, 21.158, 17.244, 12.267, 5.352, 14.019, 15.131, 14.628, 21.893, 21.328, 14.686, 17.829, 10.13, 10.518, 23.162, 11.362]
task_service_distance = [3.641, 5.65, 4.105, 3.264, 4.795, 6.29, 6.799, 4.572, 5.953, 3.893, 3.572, 5.864, 4.442, 4.292, 7.143, 5.963, 3.007, 6.436, 5.693, 7.872]
tugboat_horsepower = [2394.2, 2968.5, 3438.1, 4357.7, 3172.2]
tugboat_fuel_capacity = [7786.4, 7976.1, 6292.5, 6742.1, 7240.9]
tugboat_alpha = [0.1796, 0.1511, 0.1708, 0.1403, 0.1415]
tugboat_beta = [0.0813, 0.0545, 0.0805, 0.0726, 0.0688]
speed_level_names = ['slow', 'medium', 'fast']
speed_values = [6.0, 10.0, 15.0]
speed_power_coefficients = [0.216, 1.0, 3.375]
depot_to_task_distance = [24.715, 4.781, 12.518, 25.217, 9.382, 11.872, 19.613, 7.038, 8.778, 13.936, 17.547, 20.512, 8.543, 11.275, 14.055, 16.848, 23.198, 22.734, 21.705, 11.708]
task_to_depot_distance = [28.284, 7.618, 16.298, 24.107, 12.138, 6.81, 14.225, 11.099, 12.563, 10.047, 18.537, 21.384, 8.331, 15.184, 19.462, 16.515, 25.703, 17.029, 25.038, 4.375]
task_to_task_distance = [[0.0, 28.242, 39.22, 53.47, 22.205, 18.584, 25.515, 21.85, 23.872, 35.709, 33.008, 48.141, 36.773, 20.115, 14.56, 18.469, 33.325, 39.801, 8.066, 28.015], [19.336, 0.0, 20.133, 31.879, 10.875, 4.528, 13.058, 7.091, 11.488, 13.918, 14.197, 27.861, 15.631, 3.67, 8.155, 16.685, 27.496, 28.909, 17.508, 7.625], [38.31, 20.041, 0.0, 15.738, 19.753, 27.974, 35.369, 20.559, 18.101, 24.855, 30.957, 8.2, 10.359, 27.533, 29.158, 25.389, 20.289, 13.744, 34.235, 26.711], [48.526, 25.868, 13.614, 0.0, 30.685, 35.651, 39.639, 30.312, 29.177, 25.706, 32.66, 4.744, 15.591, 34.715, 38.155, 37.264, 33.141, 25.858, 44.983, 30.838], [13.836, 14.175, 21.819, 36.601, 0.0, 9.817, 21.576, 5.1, 6.469, 23.794, 24.466, 30.835, 20.081, 10.967, 6.943, 6.51, 19.946, 24.092, 9.97, 17.922], [21.326, 3.837, 19.141, 30.233, 11.915, 0.0, 12.954, 8.172, 12.283, 11.998, 12.828, 26.512, 14.245, 5.124, 10.15, 18.204, 28.176, 28.987, 19.494, 6.261], [18.646, 10.841, 26.592, 36.91, 16.889, 4.984, 0.0, 13.277, 17.819, 14.902, 11.788, 33.743, 21.508, 3.964, 9.235, 21.237, 33.73, 35.686, 18.557, 7.082], [13.712, 12.223, 22.056, 36.171, 6.33, 6.89, 18.648, 0.0, 7.844, 21.514, 21.738, 30.86, 19.486, 8.05, 4.571, 9.413, 22.569, 26.123, 10.652, 15.251], [24.763, 17.167, 14.05, 29.883, 7.287, 19.336, 30.174, 10.444, 0.0, 26.435, 29.891, 22.885, 15.861, 19.782, 18.175, 10.454, 10.672, 12.518, 20.233, 23.639], [30.14, 6.189, 17.73, 24.115, 18.92, 14.764, 15.331, 15.691, 18.633, 0.0, 9.158, 22.407, 11.458, 13.277, 19.014, 26.071, 33.097, 31.584, 28.406, 6.742], [28.084, 13.799, 28.957, 35.152, 24.601, 14.303, 5.665, 20.816, 25.08, 10.189, 0.0, 34.004, 22.84, 12.853, 18.859, 30.155, 40.98, 41.271, 28.254, 6.837], [46.06, 22.59, 12.583, 3.846, 28.789, 32.567, 35.846, 27.963, 27.388, 21.675, 28.636, 0.0, 12.88, 31.527, 35.396, 35.738, 33.376, 26.84, 42.771, 27.128], [31.595, 12.117, 4.223, 18.889, 13.606, 20.123, 27.46, 13.411, 12.137, 18.208, 23.687, 12.91, 0.0, 19.6, 21.72, 20.443, 20.657, 17.221, 27.916, 18.934], [13.548, 13.238, 27.642, 39.62, 14.735, 3.313, 11.027, 11.714, 16.025, 19.442, 16.91, 35.607, 23.401, 0.0, 4.793, 17.508, 31.264, 34.408, 13.508, 11.69], [5.7, 20.201, 29.946, 44.467, 12.887, 11.857, 22.019, 12.724, 14.556, 28.801, 27.594, 38.919, 27.809, 13.472, 0.0, 10.159, 25.454, 31.102, 2.563, 21.649], [10.079, 18.188, 26.039, 40.988, 8.772, 11.838, 23.222, 9.489, 10.4, 27.52, 27.419, 35.107, 24.498, 13.302, 7.555, 0.0, 21.177, 26.607, 5.742, 21.052], [33.204, 30.404, 22.544, 36.681, 19.755, 32.011, 43.277, 23.375, 18.856, 39.339, 43.169, 29.068, 26.901, 32.679, 29.889, 18.256, 0.0, 8.158, 28.418, 36.954], [30.44, 21.807, 13.548, 28.595, 13.366, 25.262, 35.747, 16.351, 11.967, 30.284, 34.569, 21.095, 17.576, 25.595, 24.26, 15.515, 7.698, 0.0, 25.782, 28.632], [0.973, 25.002, 36.081, 50.234, 19.193, 15.427, 23.04, 18.662, 20.867, 32.611, 30.166, 44.964, 33.536, 16.981, 11.316, 16.076, 31.22, 37.299, 0.0, 24.974], [22.507, 2.477, 16.718, 28.242, 10.73, 8.175, 15.288, 7.225, 10.8, 12.138, 14.202, 24.24, 11.992, 7.267, 11.375, 17.587, 26.409, 26.78, 20.208, 0.0]]
big_M = 1000.0
planning_horizon = 24.0
penalty_weight = 100000.0
