# MTRSP-VS train | n20_m5_a40 seed=26
# n=20 m=5 T_max=24.0

num_tasks = 20
num_tugboats = 5
num_speed_levels = 3
task_max_tugs = [1, 1, 1, 1, 2, 1, 2, 2, 2, 1, 2, 1, 1, 1, 1, 1, 1, 1, 1, 1]
task_min_horsepower = [2944.9, 2637.4, 2164.0, 1068.1, 3574.1, 1856.2, 2922.2, 4021.8, 2551.3, 1846.6, 4851.1, 2874.2, 2093.9, 1201.3, 1879.3, 1291.0, 2966.5, 2614.1, 2030.2, 2464.7]
task_time_window_lower = [0.807, 5.192, 6.109, 4.424, 0.135, 13.108, 4.599, 2.708, 0.721, 13.278, 15.76, 17.972, 10.557, 16.027, 3.553, 0.339, 4.091, 16.312, 6.199, 16.339]
task_time_window_upper = [6.52, 7.768, 8.378, 8.165, 4.133, 18.764, 7.013, 7.738, 5.657, 17.766, 19.926, 23.731, 12.77, 18.491, 6.376, 2.577, 7.137, 20.407, 11.083, 19.363]
task_service_distance = [4.026, 6.822, 6.177, 7.054, 7.657, 7.194, 3.154, 3.622, 5.806, 7.237, 7.699, 3.295, 3.224, 7.952, 6.919, 3.203, 3.669, 6.804, 4.738, 3.206]
tugboat_horsepower = [3155.0, 2463.5, 3768.4, 3531.2, 4896.8]
tugboat_fuel_capacity = [7561.5, 7995.7, 7595.7, 6372.1, 6593.2]
tugboat_alpha = [0.179, 0.1627, 0.1602, 0.1568, 0.1643]
tugboat_beta = [0.0743, 0.0628, 0.0584, 0.0619, 0.0833]
speed_level_names = ['slow', 'medium', 'fast']
speed_values = [6.0, 10.0, 15.0]
speed_power_coefficients = [0.216, 1.0, 3.375]
depot_to_task_distance = [15.467, 20.893, 7.337, 19.807, 26.671, 15.328, 14.187, 8.443, 20.096, 14.375, 18.212, 2.969, 8.75, 12.391, 15.929, 8.88, 19.706, 17.374, 18.314, 19.218]
task_to_depot_distance = [15.743, 16.986, 13.358, 22.667, 22.959, 8.135, 12.704, 5.499, 17.404, 16.696, 10.657, 2.227, 10.384, 15.604, 20.05, 12.021, 18.945, 10.786, 14.778, 21.301]
task_to_task_distance = [[0.0, 35.15, 14.398, 16.662, 13.053, 28.126, 29.924, 21.877, 32.059, 13.432, 9.603, 17.772, 23.344, 28.134, 5.141, 17.607, 17.235, 33.092, 24.284, 11.901], [32.45, 0.0, 22.427, 34.754, 43.631, 9.653, 5.719, 11.449, 12.282, 29.777, 34.865, 14.643, 13.621, 6.145, 31.419, 21.628, 29.561, 6.124, 28.087, 32.243], [10.767, 33.491, 0.0, 6.522, 18.082, 28.622, 23.815, 21.783, 33.43, 1.609, 8.55, 16.308, 15.356, 22.521, 18.255, 7.013, 28.057, 26.374, 10.117, 24.539], [10.182, 43.536, 16.629, 0.0, 8.258, 37.747, 34.812, 30.866, 42.318, 9.66, 4.814, 25.561, 26.48, 33.397, 18.969, 18.218, 31.011, 37.5, 18.909, 25.688], [10.127, 43.842, 17.029, 7.659, 0.0, 37.986, 35.23, 31.115, 42.532, 10.145, 4.938, 25.837, 26.924, 33.798, 18.813, 18.686, 30.898, 37.938, 19.506, 25.504], [22.545, 13.392, 15.342, 27.931, 33.904, 0.0, 11.413, 0.43, 11.974, 22.508, 26.031, 5.166, 11.725, 9.665, 20.241, 16.205, 18.863, 14.425, 25.124, 20.966], [27.272, 15.46, 15.709, 27.119, 37.837, 15.156, 0.0, 12.272, 19.317, 22.587, 28.522, 11.767, 5.7, 3.122, 28.613, 14.049, 30.314, 5.327, 19.397, 31.264], [20.706, 15.4, 12.391, 25.067, 32.009, 10.115, 10.403, 0.0, 14.971, 19.692, 23.703, 2.752, 8.792, 8.532, 19.671, 13.046, 20.256, 13.612, 21.914, 21.437], [29.229, 12.367, 24.732, 36.899, 40.248, 5.789, 18.71, 9.591, 0.0, 31.45, 33.724, 14.621, 21.547, 17.474, 23.997, 26.019, 16.913, 20.885, 35.103, 21.695], [16.958, 34.739, 9.66, 8.13, 22.83, 31.074, 23.58, 24.601, 35.943, 0.0, 13.846, 19.377, 15.208, 22.697, 24.433, 8.011, 33.67, 25.566, 4.094, 30.567], [7.04, 31.525, 5.415, 10.063, 16.845, 25.837, 23.351, 18.933, 30.493, 4.905, 0.0, 13.568, 15.47, 21.797, 13.424, 8.215, 23.167, 26.25, 14.585, 19.605], [17.203, 19.858, 7.578, 20.277, 28.249, 14.976, 12.187, 8.335, 19.831, 14.953, 19.475, 0.0, 6.571, 10.442, 18.138, 8.265, 21.657, 15.332, 17.411, 21.404], [24.712, 16.856, 13.131, 24.697, 35.252, 15.354, 5.314, 11.332, 19.844, 20.07, 25.944, 9.817, 0.0, 4.406, 26.311, 11.57, 28.703, 7.882, 17.572, 29.266], [28.678, 19.742, 16.491, 26.275, 38.52, 20.043, 7.338, 16.895, 24.121, 22.432, 28.974, 15.432, 6.975, 0.0, 31.366, 14.01, 34.391, 7.617, 16.838, 34.744], [6.616, 39.168, 18.42, 18.479, 10.67, 31.986, 34.234, 25.936, 35.72, 16.306, 10.88, 22.021, 27.61, 32.44, 0.0, 21.551, 18.693, 37.405, 27.489, 12.619], [17.002, 29.239, 6.115, 12.229, 25.225, 25.744, 18.188, 19.444, 30.605, 8.733, 15.674, 14.442, 9.739, 17.235, 22.828, 0.0, 30.492, 20.334, 6.295, 28.281], [17.72, 30.699, 22.744, 29.835, 25.761, 22.979, 30.799, 19.449, 25.178, 25.5, 23.395, 18.818, 27.615, 28.952, 8.802, 25.813, 0.0, 33.942, 34.649, 2.68], [26.111, 12.816, 15.539, 27.801, 37.104, 11.335, 3.577, 8.469, 15.704, 22.848, 28.128, 9.076, 6.871, 1.701, 26.271, 14.679, 26.838, 0.0, 21.579, 28.271], [20.797, 29.676, 9.811, 14.589, 28.536, 27.134, 17.816, 21.331, 31.918, 12.075, 19.093, 16.809, 10.068, 17.236, 26.641, 6.619, 33.892, 19.434, 0.0, 31.966], [19.037, 32.748, 24.89, 31.403, 26.227, 25.045, 33.162, 21.76, 27.002, 27.274, 24.692, 21.206, 29.987, 31.319, 9.99, 28.003, 4.493, 36.296, 36.714, 0.0]]
big_M = 1000.0
planning_horizon = 24.0
penalty_weight = 100000.0
