# MTRSP-VS train | n20_m5_a40 seed=39
# n=20 m=5 T_max=24.0

num_tasks = 20
num_tugboats = 5
num_speed_levels = 3
task_max_tugs = [3, 3, 1, 2, 2, 1, 2, 1, 1, 1, 3, 1, 1, 1, 3, 1, 1, 1, 1, 1]
task_min_horsepower = [6395.8, 6756.6, 1571.3, 3027.5, 3055.5, 2310.7, 2766.4, 2752.8, 1712.5, 1250.7, 5594.2, 1925.1, 2073.3, 1414.5, 5496.0, 1291.4, 2727.9, 1678.9, 1745.1, 2674.5]
task_time_window_lower = [9.27, 8.501, 19.647, 17.884, 16.086, 13.546, 0.596, 15.165, 10.367, 2.915, 0.748, 5.281, 19.59, 11.409, 12.097, 6.89, 5.736, 6.482, 10.058, 18.021]
task_time_window_upper = [13.186, 10.573, 23.745, 20.191, 21.918, 17.625, 4.012, 18.816, 12.72, 5.154, 6.112, 9.784, 22.714, 15.181, 17.674, 9.411, 11.044, 8.906, 13.184, 20.612]
task_service_distance = [3.975, 4.273, 4.47, 3.805, 5.567, 4.287, 3.227, 6.094, 6.356, 5.158, 4.178, 4.035, 3.441, 3.021, 3.633, 4.106, 7.014, 3.655, 7.5, 4.088]
tugboat_horsepower = [3740.1, 2207.7, 4932.5, 2304.3, 3361.2]
tugboat_fuel_capacity = [7847.7, 7192.0, 7305.6, 7471.3, 6413.4]
tugboat_alpha = [0.1717, 0.1583, 0.1644, 0.1692, 0.1528]
tugboat_beta = [0.0584, 0.065, 0.0785, 0.0893, 0.0697]
speed_level_names = ['slow', 'medium', 'fast']
speed_values = [6.0, 10.0, 15.0]
speed_power_coefficients = [0.216, 1.0, 3.375]
depot_to_task_distance = [12.478, 6.349, 18.001, 26.021, 17.824, 8.794, 21.656, 6.778, 21.478, 15.737, 20.099, 17.89, 17.789, 11.121, 6.059, 15.836, 5.888, 17.638, 13.017, 12.998]
task_to_depot_distance = [14.913, 9.192, 13.535, 26.412, 21.674, 7.179, 21.917, 0.763, 20.902, 10.616, 17.041, 21.255, 18.62, 8.101, 9.642, 11.771, 10.244, 21.29, 20.485, 16.022]
task_to_task_distance = [[0.0, 19.024, 14.867, 17.646, 30.023, 23.412, 11.742, 20.745, 33.402, 15.209, 34.385, 26.597, 24.148, 25.264, 18.575, 30.75, 20.799, 31.995, 26.285, 13.211], [17.926, 0.0, 13.178, 33.441, 11.612, 13.909, 19.861, 6.598, 14.901, 24.46, 17.514, 26.484, 8.618, 9.421, 14.542, 17.283, 10.417, 15.476, 19.525, 8.628], [14.316, 12.634, 0.0, 30.185, 20.301, 21.363, 10.494, 15.122, 23.098, 24.417, 26.915, 31.02, 11.76, 18.722, 19.551, 26.289, 17.803, 24.906, 26.36, 0.804], [15.196, 32.24, 30.679, 0.0, 43.884, 32.648, 25.607, 33.174, 47.477, 14.297, 46.32, 27.961, 39.783, 37.512, 26.675, 40.647, 31.452, 43.849, 32.842, 29.119], [31.673, 15.326, 22.498, 47.099, 0.0, 21.584, 30.65, 15.61, 4.268, 37.41, 13.324, 36.025, 9.736, 13.373, 25.298, 19.21, 19.488, 13.247, 26.891, 20.03], [19.651, 5.579, 22.213, 32.409, 12.841, 0.0, 27.467, 3.229, 16.367, 21.135, 13.154, 18.347, 17.379, 4.839, 7.816, 8.872, 1.876, 10.683, 10.018, 17.201], [17.457, 21.963, 6.016, 31.044, 29.039, 30.302, 0.0, 24.434, 31.456, 28.896, 36.127, 38.232, 18.784, 28.083, 27.624, 35.621, 26.821, 34.188, 34.933, 10.149], [13.241, 5.85, 18.342, 26.691, 17.207, 8.147, 22.221, 0.0, 20.863, 16.261, 19.348, 17.824, 17.586, 10.391, 5.888, 15.091, 5.15, 16.886, 12.555, 13.305], [30.282, 14.61, 20.342, 45.906, 6.655, 21.746, 28.538, 15.257, 0.0, 36.6, 14.979, 36.082, 7.517, 13.674, 24.979, 20.207, 19.336, 14.596, 27.234, 18.107], [9.716, 16.956, 24.443, 16.6, 28.213, 14.814, 24.644, 16.988, 31.864, 0.0, 29.028, 12.965, 27.87, 20.792, 8.823, 22.783, 14.218, 26.588, 15.021, 20.296], [29.519, 13.356, 29.418, 41.876, 10.231, 10.646, 35.898, 11.163, 12.164, 30.146, 0.0, 23.641, 20.496, 6.937, 16.519, 4.024, 11.455, 2.53, 13.838, 24.84], [24.313, 26.254, 38.268, 24.249, 34.813, 18.464, 39.275, 24.914, 38.098, 14.231, 31.807, 0.0, 38.655, 26.684, 15.558, 23.786, 20.709, 29.847, 13.809, 33.631], [26.915, 12.652, 16.24, 42.75, 8.696, 21.066, 24.44, 13.915, 9.795, 34.055, 17.24, 34.978, 0.0, 13.6, 23.379, 21.08, 18.174, 16.315, 26.753, 14.147], [20.423, 4.181, 20.934, 33.963, 10.538, 6.697, 26.771, 1.763, 14.13, 23.026, 12.066, 20.847, 15.073, 0.0, 10.061, 9.478, 4.161, 9.63, 12.402, 16.051], [17.118, 14.238, 27.47, 24.986, 23.385, 7.449, 30.058, 12.963, 26.852, 12.808, 22.006, 8.356, 26.655, 15.268, 0.0, 14.799, 8.855, 19.72, 6.15, 22.553], [24.017, 10.326, 27.109, 35.506, 13.632, 4.119, 32.5, 7.825, 16.634, 23.654, 10.607, 17.602, 20.968, 6.137, 10.084, 0.0, 5.884, 8.38, 7.942, 22.143], [22.129, 4.703, 20.35, 36.264, 7.788, 9.37, 26.852, 3.492, 11.422, 25.611, 10.792, 23.663, 12.9, 2.288, 12.878, 10.331, 0.0, 8.544, 14.986, 15.744], [33.682, 16.637, 31.355, 46.668, 9.26, 15.679, 38.476, 14.848, 9.574, 35.087, 1.194, 28.684, 20.775, 10.319, 21.45, 8.877, 16.066, 0.0, 18.894, 27.201], [30.015, 22.033, 38.137, 36.321, 25.812, 12.458, 42.079, 19.719, 28.309, 24.344, 20.049, 11.731, 33.571, 18.82, 15.175, 12.328, 16.05, 18.796, 0.0, 33.057], [14.219, 15.8, 3.007, 29.538, 23.496, 24.222, 7.241, 18.266, 26.196, 25.109, 30.2, 32.981, 14.308, 21.972, 21.898, 29.456, 20.71, 28.189, 29.006, 0.0]]
big_M = 1000.0
planning_horizon = 24.0
penalty_weight = 100000.0
