# MTRSP-VS train | n20_m5_a40 seed=34
# n=20 m=5 T_max=24.0

num_tasks = 20
num_tugboats = 5
num_speed_levels = 3
task_max_tugs = [1, 1, 1, 1, 1, 1, 1, 1, 1, 1, 1, 1, 1, 1, 1, 1, 1, 1, 3, 1]
task_min_horsepower = [1519.9, 1115.5, 2002.9, 2716.3, 2526.2, 2388.4, 1308.0, 2970.8, 2627.9, 1295.6, 2187.6, 1532.0, 2408.0, 2469.0, 2208.1, 1923.4, 1925.2, 1783.9, 5193.1, 1612.2]
task_time_window_lower = [15.042, 4.399, 17.653, 13.884, 11.789, 5.074, 12.135, 5.422, 14.352, 17.148, 11.085, 19.286, 6.224, 5.616, 16.467, 0.68, 3.557, 0.734, 2.163, 11.156]
task_time_window_upper = [20.972, 8.213, 23.169, 17.126, 16.803, 7.555, 17.022, 10.109, 19.87, 21.088, 14.293, 23.368, 11.973, 10.738, 22.0, 5.407, 6.778, 4.751, 4.414, 16.615]
task_service_distance = [7.217, 7.744, 5.558, 6.882, 3.718, 7.669, 4.569, 5.866, 7.076, 4.404, 6.858, 7.327, 5.017, 4.169, 2.793, 7.716, 6.792, 3.326, 6.848, 4.393]
tugboat_horsepower = [4463.2, 4532.8, 3490.0, 4801.4, 3021.7]
tugboat_fuel_capacity = [6783.2, 7274.3, 7283.3, 7717.2, 6603.9]
tugboat_alpha = [0.1474, 0.1496, 0.1767, 0.1741, 0.1676]
tugboat_beta = [0.0639, 0.0587, 0.0826, 0.081, 0.065]
speed_level_names = ['slow', 'medium', 'fast']
speed_values = [6.0, 10.0, 15.0]
speed_power_coefficients = [0.216, 1.0, 3.375]
depot_to_task_distance = [3.62, 16.217, 17.976, 10.056, 24.119, 18.115, 9.957, 4.516, 10.513, 15.948, 18.459, 12.742, 21.497, 17.286, 19.034, 11.527, 15.837, 15.464, 9.713, 8.357]
task_to_depot_distance = [7.013, 8.61, 12.511, 9.248, 27.533, 10.631, 7.778, 8.574, 16.359, 20.307, 24.674, 17.407, 20.541, 16.721, 21.757, 7.539, 16.362, 12.212, 15.618, 7.591]
task_to_task_distance = [[0.0, 9.49, 21.267, 16.841, 28.826, 14.47, 7.608, 7.571, 13.591, 13.658, 23.213, 6.83, 20.255, 23.195, 25.257, 14.675, 17.598, 15.905, 14.914, 14.058], [8.973, 0.0, 21.62, 18.535, 29.477, 14.798, 7.103, 9.313, 14.088, 14.404, 24.927, 5.195, 21.108, 24.246, 26.399, 15.149, 19.037, 17.168, 15.878, 15.167], [16.126, 20.858, 0.0, 16.643, 13.312, 29.823, 10.618, 17.021, 2.222, 28.154, 28.207, 16.559, 33.978, 10.478, 13.141, 1.139, 28.036, 27.946, 4.859, 6.392], [11.667, 24.383, 13.81, 0.0, 16.911, 26.729, 15.533, 12.336, 9.608, 24.053, 18.747, 20.349, 28.529, 8.768, 10.03, 9.902, 20.89, 21.808, 5.267, 3.969], [30.777, 37.785, 12.542, 25.794, 0.0, 45.642, 27.586, 31.579, 19.131, 43.382, 36.984, 33.522, 48.299, 11.227, 11.238, 18.127, 40.703, 41.636, 17.859, 19.188], [7.43, 15.706, 28.348, 16.463, 34.746, 0.0, 16.357, 6.725, 20.654, 5.359, 17.801, 14.834, 11.551, 27.623, 29.091, 21.73, 9.736, 7.374, 20.343, 18.946], [9.219, 8.701, 18.985, 17.822, 26.955, 17.349, 0.0, 9.779, 11.528, 16.707, 25.412, 4.964, 23.325, 22.068, 24.323, 12.571, 20.454, 18.903, 13.66, 13.129], [6.264, 22.788, 24.624, 6.865, 28.822, 17.191, 18.435, 0.0, 18.035, 13.852, 9.986, 20.161, 17.03, 20.555, 21.327, 18.884, 8.975, 10.187, 15.517, 13.805], [19.868, 25.813, 3.08, 17.936, 8.362, 34.213, 15.58, 20.736, 0.0, 32.285, 29.805, 21.522, 37.772, 7.153, 9.733, 6.068, 31.117, 31.437, 6.883, 8.554], [17.004, 20.935, 37.955, 24.814, 44.414, 3.418, 24.973, 16.223, 30.227, 0.0, 21.916, 21.847, 5.216, 37.13, 38.448, 31.311, 11.96, 8.857, 30.016, 28.598], [22.764, 39.117, 36.833, 16.493, 37.609, 29.12, 34.625, 22.325, 32.154, 25.536, 0.0, 36.657, 24.101, 28.992, 28.163, 32.704, 16.265, 19.524, 28.29, 26.729], [17.104, 3.604, 28.568, 27.142, 37.034, 14.869, 13.187, 17.181, 21.691, 16.545, 31.952, 0.0, 22.9, 32.682, 34.961, 22.649, 24.201, 21.494, 24.274, 23.767], [16.941, 27.536, 38.294, 20.753, 43.135, 11.934, 28.333, 16.047, 31.039, 9.192, 13.872, 27.084, 0.0, 34.908, 35.592, 32.03, 5.428, 5.177, 29.399, 27.74], [19.076, 31.248, 13.903, 11.691, 12.57, 34.064, 21.682, 19.695, 13.872, 31.24, 22.492, 27.053, 35.231, 0.0, 3.297, 13.567, 26.987, 28.4, 9.649, 9.645], [24.321, 35.428, 14.442, 17.001, 9.627, 39.364, 25.469, 24.974, 17.022, 36.594, 27.308, 31.144, 40.621, 5.252, 0.0, 16.423, 32.327, 33.788, 13.517, 14.023], [10.518, 21.912, 12.558, 8.508, 17.06, 25.537, 12.878, 11.298, 7.253, 23.116, 20.118, 17.814, 28.076, 9.753, 11.535, 0.0, 21.014, 21.533, 3.449, 1.762], [12.815, 21.083, 34.324, 19.611, 40.171, 6.115, 22.783, 11.952, 26.734, 2.776, 16.693, 20.895, 5.185, 32.516, 33.652, 27.788, 0.0, 3.552, 25.903, 24.372], [8.593, 20.327, 30.146, 14.879, 35.625, 9.522, 19.896, 7.697, 22.72, 5.978, 13.592, 19.175, 9.51, 27.831, 28.913, 23.739, 5.093, 0.0, 21.487, 19.901], [19.212, 23.804, 2.368, 18.55, 10.265, 33.107, 13.621, 20.099, 5.523, 31.383, 30.346, 19.548, 37.114, 9.319, 11.954, 4.434, 30.893, 30.968, 0.0, 8.562], [11.211, 17.685, 10.509, 13.459, 17.585, 24.941, 7.847, 12.107, 2.924, 23.197, 24.372, 13.397, 29.019, 12.585, 14.978, 3.941, 23.295, 23.054, 4.253, 0.0]]
big_M = 1000.0
planning_horizon = 24.0
penalty_weight = 100000.0
