# MTRSP-VS train | n20_m5_a40 seed=42
# n=20 m=5 T_max=24.0

num_tasks = 20
num_tugboats = 5
num_speed_levels = 3
task_max_tugs = [1, 1, 1, 1, 2, 2, 1, 2, 1, 1, 2, 1, 1, 2, 1, 1, 1, 1, 1, 1]
task_min_horsepower = [1525.5, 2795.6, 1438.6, 2019.1, 2617.8, 4068.6, 1844.3, 3454.0, 2058.2, 2721.6, 4301.8, 2073.9, 2281.9, 3586.9, 2907.6, 1526.8, 1357.3, 2741.0, 2277.9, 1305.7]
task_time_window_lower = [10.221, 10.016, 7.131, 20.368, 15.373, 1.203, 17.507, 10.525, 16.523, 2.431, 11.05, 18.269, 4.301, 14.484, 6.607, 11.71, 10.48, 4.835, 12.147, 4.642]
task_time_window_upper = [15.271, 15.13, 9.133, 22.446, 20.888, 4.433, 23.019, 12.868, 18.8, 7.495, 14.952, 21.329, 7.994, 18.641, 9.412, 17.691, 14.232, 7.319, 15.5, 7.563]
task_service_distance = [4.375, 7.461, 4.093, 2.039, 7.047, 4.701, 2.615, 7.036, 4.893, 7.309, 4.139, 3.505, 4.851, 6.24, 3.817, 5.785, 4.145, 4.055, 6.277, 4.324]
tugboat_horsepower = [1748.5, 3708.9, 2301.3, 4508.7, 4669.0]
tugboat_fuel_capacity = [6428.5, 6264.6, 7871.0, 7142.1, 6945.3]
tugboat_alpha = [0.1714, 0.1723, 0.1476, 0.1439, 0.1572]
tugboat_beta = [0.0669, 0.0687, 0.0792, 0.0769, 0.0894]
speed_level_names = ['slow', 'medium', 'fast']
speed_values = [6.0, 10.0, 15.0]
speed_power_coefficients = [0.216, 1.0, 3.375]
depot_to_task_distance = [19.801, 11.808, 19.066, 22.445, 11.739, 14.576, 19.421, 14.506, 18.98, 14.003, 19.925, 19.919, 7.661, 19.798, 16.032, 20.366, 17.606, 11.866, 16.781, 16.663]
task_to_depot_distance = [15.984, 19.248, 20.273, 24.292, 5.66, 18.992, 20.513, 13.31, 17.643, 6.844, 15.866, 18.865, 6.686, 19.568, 19.815, 17.273, 21.374, 11.298, 10.698, 16.887]
task_to_task_distance = [[0.0, 21.981, 10.294, 25.386, 25.284, 23.375, 14.488, 20.307, 33.961, 20.605, 3.953, 23.461, 9.321, 35.751, 30.786, 24.241, 26.771, 14.717, 11.374, 16.6], [31.651, 0.0, 35.278, 41.686, 28.004, 4.699, 17.652, 7.065, 16.45, 6.748, 30.1, 39.16, 19.381, 25.987, 29.043, 6.527, 2.122, 30.796, 18.373, 12.612], [12.791, 30.898, 0.0, 13.604, 22.863, 33.17, 28.362, 31.292, 38.849, 31.254, 15.417, 12.658, 18.523, 36.473, 28.732, 36.338, 36.567, 9.657, 25.078, 29.42], [26.103, 36.094, 17.608, 0.0, 19.47, 38.864, 38.969, 38.353, 39.117, 38.0, 28.521, 4.449, 26.773, 33.028, 23.952, 44.074, 41.87, 13.396, 35.63, 38.544], [24.838, 13.974, 22.689, 21.724, 0.0, 16.871, 24.721, 18.043, 16.07, 17.34, 25.239, 19.289, 13.319, 14.56, 10.46, 23.786, 19.245, 13.542, 22.26, 21.442], [32.19, 7.198, 35.521, 41.38, 27.322, 0.0, 18.675, 7.733, 15.179, 7.279, 30.724, 38.856, 19.643, 24.834, 28.144, 7.808, 1.39, 30.669, 19.236, 13.577], [20.41, 15.694, 27.161, 39.652, 32.225, 14.703, 0.0, 10.632, 29.926, 11.534, 18.023, 37.315, 14.597, 36.672, 35.883, 10.167, 16.817, 27.788, 5.71, 4.491], [17.795, 10.514, 22.704, 33.248, 25.021, 10.783, 6.453, 0.0, 24.634, 7.572, 16.078, 30.833, 8.005, 30.173, 28.779, 10.69, 13.888, 21.387, 5.02, 3.767], [37.394, 16.298, 36.161, 33.355, 15.935, 18.071, 32.121, 21.592, 0.0, 20.658, 37.295, 31.176, 24.335, 6.138, 12.901, 25.62, 18.039, 26.972, 30.757, 27.417], [20.358, 6.364, 22.41, 28.929, 18.036, 8.602, 13.993, 7.72, 18.368, 0.0, 19.549, 26.413, 6.855, 22.751, 21.359, 13.558, 11.973, 17.647, 12.081, 10.306], [5.101, 21.345, 11.296, 26.192, 25.513, 22.652, 13.479, 19.501, 33.569, 19.826, 0.0, 24.226, 8.919, 35.661, 30.932, 23.33, 26.03, 15.342, 10.374, 15.654], [25.832, 30.45, 18.393, 5.043, 12.479, 33.306, 35.717, 33.326, 32.257, 32.858, 27.839, 0.0, 22.922, 25.998, 16.948, 39.166, 36.104, 10.247, 32.476, 34.46], [18.319, 8.272, 20.566, 27.985, 18.338, 10.286, 13.016, 8.73, 20.313, 8.506, 17.522, 25.49, 0.0, 24.196, 22.129, 14.391, 13.713, 16.445, 10.75, 9.977], [38.031, 24.474, 34.152, 26.006, 10.378, 26.969, 38.136, 29.573, 16.511, 28.701, 38.762, 24.349, 27.227, 0.0, 4.462, 34.648, 27.974, 23.789, 35.929, 34.269], [37.554, 25.822, 33.167, 24.023, 9.489, 28.424, 38.814, 30.79, 18.786, 29.945, 38.453, 22.493, 27.417, 8.712, 0.0, 36.044, 29.651, 22.745, 36.45, 35.176], [22.563, 10.338, 27.945, 38.255, 28.641, 9.142, 6.908, 5.119, 24.44, 6.043, 20.579, 35.806, 13.145, 31.653, 31.691, 0.0, 11.317, 26.451, 8.022, 2.061], [33.193, 9.603, 37.12, 43.817, 30.124, 6.803, 18.414, 8.639, 17.785, 8.484, 31.532, 41.291, 21.236, 27.668, 31.048, 6.525, 0.0, 32.873, 19.474, 13.569], [12.353, 22.053, 8.107, 15.411, 16.179, 24.447, 22.269, 22.948, 30.063, 22.799, 13.93, 13.223, 10.459, 28.758, 22.062, 28.334, 27.794, 0.0, 18.93, 22.112], [16.058, 10.671, 20.151, 30.226, 22.434, 11.711, 8.723, 8.626, 24.108, 8.883, 14.705, 27.81, 4.996, 28.628, 26.503, 13.215, 15.07, 18.37, 0.0, 6.785], [24.352, 8.446, 29.215, 38.536, 27.87, 6.875, 9.354, 3.14, 22.265, 4.061, 22.507, 36.051, 13.85, 29.907, 30.525, 4.122, 8.871, 26.868, 10.219, 0.0]]
big_M = 1000.0
planning_horizon = 24.0
penalty_weight = 100000.0
