# MTRSP-VS train | n20_m5_a40 seed=18
# n=20 m=5 T_max=24.0

num_tasks = 20
num_tugboats = 5
num_speed_levels = 3
task_max_tugs = [3, 1, 2, 1, 1, 3, 1, 1, 1, 1, 1, 1, 1, 1, 3, 1, 1, 1, 1, 1]
task_min_horsepower = [5015.4, 1602.8, 4985.9, 1036.3, 1292.1, 6216.3, 1852.8, 2117.3, 1202.4, 2540.7, 1807.8, 1944.0, 2752.3, 1301.7, 6353.6, 2460.5, 1117.1, 2860.3, 2471.9, 2047.4]
task_time_window_lower = [4.794, 18.211, 15.296, 6.445, 1.269, 12.473, 13.13, 8.327, 14.791, 0.199, 14.686, 5.593, 4.507, 2.911, 8.449, 18.193, 4.854, 14.491, 1.748, 16.761]
task_time_window_upper = [10.514, 20.517, 20.091, 8.966, 5.619, 15.787, 18.877, 11.913, 18.842, 6.181, 20.388, 7.775, 7.601, 5.561, 13.152, 20.622, 10.195, 19.81, 5.869, 21.597]
task_service_distance = [4.673, 5.399, 6.459, 7.33, 6.674, 7.366, 3.033, 5.689, 6.0, 7.615, 3.801, 5.035, 4.243, 7.12, 3.761, 4.019, 7.09, 3.664, 7.086, 4.985]
tugboat_horsepower = [4915.8, 4824.9, 1827.3, 2068.2, 4604.2]
tugboat_fuel_capacity = [7718.1, 7353.4, 6910.9, 6041.2, 7293.9]
tugboat_alpha = [0.1774, 0.1476, 0.1799, 0.1407, 0.1559]
tugboat_beta = [0.08, 0.0785, 0.0731, 0.0612, 0.0599]
speed_level_names = ['slow', 'medium', 'fast']
speed_values = [6.0, 10.0, 15.0]
speed_power_coefficients = [0.216, 1.0, 3.375]
depot_to_task_distance = [14.291, 0.483, 13.627, 13.448, 14.936, 13.881, 13.915, 14.407, 13.065, 15.433, 9.035, 7.865, 17.928, 14.017, 21.657, 6.182, 12.788, 19.419, 15.394, 9.758]
task_to_depot_distance = [15.651, 5.752, 12.989, 16.517, 21.395, 8.182, 11.924, 16.988, 18.71, 11.904, 12.226, 3.103, 21.162, 16.898, 17.998, 9.34, 5.699, 15.991, 19.16, 14.739]
task_to_task_distance = [[0.0, 15.522, 20.811, 18.251, 21.396, 3.838, 18.925, 1.799, 12.502, 12.498, 19.441, 23.005, 5.422, 5.085, 25.503, 19.462, 16.459, 14.971, 29.094, 21.546], [8.871, 0.0, 11.639, 16.313, 12.683, 8.656, 10.835, 9.674, 13.626, 9.988, 13.619, 13.592, 12.482, 11.332, 18.691, 11.581, 15.101, 19.425, 21.101, 10.573], [10.548, 12.516, 0.0, 24.816, 6.646, 11.194, 4.078, 13.216, 21.728, 4.423, 21.786, 19.842, 12.789, 17.572, 10.817, 19.169, 23.573, 27.028, 27.887, 10.319], [26.741, 16.999, 29.939, 0.0, 31.285, 25.866, 30.425, 25.057, 13.432, 30.898, 7.502, 13.157, 29.835, 20.588, 38.089, 10.735, 9.1, 16.512, 9.94, 25.005], [20.37, 20.92, 8.04, 34.373, 0.0, 21.171, 7.577, 23.267, 31.888, 12.703, 30.416, 26.418, 21.747, 27.924, 0.539, 27.194, 33.316, 37.362, 34.353, 13.914], [7.308, 7.792, 10.706, 18.54, 11.554, 0.0, 9.391, 8.84, 15.319, 7.456, 16.131, 15.94, 10.758, 11.808, 17.03, 14.109, 17.226, 20.764, 23.571, 11.042], [15.592, 11.46, 1.712, 25.205, 3.018, 16.01, 0.0, 17.813, 23.499, 10.365, 20.88, 16.902, 18.334, 21.057, 9.831, 17.582, 24.315, 29.444, 24.927, 5.051], [3.213, 16.682, 17.066, 23.575, 17.27, 4.162, 14.7, 0.0, 18.408, 6.855, 23.286, 24.85, 2.252, 11.532, 20.022, 22.25, 21.881, 21.674, 32.018, 19.643], [17.031, 18.934, 29.782, 10.684, 30.768, 15.994, 28.704, 14.072, 0.0, 24.38, 15.777, 22.793, 18.356, 8.318, 36.276, 18.274, 9.28, 2.09, 25.436, 27.961], [2.408, 11.635, 15.026, 18.848, 15.624, 2.308, 13.175, 3.989, 14.215, 0.0, 18.105, 19.736, 6.039, 8.527, 20.032, 17.019, 17.239, 18.529, 26.794, 16.085], [21.267, 12.688, 25.853, 2.927, 27.158, 20.381, 26.012, 19.559, 8.385, 25.727, 0.0, 11.465, 24.338, 15.212, 33.838, 7.573, 4.227, 12.777, 12.016, 21.543], [17.348, 3.318, 14.287, 14.136, 15.649, 16.965, 15.114, 17.51, 14.985, 17.888, 8.666, 0.0, 20.986, 16.88, 22.491, 5.035, 13.86, 21.334, 12.958, 9.298], [7.265, 20.847, 19.824, 27.377, 19.787, 8.077, 17.276, 9.08, 21.936, 9.069, 27.408, 29.027, 0.0, 14.674, 21.298, 26.444, 25.639, 24.486, 36.215, 23.148], [4.057, 16.723, 20.689, 20.271, 21.152, 3.63, 18.622, 2.499, 14.546, 11.589, 21.266, 24.448, 3.544, 0.0, 24.774, 21.084, 18.484, 16.868, 30.79, 22.002], [18.757, 17.529, 4.457, 31.162, 3.097, 19.438, 4.614, 21.47, 29.034, 11.614, 26.981, 22.796, 20.671, 25.657, 0.0, 23.683, 30.188, 34.728, 30.719, 10.282], [23.122, 9.752, 20.992, 12.121, 22.358, 22.544, 22.051, 22.602, 15.766, 24.743, 5.986, 2.83, 26.702, 20.336, 29.186, 0.0, 12.782, 21.45, 6.056, 15.412], [15.033, 6.09, 19.066, 7.851, 20.326, 14.281, 19.005, 13.956, 7.865, 18.681, 5.123, 9.352, 18.422, 11.267, 26.883, 5.094, 0.0, 14.195, 14.485, 15.452], [15.684, 16.227, 27.401, 8.565, 28.433, 14.636, 26.455, 12.893, 3.265, 22.666, 13.19, 20.063, 17.495, 7.064, 34.139, 15.55, 6.971, 0.0, 23.008, 25.338], [31.094, 19.631, 31.747, 12.789, 33.114, 30.296, 32.661, 29.722, 18.801, 34.355, 10.979, 13.562, 34.382, 25.688, 39.954, 12.979, 14.493, 22.11, 0.0, 26.217], [21.863, 14.379, 6.134, 28.028, 6.718, 22.191, 8.782, 23.867, 27.584, 16.771, 22.717, 16.761, 24.745, 26.434, 11.619, 19.007, 27.503, 33.832, 24.057, 0.0]]
big_M = 1000.0
planning_horizon = 24.0
penalty_weight = 100000.0
