# MTRSP-VS train | n20_m5_a40 seed=19
# n=20 m=5 T_max=24.0

num_tasks = 20
num_tugboats = 5
num_speed_levels = 3
task_max_tugs = [1, 1, 1, 1, 2, 1, 1, 1, 1, 2, 1, 3, 1, 1, 1, 1, 1, 1, 1, 2]
task_min_horsepower = [1224.4, 2757.5, 1136.0, 2267.7, 3461.7, 2900.3, 2139.1, 2916.9, 2018.3, 4436.5, 1421.2, 5571.2, 1271.8, 2025.5, 2769.0, 2910.8, 2362.6, 2009.4, 1956.9, 4624.2]
task_time_window_lower = [9.8, 9.377, 4.826, 7.635, 7.648, 17.02, 1.714, 10.222, 0.829, 6.515, 12.185, 6.073, 20.428, 19.878, 14.166, 14.043, 17.427, 0.917, 11.815, 15.357]
task_time_window_upper = [12.418, 15.097, 10.3, 11.503, 10.945, 20.801, 7.598, 14.893, 4.482, 9.963, 15.653, 9.541, 23.525, 23.446, 16.829, 18.261, 21.485, 5.267, 16.546, 18.339]
task_service_distance = [5.602, 2.656, 4.637, 4.555, 4.013, 7.015, 5.723, 7.574, 4.164, 4.951, 6.527, 3.599, 7.481, 3.129, 4.315, 6.677, 3.227, 3.507, 3.081, 3.856]
tugboat_horsepower = [2512.0, 2019.5, 4425.0, 3563.2, 2470.0]
tugboat_fuel_capacity = [6621.2, 6811.2, 6449.7, 7477.8, 6206.6]
tugboat_alpha = [0.1496, 0.1455, 0.1584, 0.1624, 0.1622]
tugboat_beta = [0.0856, 0.0524, 0.084, 0.0675, 0.0888]
speed_level_names = ['slow', 'medium', 'fast']
speed_values = [6.0, 10.0, 15.0]
speed_power_coefficients = [0.216, 1.0, 3.375]
depot_to_task_distance = [13.419, 20.324, 13.534, 17.176, 20.909, 10.348, 18.439, 10.232, 21.588, 15.201, 16.602, 1.992, 5.237, 18.659, 17.499, 9.475, 10.658, 12.565, 6.262, 18.883]
task_to_depot_distance = [11.094, 20.064, 11.239, 21.731, 24.125, 16.647, 23.984, 17.764, 18.644, 20.149, 19.367, 5.403, 11.91, 15.602, 16.843, 15.295, 12.461, 15.714, 7.893, 16.192]
task_to_task_distance = [[0.0, 10.583, 23.356, 24.871, 31.2, 6.18, 17.623, 19.635, 12.449, 7.831, 27.041, 12.259, 16.298, 25.472, 17.178, 17.991, 10.222, 6.07, 4.9, 29.521], [12.229, 0.0, 30.632, 30.437, 38.577, 11.036, 18.064, 29.14, 13.411, 13.454, 36.428, 20.811, 25.288, 34.772, 18.188, 24.882, 14.382, 13.463, 13.864, 37.337], [23.719, 25.52, 0.0, 5.964, 12.334, 15.378, 15.298, 16.693, 31.755, 25.766, 18.612, 9.249, 10.084, 26.226, 14.238, 1.808, 12.255, 23.144, 15.247, 11.67], [33.706, 32.714, 10.291, 0.0, 11.429, 23.85, 18.416, 26.171, 41.528, 35.846, 25.821, 19.739, 20.163, 35.471, 17.659, 12.256, 19.919, 33.27, 25.141, 13.276], [37.436, 39.81, 10.666, 11.246, 0.0, 29.809, 27.347, 24.369, 45.597, 39.309, 20.997, 22.337, 20.46, 32.435, 26.438, 16.046, 26.511, 36.667, 29.269, 6.99], [17.635, 9.324, 22.533, 20.582, 30.135, 0.0, 6.726, 26.878, 22.769, 19.758, 32.675, 16.244, 20.977, 34.882, 6.856, 16.894, 6.361, 18.206, 12.623, 29.564], [27.148, 17.082, 25.097, 20.672, 31.458, 16.024, 0.0, 33.853, 32.058, 29.279, 38.363, 22.975, 27.23, 42.643, 6.779, 20.524, 13.523, 27.679, 21.402, 31.795], [26.162, 37.346, 20.321, 26.929, 22.224, 28.026, 35.306, 0.0, 32.779, 26.66, 5.232, 18.243, 13.789, 7.019, 34.272, 21.635, 28.238, 24.809, 23.079, 19.251], [5.624, 12.284, 31.673, 33.48, 39.389, 14.348, 24.979, 25.063, 0.0, 5.175, 32.908, 20.176, 23.515, 28.329, 24.745, 26.487, 18.502, 6.909, 13.063, 37.503], [6.966, 17.183, 33.626, 36.233, 41.04, 18.112, 29.255, 24.653, 2.436, 0.0, 32.511, 21.93, 24.481, 26.243, 28.926, 28.871, 22.196, 7.595, 15.527, 38.893], [27.297, 38.781, 21.951, 28.576, 23.565, 29.587, 37.004, 9.143, 33.686, 27.685, 0.0, 19.901, 15.486, 6.689, 35.972, 23.348, 29.885, 25.933, 24.562, 20.609], [17.145, 20.267, 10.117, 12.245, 18.034, 9.747, 14.248, 14.012, 25.186, 19.205, 18.65, 0.0, 7.27, 23.203, 13.219, 4.783, 7.886, 16.591, 8.687, 16.631], [22.311, 32.051, 14.597, 21.035, 18.076, 22.258, 28.965, 3.086, 29.735, 23.269, 4.999, 12.102, 0.0, 10.651, 27.925, 15.309, 22.096, 21.048, 17.724, 15.142], [20.408, 33.0, 22.997, 29.099, 26.925, 24.89, 34.039, 7.055, 26.227, 20.494, 11.414, 16.827, 13.669, 0.0, 33.09, 22.426, 26.147, 19.03, 19.41, 23.982], [19.553, 11.852, 21.109, 18.586, 28.498, 8.253, 4.185, 26.988, 25.095, 21.736, 32.303, 16.144, 20.732, 35.391, 0.0, 15.66, 6.187, 20.006, 13.673, 28.134], [26.069, 24.645, 9.214, 4.769, 15.262, 15.75, 11.4, 22.229, 33.688, 28.27, 24.32, 13.387, 15.425, 31.764, 10.459, 0.0, 11.779, 25.768, 17.558, 15.602], [14.269, 10.076, 19.946, 19.208, 27.802, 2.817, 8.958, 22.684, 20.421, 16.493, 28.742, 12.24, 17.022, 30.575, 8.557, 14.161, 0.0, 14.634, 8.363, 26.877], [3.621, 17.144, 29.243, 32.226, 36.533, 15.315, 26.836, 20.025, 6.723, 1.551, 27.897, 17.564, 19.869, 22.259, 26.364, 24.714, 19.171, 0.0, 11.713, 34.324], [10.466, 12.532, 18.395, 19.479, 26.326, 2.643, 13.52, 17.883, 17.854, 12.728, 24.493, 8.297, 12.953, 25.378, 12.867, 12.826, 5.356, 10.445, 0.0, 24.883], [29.576, 33.188, 3.27, 8.261, 4.798, 22.827, 22.804, 16.897, 37.748, 31.394, 15.216, 14.472, 12.458, 25.626, 21.775, 9.057, 20.024, 28.756, 21.602, 0.0]]
big_M = 1000.0
planning_horizon = 24.0
penalty_weight = 100000.0
