# MTRSP-VS train | n20_m5_a40 seed=28
# n=20 m=5 T_max=24.0

num_tasks = 20
num_tugboats = 5
num_speed_levels = 3
task_max_tugs = [2, 1, 1, 2, 1, 1, 2, 3, 1, 1, 1, 1, 1, 1, 1, 1, 1, 1, 1, 1]
task_min_horsepower = [4961.6, 1719.6, 1392.9, 2828.4, 1592.5, 2305.2, 4400.0, 6414.5, 1902.1, 2011.9, 2957.4, 1801.8, 2394.2, 2578.7, 2151.7, 2050.7, 2780.8, 2288.1, 1783.9, 2698.9]
task_time_window_lower = [1.735, 1.301, 17.196, 0.427, 11.715, 0.62, 1.56, 7.564, 17.698, 6.869, 4.23, 17.232, 6.475, 17.114, 21.87, 8.03, 4.379, 5.469, 12.857, 14.796]
task_time_window_upper = [6.678, 4.276, 20.413, 4.934, 16.715, 4.524, 3.627, 13.069, 19.929, 10.803, 7.802, 19.372, 12.009, 21.417, 23.968, 10.493, 6.63, 8.108, 16.663, 18.781]
task_service_distance = [5.986, 5.088, 3.656, 3.475, 3.647, 6.311, 3.657, 4.301, 3.619, 3.163, 4.888, 5.227, 3.949, 3.631, 6.808, 6.635, 5.133, 4.472, 4.802, 6.368]
tugboat_horsepower = [2275.1, 2214.5, 3545.9, 2757.5, 4809.2]
tugboat_fuel_capacity = [6744.3, 7293.1, 6553.0, 6743.3, 6298.4]
tugboat_alpha = [0.1571, 0.1527, 0.162, 0.175, 0.1714]
tugboat_beta = [0.0764, 0.0734, 0.0845, 0.0566, 0.088]
speed_level_names = ['slow', 'medium', 'fast']
speed_values = [6.0, 10.0, 15.0]
speed_power_coefficients = [0.216, 1.0, 3.375]
depot_to_task_distance = [21.394, 14.77, 14.36, 21.564, 20.92, 7.627, 12.883, 12.078, 18.629, 14.307, 13.26, 23.62, 16.914, 19.022, 9.964, 14.407, 2.734, 17.858, 26.836, 13.398]
task_to_depot_distance = [15.923, 13.988, 17.319, 18.798, 18.04, 13.892, 10.283, 8.126, 15.012, 15.514, 12.03, 28.284, 16.199, 20.002, 16.733, 15.065, 6.617, 21.402, 24.29, 15.69]
task_to_task_distance = [[0.0, 8.154, 24.599, 6.108, 29.45, 21.48, 16.701, 27.897, 29.268, 4.128, 25.495, 39.524, 20.075, 13.497, 17.351, 27.028, 16.376, 24.143, 32.972, 24.868], [18.386, 0.0, 13.72, 14.914, 17.171, 14.394, 4.634, 24.447, 32.386, 8.796, 27.184, 33.747, 7.188, 24.575, 7.308, 17.347, 16.312, 11.578, 39.427, 14.741], [34.217, 21.928, 0.0, 31.769, 5.128, 9.971, 12.572, 18.106, 32.329, 24.63, 26.838, 21.182, 12.003, 35.827, 10.911, 3.937, 19.713, 7.718, 42.322, 3.924], [4.029, 9.33, 26.83, 0.0, 31.339, 24.149, 18.53, 30.791, 31.882, 5.862, 28.265, 42.379, 21.555, 14.659, 19.58, 29.483, 19.274, 25.88, 35.063, 27.233], [34.103, 21.542, 3.802, 31.427, 0.0, 10.919, 12.077, 19.516, 33.565, 24.439, 28.041, 22.695, 11.035, 36.271, 10.845, 5.356, 20.521, 6.509, 43.45, 4.756], [32.3, 20.846, 3.778, 30.425, 8.904, 0.0, 12.153, 14.257, 28.353, 23.005, 22.866, 18.755, 12.944, 32.742, 9.507, 0.743, 16.123, 9.724, 38.372, 1.974], [23.791, 11.748, 6.778, 21.447, 12.084, 7.313, 0.0, 18.025, 28.573, 14.204, 23.024, 26.337, 6.851, 26.527, 0.499, 9.86, 13.015, 7.823, 37.119, 7.353], [29.468, 22.164, 14.09, 29.645, 20.359, 6.931, 17.441, 0.0, 16.789, 22.271, 11.352, 15.521, 20.553, 25.466, 13.86, 11.684, 8.354, 19.501, 26.971, 12.303], [29.757, 28.513, 27.191, 32.319, 33.694, 19.598, 27.858, 12.6, 0.0, 26.613, 2.227, 22.69, 31.773, 20.165, 24.727, 25.236, 12.502, 31.971, 13.436, 25.58], [6.798, 7.189, 23.764, 6.187, 28.544, 20.834, 15.778, 27.544, 29.425, 0.0, 25.509, 39.067, 19.119, 14.286, 16.511, 26.271, 16.119, 23.213, 33.424, 24.076], [31.142, 26.759, 21.444, 32.566, 27.704, 14.117, 23.886, 5.62, 9.71, 25.836, 0.0, 16.464, 27.381, 24.002, 20.429, 18.923, 10.417, 26.747, 20.299, 19.663], [49.675, 40.787, 25.138, 49.363, 27.421, 23.301, 33.268, 17.301, 29.068, 41.805, 26.223, 0.0, 34.389, 45.15, 30.068, 20.801, 28.615, 30.73, 39.422, 23.421], [21.818, 8.471, 12.23, 17.96, 14.436, 14.862, 3.897, 25.492, 34.82, 12.378, 29.447, 33.729, 0.0, 28.213, 7.487, 16.318, 18.739, 8.738, 42.389, 13.649], [16.583, 23.837, 34.001, 21.412, 40.297, 27.623, 29.302, 27.446, 19.623, 20.011, 19.171, 39.41, 33.473, 0.0, 27.971, 34.408, 17.995, 36.18, 18.304, 33.287], [25.965, 12.652, 8.661, 22.35, 9.964, 13.282, 4.291, 24.107, 35.138, 16.328, 29.593, 31.001, 0.63, 31.248, 0.0, 12.987, 19.445, 4.27, 43.53, 10.395], [29.659, 17.017, 2.285, 26.904, 6.078, 9.065, 7.557, 19.291, 32.098, 19.965, 26.49, 24.818, 7.088, 32.478, 6.569, 0.0, 17.723, 3.801, 41.443, 4.222], [16.933, 14.957, 20.605, 18.627, 27.004, 14.236, 17.036, 16.552, 17.203, 12.709, 13.006, 28.714, 21.294, 12.428, 15.024, 21.0, 0.0, 23.275, 23.086, 19.841], [34.312, 21.091, 7.615, 30.856, 2.367, 15.187, 11.922, 24.74, 38.228, 24.597, 32.636, 28.166, 9.023, 38.386, 12.358, 10.756, 24.067, 0.0, 47.735, 9.395], [29.73, 34.0, 38.253, 34.052, 44.884, 30.757, 36.579, 25.492, 11.458, 30.826, 15.024, 35.381, 40.805, 16.988, 34.126, 37.079, 21.574, 42.148, 0.0, 36.919], [28.575, 15.615, 4.49, 25.506, 6.689, 10.514, 6.141, 21.066, 33.331, 18.837, 27.723, 27.008, 4.915, 32.26, 6.25, 8.847, 18.408, 2.19, 42.384, 0.0]]
big_M = 1000.0
planning_horizon = 24.0
penalty_weight = 100000.0
