# MTRSP-VS train | n20_m5_a40 seed=7
# n=20 m=5 T_max=24.0

num_tasks = 20
num_tugboats = 5
num_speed_levels = 3
task_max_tugs = [3, 2, 2, 1, 2, 1, 1, 1, 1, 1, 3, 1, 1, 2, 1, 1, 1, 1, 1, 1]
task_min_horsepower = [4351.3, 4420.6, 3119.0, 2742.8, 3623.0, 2766.8, 2728.0, 1830.6, 2768.4, 1301.8, 4695.9, 1969.9, 1525.5, 3547.4, 2132.7, 2381.0, 2235.2, 1108.0, 2559.9, 2595.7]
task_time_window_lower = [8.151, 13.692, 1.465, 3.435, 1.085, 3.328, 7.852, 19.146, 2.903, 7.292, 2.524, 18.476, 9.743, 2.213, 5.462, 3.016, 20.834, 2.915, 0.536, 19.46]
task_time_window_upper = [11.721, 16.106, 3.714, 6.27, 4.445, 5.329, 10.258, 21.248, 7.36, 10.301, 5.98, 23.872, 13.606, 4.557, 8.832, 8.332, 22.926, 7.029, 4.709, 23.572]
task_service_distance = [6.255, 3.29, 3.349, 3.619, 5.134, 7.292, 4.542, 6.195, 3.298, 4.571, 6.972, 5.626, 7.901, 3.76, 3.405, 6.476, 7.2, 3.303, 1.558, 3.113]
tugboat_horsepower = [2084.6, 4521.6, 2413.9, 2783.4, 3936.7]
tugboat_fuel_capacity = [7226.5, 7576.8, 7516.6, 6390.3, 6478.8]
tugboat_alpha = [0.156, 0.1721, 0.148, 0.1597, 0.1692]
tugboat_beta = [0.0896, 0.0816, 0.0689, 0.0577, 0.0742]
speed_level_names = ['slow', 'medium', 'fast']
speed_values = [6.0, 10.0, 15.0]
speed_power_coefficients = [0.216, 1.0, 3.375]
depot_to_task_distance = [15.643, 5.561, 18.69, 13.418, 18.62, 26.303, 20.886, 13.181, 17.592, 7.776, 8.225, 10.66, 12.497, 10.794, 19.621, 16.765, 3.644, 6.647, 20.583, 8.147]
task_to_depot_distance = [11.307, 5.828, 15.703, 16.816, 20.004, 20.499, 23.06, 18.741, 14.589, 6.185, 15.182, 6.334, 15.329, 12.672, 20.341, 14.684, 10.816, 3.971, 20.468, 10.663]
task_to_task_distance = [[0.0, 6.508, 19.098, 24.343, 29.847, 21.617, 13.433, 18.394, 7.105, 11.998, 3.238, 16.704, 10.953, 21.581, 24.721, 16.874, 10.534, 17.787, 31.793, 18.235], [9.911, 0.0, 16.895, 18.637, 24.443, 24.411, 15.765, 14.018, 12.54, 9.441, 2.483, 11.942, 11.418, 15.876, 20.618, 16.98, 6.302, 12.12, 26.409, 12.569], [15.705, 17.704, 0.0, 18.817, 27.991, 38.796, 14.514, 5.036, 24.215, 22.988, 15.555, 6.653, 26.004, 16.668, 8.06, 31.402, 18.898, 16.414, 29.803, 13.458], [30.957, 22.348, 25.122, 0.0, 7.617, 40.869, 34.047, 16.919, 34.403, 21.782, 24.657, 15.746, 27.67, 6.415, 18.838, 29.738, 19.23, 10.17, 8.852, 10.128], [34.775, 25.393, 29.509, 7.728, 0.0, 42.449, 38.204, 21.303, 37.518, 23.887, 28.102, 20.077, 29.802, 10.389, 23.046, 31.096, 21.93, 13.511, 5.483, 14.158], [24.473, 16.813, 36.731, 31.526, 31.424, 0.0, 31.765, 33.271, 16.633, 12.944, 19.37, 30.871, 8.48, 29.622, 39.878, 4.253, 16.865, 25.407, 32.825, 28.171], [7.657, 19.731, 17.865, 33.843, 41.246, 31.474, 0.0, 22.711, 14.439, 25.661, 15.54, 22.525, 24.199, 31.098, 26.86, 29.924, 23.583, 28.383, 43.224, 27.335], [23.89, 22.673, 10.466, 15.046, 24.407, 44.426, 23.179, 0.0, 31.556, 26.511, 21.875, 8.323, 30.851, 14.041, 1.674, 35.5, 22.376, 16.084, 25.914, 12.548], [9.864, 9.049, 24.293, 28.004, 32.305, 16.683, 17.068, 23.491, 0.0, 12.24, 7.855, 21.663, 8.635, 25.343, 29.902, 14.007, 12.57, 21.233, 34.178, 22.317], [13.529, 1.86, 21.943, 19.367, 23.216, 20.366, 20.198, 18.172, 12.329, 0.0, 5.86, 15.825, 6.723, 16.854, 24.799, 11.936, 3.486, 12.571, 25.095, 14.33], [3.05, 10.767, 18.751, 27.72, 33.801, 23.384, 10.182, 19.894, 6.628, 16.277, 0.0, 18.652, 14.602, 24.925, 25.736, 20.392, 14.783, 21.408, 35.763, 21.378], [12.992, 8.847, 12.357, 14.439, 22.052, 30.563, 16.365, 7.786, 18.401, 13.604, 8.268, 0.0, 17.152, 11.67, 14.422, 22.231, 9.48, 9.189, 24.016, 7.925], [24.562, 13.749, 33.506, 24.245, 23.267, 15.529, 31.655, 28.503, 19.421, 7.791, 17.562, 25.97, 0.0, 22.681, 34.862, 4.306, 11.889, 18.749, 24.619, 21.928], [24.512, 18.028, 17.49, 4.738, 14.184, 38.764, 26.82, 9.275, 29.424, 19.584, 19.258, 8.222, 24.993, 0.0, 12.028, 28.458, 15.991, 7.192, 15.841, 4.526], [21.912, 23.279, 6.535, 19.393, 28.837, 44.744, 19.852, 7.243, 30.484, 28.006, 21.584, 9.791, 31.622, 17.972, 0.0, 36.753, 23.829, 19.178, 30.44, 15.728], [16.944, 9.995, 29.379, 27.265, 29.333, 11.762, 24.248, 26.609, 10.054, 8.527, 11.92, 24.345, 2.629, 24.961, 33.245, 0.0, 11.333, 20.619, 31.022, 22.792], [19.614, 8.609, 28.507, 21.613, 22.642, 16.633, 26.613, 23.931, 15.536, 3.044, 12.434, 21.44, 4.35, 19.628, 30.429, 6.007, 0.0, 15.396, 24.273, 18.197], [18.091, 9.445, 17.555, 9.71, 16.15, 30.145, 22.332, 10.745, 21.271, 11.193, 11.425, 8.22, 16.343, 6.983, 16.736, 20.215, 7.347, 0.0, 18.127, 4.19], [35.828, 25.54, 32.178, 10.114, 2.221, 40.871, 39.882, 23.943, 37.568, 23.075, 28.693, 22.419, 28.888, 12.351, 26.367, 29.45, 21.782, 14.474, 0.0, 15.976], [21.461, 15.712, 14.895, 7.219, 16.419, 36.965, 23.724, 6.684, 26.723, 18.086, 16.519, 5.229, 23.157, 5.144, 10.867, 27.1, 14.204, 6.62, 18.203, 0.0]]
big_M = 1000.0
planning_horizon = 24.0
penalty_weight = 100000.0
