# MTRSP-VS train | n20_m5_a40 seed=31
# n=20 m=5 T_max=24.0

num_tasks = 20
num_tugboats = 5
num_speed_levels = 3
task_max_tugs = [1, 1, 1, 1, 1, 2, 2, 1, 1, 1, 1, 1, 3, 2, 2, 1, 1, 3, 1, 1]
task_min_horsepower = [2426.9, 1951.4, 2576.9, 1744.8, 2272.4, 2780.0, 4312.8, 2946.3, 1509.5, 2970.1, 1022.4, 1565.0, 4135.3, 4663.0, 4034.9, 1386.6, 1597.5, 5364.6, 2048.8, 1802.8]
task_time_window_lower = [14.273, 14.45, 2.69, 16.842, 17.932, 11.154, 18.202, 9.145, 8.161, 8.838, 10.374, 16.378, 15.766, 13.443, 4.767, 17.247, 8.244, 7.195, 4.546, 14.388]
task_time_window_upper = [18.369, 18.297, 6.558, 19.336, 22.911, 15.914, 20.867, 11.621, 10.724, 12.067, 15.218, 19.349, 20.707, 15.574, 10.349, 20.056, 11.7, 12.466, 7.34, 17.771]
task_service_distance = [4.523, 4.159, 6.311, 5.063, 5.772, 4.824, 5.925, 4.778, 3.152, 4.092, 6.204, 3.285, 7.807, 4.063, 6.373, 6.007, 7.192, 5.021, 5.808, 1.412]
tugboat_horsepower = [4198.7, 2788.9, 3687.2, 1730.9, 2371.6]
tugboat_fuel_capacity = [7316.5, 6835.6, 6136.1, 6308.0, 7616.4]
tugboat_alpha = [0.1733, 0.1792, 0.1511, 0.1509, 0.1514]
tugboat_beta = [0.0856, 0.0598, 0.0623, 0.0858, 0.0888]
speed_level_names = ['slow', 'medium', 'fast']
speed_values = [6.0, 10.0, 15.0]
speed_power_coefficients = [0.216, 1.0, 3.375]
depot_to_task_distance = [24.919, 21.194, 17.076, 2.53, 25.159, 13.839, 16.201, 22.648, 23.741, 15.926, 15.314, 19.481, 14.673, 22.893, 5.278, 20.847, 16.669, 23.103, 11.767, 25.114]
task_to_depot_distance = [28.284, 24.281, 17.52, 6.853, 24.866, 11.011, 21.637, 26.634, 21.044, 16.057, 12.075, 20.344, 18.328, 25.394, 11.573, 18.162, 22.416, 26.336, 15.618, 24.885]
task_to_task_distance = [[0.0, 7.142, 30.207, 27.926, 3.813, 15.415, 12.086, 50.802, 51.81, 43.415, 30.205, 13.542, 42.285, 50.769, 33.154, 37.639, 16.419, 40.44, 36.224, 39.518], [6.698, 0.0, 29.283, 23.547, 2.076, 13.055, 8.75, 46.395, 48.018, 38.742, 24.59, 13.721, 38.741, 46.176, 28.82, 36.55, 15.741, 34.746, 33.455, 39.018], [31.387, 30.236, 0.0, 20.05, 34.172, 21.291, 25.774, 28.14, 23.995, 26.086, 32.828, 22.569, 15.877, 29.85, 19.514, 3.36, 19.448, 39.779, 8.269, 7.811], [29.2, 24.805, 23.749, 0.0, 28.398, 19.105, 20.244, 19.6, 22.854, 11.666, 10.399, 25.21, 15.665, 19.133, 4.322, 26.746, 22.736, 16.493, 16.283, 31.163], [0.878, 5.595, 25.104, 24.9, 0.0, 11.263, 9.094, 47.514, 47.94, 40.497, 29.302, 8.382, 38.286, 47.693, 29.973, 32.544, 11.404, 39.755, 31.777, 34.324], [14.155, 10.184, 18.971, 10.717, 14.161, 0.0, 5.244, 33.527, 34.681, 26.307, 17.121, 11.03, 25.345, 33.572, 15.888, 25.44, 9.66, 27.385, 20.365, 28.772], [3.327, 3.714, 22.904, 21.661, 6.202, 8.142, 0.0, 44.285, 44.799, 37.257, 26.456, 6.592, 35.175, 44.454, 26.734, 30.31, 9.092, 36.929, 28.847, 32.403], [51.515, 47.798, 34.677, 27.127, 51.702, 40.22, 42.832, 0.0, 6.226, 12.991, 32.079, 45.196, 14.425, 6.535, 21.854, 31.83, 42.009, 30.25, 22.7, 35.581], [45.679, 42.209, 28.099, 21.917, 46.199, 34.275, 37.178, 5.757, 0.0, 10.494, 28.942, 38.995, 7.874, 8.16, 16.74, 25.453, 35.762, 29.277, 16.125, 29.35], [39.57, 35.114, 30.941, 15.09, 38.607, 29.362, 30.615, 11.636, 17.603, 0.0, 15.87, 35.343, 15.133, 10.209, 10.969, 31.81, 32.675, 14.738, 20.433, 36.291], [31.322, 26.538, 29.137, 9.841, 29.674, 22.455, 22.572, 21.18, 25.901, 12.956, 0.0, 28.733, 20.119, 20.066, 9.666, 32.298, 26.646, 11.032, 21.739, 36.713], [11.791, 13.02, 14.594, 21.489, 15.904, 8.511, 11.337, 41.877, 40.76, 36.082, 30.412, 0.0, 31.05, 42.59, 25.561, 21.962, 3.838, 40.546, 23.449, 23.38], [43.225, 39.486, 27.824, 18.839, 43.394, 31.971, 34.522, 4.727, 7.265, 6.353, 24.934, 37.086, 0.0, 6.188, 13.57, 26.276, 33.95, 25.164, 15.822, 30.458], [50.313, 46.447, 34.632, 25.683, 50.292, 39.131, 41.535, 2.8, 7.623, 10.951, 29.916, 44.31, 14.3, 0.0, 20.43, 32.31, 41.182, 27.774, 22.587, 36.232], [36.35, 32.34, 24.727, 11.554, 36.146, 25.409, 27.487, 11.37, 14.55, 4.532, 17.645, 30.984, 9.193, 11.348, 0.0, 25.295, 28.049, 19.862, 13.919, 29.772], [27.19, 26.687, 1.572, 20.587, 30.433, 18.112, 22.671, 32.546, 29.002, 29.495, 33.188, 18.196, 20.307, 34.053, 21.41, 0.0, 15.331, 41.203, 12.103, 8.319], [5.404, 7.728, 20.61, 22.883, 9.798, 8.612, 8.498, 44.896, 44.725, 38.313, 29.27, 3.929, 34.997, 45.287, 27.667, 28.045, 0.0, 39.717, 28.042, 29.707], [39.542, 34.491, 43.35, 23.902, 36.333, 33.688, 32.117, 30.738, 37.273, 23.771, 11.861, 39.775, 33.688, 28.73, 24.213, 46.871, 38.474, 0.0, 36.285, 51.266], [37.758, 35.113, 17.201, 17.582, 39.221, 26.373, 30.082, 16.196, 12.095, 15.792, 28.628, 30.041, 4.31, 18.093, 13.948, 14.423, 26.714, 32.736, 0.0, 18.518], [35.814, 35.504, 10.398, 27.414, 39.213, 26.928, 31.488, 33.584, 28.268, 32.672, 40.199, 26.794, 21.692, 35.556, 26.841, 4.041, 24.072, 47.122, 15.163, 0.0]]
big_M = 1000.0
planning_horizon = 24.0
penalty_weight = 100000.0
