# MTRSP-VS train | n20_m5_a40 seed=24
# n=20 m=5 T_max=24.0

num_tasks = 20
num_tugboats = 5
num_speed_levels = 3
task_max_tugs = [1, 1, 1, 1, 1, 1, 1, 1, 1, 1, 1, 1, 1, 2, 2, 1, 1, 1, 2, 2]
task_min_horsepower = [2622.7, 2152.7, 1792.3, 1606.0, 1672.3, 2596.8, 1034.4, 2086.4, 1838.5, 2810.2, 1764.1, 1637.2, 1794.3, 3656.5, 4461.8, 2059.1, 1426.1, 1351.3, 4561.1, 4836.2]
task_time_window_lower = [13.855, 19.78, 1.955, 2.995, 1.573, 9.336, 4.884, 8.792, 7.971, 15.267, 6.371, 3.257, 20.774, 18.17, 13.058, 6.451, 11.565, 4.325, 1.314, 20.734]
task_time_window_upper = [18.082, 21.979, 7.13, 5.726, 5.589, 14.53, 9.701, 13.408, 12.565, 21.226, 11.702, 6.022, 23.3, 21.299, 15.987, 9.448, 16.555, 10.109, 4.396, 23.591]
task_service_distance = [3.913, 3.459, 6.622, 7.94, 6.507, 3.426, 4.634, 7.468, 3.348, 7.096, 6.392, 3.771, 7.869, 6.825, 4.305, 6.974, 4.253, 7.371, 5.254, 3.187]
tugboat_horsepower = [2692.9, 3473.4, 3164.3, 4159.0, 3912.1]
tugboat_fuel_capacity = [7634.3, 7465.8, 6452.8, 6468.4, 6614.6]
tugboat_alpha = [0.1672, 0.1699, 0.1495, 0.1532, 0.1495]
tugboat_beta = [0.0878, 0.0721, 0.0876, 0.0597, 0.0753]
speed_level_names = ['slow', 'medium', 'fast']
speed_values = [6.0, 10.0, 15.0]
speed_power_coefficients = [0.216, 1.0, 3.375]
depot_to_task_distance = [16.028, 14.016, 16.212, 14.818, 18.339, 19.735, 19.39, 5.58, 17.419, 13.665, 17.157, 16.258, 6.864, 19.896, 11.552, 7.368, 13.323, 3.962, 18.423, 10.757]
task_to_depot_distance = [18.372, 12.533, 13.391, 20.225, 20.773, 16.546, 15.323, 12.064, 18.296, 17.949, 23.535, 14.175, 13.383, 19.624, 13.089, 0.434, 17.179, 5.634, 14.698, 10.406]
task_to_task_distance = [[0.0, 25.541, 26.88, 14.791, 12.666, 20.733, 27.274, 21.704, 19.886, 6.014, 22.979, 31.8, 14.84, 13.741, 24.176, 19.029, 13.654, 18.717, 35.833, 14.763], [22.958, 0.0, 5.231, 14.87, 19.641, 15.342, 30.936, 16.273, 13.276, 20.551, 29.358, 5.525, 11.763, 20.583, 2.568, 19.604, 14.658, 16.194, 22.178, 12.324], [24.827, 5.268, 0.0, 16.959, 21.731, 17.333, 31.08, 16.522, 15.313, 22.395, 29.787, 3.524, 13.486, 22.679, 4.653, 20.154, 16.714, 16.817, 21.004, 14.324], [7.992, 20.525, 21.051, 0.0, 3.315, 11.545, 35.092, 25.296, 11.691, 8.494, 31.177, 28.266, 13.811, 3.373, 20.197, 24.367, 8.213, 22.529, 38.595, 10.915], [15.494, 14.737, 14.396, 6.285, 0.0, 2.895, 38.85, 26.35, 4.554, 14.624, 35.512, 22.853, 14.03, 5.832, 15.486, 26.954, 8.027, 24.192, 37.693, 10.089], [16.121, 9.138, 9.051, 5.245, 9.024, 0.0, 35.508, 22.066, 1.113, 14.456, 32.577, 17.26, 10.395, 9.375, 9.844, 23.372, 6.505, 20.287, 32.485, 6.916], [23.217, 29.261, 31.477, 28.009, 29.947, 33.949, 0.0, 11.211, 31.808, 22.008, 2.239, 29.832, 20.713, 31.572, 26.763, 7.958, 26.272, 11.373, 19.21, 24.444], [22.319, 25.79, 28.017, 25.681, 28.115, 31.328, 7.336, 0.0, 29.104, 20.761, 6.09, 26.015, 18.034, 29.748, 23.279, 4.983, 23.985, 8.124, 16.186, 21.903], [13.731, 13.281, 13.283, 3.818, 5.319, 3.236, 36.361, 23.87, 0.0, 12.597, 33.053, 21.381, 11.531, 5.298, 13.704, 24.451, 5.57, 21.691, 35.4, 7.589], [5.565, 26.363, 27.841, 16.32, 14.649, 22.473, 25.297, 20.753, 21.457, 0.0, 20.96, 32.199, 15.28, 15.82, 24.818, 17.735, 15.028, 17.808, 34.83, 15.778], [28.429, 37.541, 39.744, 35.074, 36.302, 41.298, 6.401, 19.639, 39.284, 27.806, 0.0, 38.248, 28.334, 37.876, 35.059, 16.197, 33.321, 19.639, 25.697, 31.837], [24.898, 4.434, 5.533, 16.595, 21.354, 16.554, 32.15, 17.548, 14.615, 22.497, 30.766, 0.0, 13.714, 22.231, 4.399, 21.081, 16.474, 17.71, 22.219, 14.211], [4.097, 17.719, 18.97, 7.16, 6.9, 13.516, 27.856, 18.14, 12.295, 2.18, 24.058, 24.413, 0.0, 8.471, 16.542, 17.006, 5.803, 15.292, 31.792, 6.879], [15.756, 13.037, 12.701, 5.674, 7.148, 1.407, 38.028, 25.203, 2.876, 14.63, 34.812, 21.151, 13.004, 0.0, 13.829, 26.029, 7.415, 23.157, 36.241, 9.11], [24.452, 5.032, 6.484, 16.608, 21.381, 17.059, 30.886, 16.304, 15.021, 22.019, 29.55, 3.899, 13.113, 22.338, 0.0, 19.897, 16.351, 16.547, 21.047, 13.954], [16.237, 14.39, 16.591, 15.224, 18.709, 20.166, 18.972, 5.157, 17.852, 13.895, 16.771, 16.473, 7.266, 20.271, 11.918, 0.0, 13.72, 3.553, 18.125, 11.169], [8.821, 16.351, 16.917, 3.765, 1.179, 8.302, 33.608, 22.528, 7.907, 8.078, 29.966, 24.106, 10.433, 2.73, 16.047, 22.218, 0.0, 19.953, 35.307, 7.064], [10.394, 15.401, 17.33, 11.242, 13.774, 17.21, 21.328, 10.163, 15.149, 8.05, 18.108, 19.912, 4.36, 15.399, 13.328, 9.561, 9.521, 0.0, 23.884, 7.711], [30.716, 20.316, 22.164, 27.886, 32.133, 30.964, 20.908, 11.606, 28.628, 28.363, 21.83, 15.551, 20.649, 33.552, 18.345, 15.615, 26.763, 14.392, 0.0, 23.948], [8.049, 13.818, 15.22, 5.517, 7.994, 11.853, 27.14, 15.675, 10.08, 5.71, 23.737, 20.345, 4.031, 9.593, 12.514, 15.464, 3.763, 13.092, 28.729, 0.0]]
big_M = 1000.0
planning_horizon = 24.0
penalty_weight = 100000.0
