# MTRSP-VS train | n20_m5_a40 seed=25
# n=20 m=5 T_max=24.0

num_tasks = 20
num_tugboats = 5
num_speed_levels = 3
task_max_tugs = [2, 1, 1, 1, 2, 1, 1, 2, 3, 1, 1, 1, 1, 1, 2, 1, 1, 1, 2, 1]
task_min_horsepower = [4389.0, 2610.8, 2132.3, 1459.1, 4366.4, 1222.2, 2181.9, 3798.7, 6595.8, 2879.7, 1156.7, 2933.0, 1309.8, 1547.4, 3984.2, 1433.7, 2722.3, 1342.6, 4780.9, 1332.1]
task_time_window_lower = [4.968, 13.216, 9.603, 16.807, 5.713, 5.132, 10.449, 6.307, 18.668, 9.84, 10.626, 10.324, 6.532, 14.259, 1.442, 2.103, 12.514, 2.588, 12.393, 17.161]
task_time_window_upper = [10.164, 18.088, 12.774, 19.965, 8.849, 10.562, 14.195, 8.315, 23.643, 13.207, 12.854, 13.763, 9.726, 19.912, 4.882, 4.312, 15.036, 6.672, 17.906, 21.999]
task_service_distance = [3.345, 3.212, 5.12, 5.006, 7.124, 3.52, 5.914, 5.304, 3.635, 7.086, 5.178, 3.288, 2.755, 5.39, 3.321, 7.411, 7.753, 6.094, 5.473, 4.775]
tugboat_horsepower = [4680.8, 1660.4, 2598.4, 4916.5, 4659.9]
tugboat_fuel_capacity = [6230.6, 7353.7, 7892.0, 6999.5, 7606.7]
tugboat_alpha = [0.1722, 0.1722, 0.148, 0.1426, 0.1781]
tugboat_beta = [0.0803, 0.0812, 0.0857, 0.0798, 0.0793]
speed_level_names = ['slow', 'medium', 'fast']
speed_values = [6.0, 10.0, 15.0]
speed_power_coefficients = [0.216, 1.0, 3.375]
depot_to_task_distance = [17.767, 15.839, 12.481, 16.778, 12.795, 5.784, 16.967, 18.393, 2.593, 22.58, 3.856, 0.716, 20.068, 5.43, 7.621, 17.888, 18.033, 13.615, 8.081, 7.543]
task_to_depot_distance = [20.271, 18.502, 17.578, 21.161, 18.699, 2.84, 13.047, 13.63, 5.464, 18.16, 8.6, 3.997, 21.092, 7.139, 7.848, 16.039, 18.755, 19.252, 9.638, 12.264]
task_to_task_distance = [[0.0, 23.275, 28.507, 17.159, 21.273, 21.354, 37.116, 34.78, 20.259, 36.386, 17.619, 20.983, 38.469, 23.3, 27.194, 18.111, 35.023, 19.849, 27.883, 24.465], [26.08, 0.0, 30.315, 33.097, 6.181, 24.284, 24.091, 35.343, 15.91, 40.377, 21.081, 18.502, 34.934, 14.227, 16.884, 34.355, 34.61, 31.297, 23.401, 12.557], [29.035, 33.076, 0.0, 17.957, 30.166, 12.536, 20.349, 3.53, 19.986, 5.015, 16.974, 17.331, 9.363, 21.17, 19.37, 17.979, 4.662, 13.349, 12.477, 22.965], [18.181, 34.899, 17.889, 0.0, 31.836, 16.494, 34.286, 21.833, 23.392, 20.096, 17.563, 21.574, 27.444, 26.59, 27.883, 3.734, 22.789, 7.822, 23.34, 28.696], [20.478, 6.005, 31.18, 30.065, 0.0, 24.046, 29.073, 36.96, 16.375, 41.271, 19.986, 18.985, 37.733, 16.313, 20.133, 31.336, 36.47, 29.374, 25.529, 15.482], [19.085, 18.538, 9.642, 15.845, 15.536, 0.0, 16.166, 15.584, 5.289, 19.749, 4.284, 2.626, 17.525, 7.337, 8.065, 16.844, 15.264, 12.07, 6.039, 9.44], [30.574, 23.51, 11.427, 25.639, 21.35, 13.261, 0.0, 12.796, 13.81, 18.741, 15.794, 12.353, 10.361, 12.303, 8.299, 26.354, 11.632, 20.971, 5.673, 12.957], [28.494, 28.05, 4.129, 20.165, 25.341, 10.261, 13.917, 0.0, 15.636, 10.902, 14.429, 13.175, 6.879, 15.976, 13.446, 20.586, 4.567, 15.249, 6.667, 17.51], [21.517, 12.275, 15.958, 22.224, 9.656, 10.775, 14.104, 21.008, 0.0, 25.987, 9.221, 5.071, 21.208, 0.266, 4.028, 23.346, 20.341, 19.031, 9.155, 2.159], [26.215, 33.998, 7.49, 13.772, 30.944, 12.45, 24.616, 8.757, 20.738, 0.0, 16.443, 18.118, 14.6, 22.679, 21.81, 13.553, 9.893, 9.767, 15.259, 24.68], [14.865, 23.254, 10.456, 8.393, 20.131, 4.576, 23.106, 16.679, 10.909, 18.701, 0.0, 9.007, 20.67, 14.029, 15.503, 9.409, 16.961, 5.114, 12.17, 16.141], [21.745, 16.186, 12.003, 19.959, 13.448, 7.588, 12.98, 17.082, 4.41, 22.016, 7.595, 0.0, 17.645, 4.14, 3.934, 20.978, 16.459, 16.216, 5.394, 5.96], [37.114, 33.367, 12.616, 28.701, 31.087, 18.805, 12.761, 8.614, 22.568, 13.556, 22.682, 20.502, 0.0, 21.794, 18.083, 29.013, 7.42, 23.795, 13.057, 22.72], [17.468, 8.893, 19.572, 21.553, 5.78, 12.767, 19.666, 25.296, 4.717, 29.695, 9.284, 7.354, 26.278, 0.0, 9.673, 22.789, 24.816, 19.5, 14.008, 5.753], [23.825, 11.972, 17.286, 24.625, 9.805, 12.861, 12.608, 21.843, 6.105, 27.114, 11.654, 7.385, 21.378, 2.609, 0.0, 25.73, 21.053, 21.295, 9.895, 1.512], [20.395, 31.39, 9.957, 7.562, 28.268, 10.455, 26.811, 14.011, 18.573, 13.298, 13.229, 16.242, 19.503, 21.259, 21.599, 0.0, 14.891, 3.97, 16.139, 23.382], [28.231, 34.527, 6.945, 16.15, 31.529, 13.256, 23.337, 6.53, 21.281, 4.831, 17.509, 18.62, 12.401, 22.882, 21.55, 15.984, 0.0, 11.939, 14.764, 24.796], [21.268, 34.326, 13.093, 7.439, 31.204, 13.79, 30.163, 16.351, 21.742, 14.456, 16.211, 19.5, 22.074, 24.547, 25.017, 6.728, 17.376, 0.0, 19.564, 26.676], [23.587, 25.057, 2.908, 15.926, 22.143, 5.408, 15.914, 8.86, 11.984, 13.038, 9.728, 9.343, 11.779, 13.217, 11.932, 16.514, 8.696, 11.096, 0.0, 15.091], [25.867, 8.442, 22.413, 28.808, 7.487, 17.708, 15.091, 26.828, 9.975, 32.195, 15.809, 11.956, 25.92, 6.9, 8.083, 29.975, 25.98, 25.879, 14.929, 0.0]]
big_M = 1000.0
planning_horizon = 24.0
penalty_weight = 100000.0
