# MTRSP-VS train | n20_m5_a40 seed=41
# n=20 m=5 T_max=24.0

num_tasks = 20
num_tugboats = 5
num_speed_levels = 3
task_max_tugs = [1, 1, 1, 1, 1, 1, 1, 2, 1, 1, 3, 1, 2, 1, 1, 1, 1, 1, 1, 1]
task_min_horsepower = [1551.9, 2372.3, 2794.9, 2849.2, 2770.2, 2464.0, 1328.5, 2951.6, 1128.7, 2134.1, 4987.2, 2352.2, 4993.8, 2426.1, 1995.6, 2787.4, 1059.7, 2883.4, 2026.0, 1354.0]
task_time_window_lower = [14.96, 11.069, 6.906, 17.769, 5.655, 18.268, 16.219, 5.177, 5.959, 13.008, 10.525, 4.573, 10.087, 10.751, 15.066, 17.987, 13.55, 16.636, 17.039, 7.593]
task_time_window_upper = [19.871, 13.356, 11.287, 22.495, 11.28, 20.875, 20.667, 10.652, 10.308, 18.198, 13.481, 8.949, 12.817, 13.039, 20.826, 20.204, 18.416, 18.743, 19.821, 10.883]
task_service_distance = [3.83, 5.765, 6.906, 3.775, 6.273, 3.165, 6.631, 3.619, 1.569, 3.91, 3.73, 5.466, 5.292, 5.699, 3.694, 7.373, 3.638, 6.045, 4.179, 5.053]
tugboat_horsepower = [2276.4, 2102.9, 3298.3, 4554.9, 4536.6]
tugboat_fuel_capacity = [6054.1, 7647.2, 6541.8, 6047.7, 7532.7]
tugboat_alpha = [0.1691, 0.1554, 0.1474, 0.1611, 0.1635]
tugboat_beta = [0.0776, 0.0696, 0.0727, 0.0788, 0.0576]
speed_level_names = ['slow', 'medium', 'fast']
speed_values = [6.0, 10.0, 15.0]
speed_power_coefficients = [0.216, 1.0, 3.375]
depot_to_task_distance = [11.776, 8.219, 9.756, 13.787, 16.018, 20.971, 17.756, 16.468, 20.633, 6.46, 15.976, 7.515, 24.069, 10.22, 9.448, 23.439, 16.894, 11.762, 23.135, 11.789]
task_to_depot_distance = [12.83, 11.517, 6.286, 15.807, 18.151, 17.934, 22.113, 12.883, 20.94, 7.978, 16.416, 12.737, 28.072, 6.005, 11.125, 19.688, 13.471, 12.986, 22.383, 9.862]
task_to_task_distance = [[0.0, 20.863, 19.107, 18.248, 10.418, 29.022, 15.181, 23.766, 33.197, 18.189, 16.072, 19.408, 17.754, 22.572, 9.518, 32.081, 23.823, 23.997, 34.81, 22.686], [22.516, 0.0, 13.398, 20.25, 26.737, 16.448, 27.209, 14.592, 11.666, 9.297, 24.543, 5.54, 31.65, 2.463, 19.993, 17.51, 15.307, 7.535, 16.655, 11.339], [13.083, 10.713, 0.0, 7.959, 10.997, 27.228, 11.726, 22.751, 22.095, 7.186, 9.707, 13.208, 27.421, 15.243, 4.354, 29.622, 23.168, 12.809, 22.844, 10.675], [23.503, 14.47, 6.966, 0.0, 15.528, 35.099, 12.184, 31.406, 20.318, 11.604, 8.786, 20.381, 38.104, 20.879, 12.331, 36.916, 31.95, 13.389, 17.936, 9.212], [11.414, 25.253, 21.244, 17.759, 0.0, 36.388, 11.178, 31.168, 36.953, 21.948, 13.548, 25.468, 23.701, 28.362, 10.649, 39.381, 31.27, 27.662, 37.329, 25.306], [22.52, 18.67, 25.472, 31.244, 33.09, 0.0, 35.565, 2.281, 25.199, 20.831, 33.91, 12.047, 23.903, 12.548, 27.052, 6.204, 2.606, 21.738, 30.913, 24.903], [19.072, 27.371, 21.326, 15.545, 6.126, 42.333, 0.0, 37.304, 37.539, 23.714, 10.057, 29.596, 32.216, 31.958, 12.737, 45.105, 37.528, 28.73, 36.437, 25.406], [17.243, 15.261, 21.253, 26.515, 27.677, 8.618, 30.297, 0.0, 24.137, 16.712, 28.8, 8.351, 20.818, 10.167, 21.751, 11.581, 4.012, 18.817, 29.177, 21.364], [32.666, 12.773, 17.217, 23.604, 33.411, 25.338, 32.235, 24.978, 0.0, 15.735, 28.974, 16.723, 42.887, 13.737, 27.125, 25.227, 25.71, 10.015, 7.883, 13.18], [17.747, 7.447, 1.954, 7.17, 15.137, 27.141, 14.408, 23.317, 17.408, 0.0, 11.483, 12.426, 31.509, 13.388, 9.056, 29.109, 23.854, 8.337, 17.776, 5.626], [16.781, 20.791, 14.505, 8.898, 3.744, 37.245, 1.635, 32.454, 30.711, 17.111, 0.0, 23.693, 31.337, 25.771, 7.089, 39.822, 32.773, 21.949, 29.714, 18.577], [20.917, 11.377, 18.593, 24.863, 28.726, 9.706, 30.353, 7.626, 18.152, 13.978, 28.233, 0.0, 26.891, 5.056, 22.182, 11.365, 8.353, 14.246, 23.58, 17.572], [17.613, 35.795, 37.047, 37.694, 29.517, 31.297, 34.554, 27.082, 47.705, 34.526, 35.756, 30.926, 0.0, 34.095, 28.999, 34.374, 26.603, 39.618, 51.085, 39.793], [17.687, 2.583, 8.556, 14.912, 20.687, 19.594, 21.276, 16.215, 14.757, 3.928, 18.757, 4.945, 28.858, 0.0, 13.944, 21.414, 16.825, 6.487, 17.91, 8.252], [15.237, 14.744, 8.706, 5.121, 7.686, 32.091, 7.013, 27.556, 24.926, 11.063, 4.853, 18.032, 30.087, 19.889, 0.0, 34.496, 27.952, 15.987, 24.499, 12.843], [22.475, 21.476, 27.916, 33.323, 34.079, 4.309, 36.954, 3.369, 28.582, 23.317, 35.565, 14.652, 21.743, 15.606, 28.393, 0.0, 2.816, 24.736, 34.222, 27.69], [16.91, 16.339, 22.126, 27.199, 27.855, 8.717, 30.657, 3.47, 25.383, 17.635, 29.283, 9.448, 19.719, 11.389, 22.096, 11.815, 0.0, 19.947, 30.392, 22.391], [24.399, 5.768, 12.924, 19.892, 27.436, 18.637, 27.429, 17.095, 9.092, 9.441, 24.561, 7.932, 34.095, 5.046, 20.752, 19.428, 17.817, 0.0, 14.109, 10.17], [34.149, 14.201, 16.961, 22.699, 33.318, 28.983, 31.57, 28.315, 2.62, 16.529, 28.202, 19.254, 45.265, 16.555, 27.396, 28.992, 29.046, 10.723, 0.0, 12.822], [21.627, 1.825, 7.411, 14.381, 22.492, 22.305, 22.091, 19.629, 10.87, 4.439, 19.132, 8.538, 33.253, 7.573, 15.972, 23.654, 20.293, 2.085, 13.517, 0.0]]
big_M = 1000.0
planning_horizon = 24.0
penalty_weight = 100000.0
