# MTRSP-VS train | n20_m5_a40 seed=29
# n=20 m=5 T_max=24.0

num_tasks = 20
num_tugboats = 5
num_speed_levels = 3
task_max_tugs = [2, 1, 2, 2, 1, 1, 1, 1, 1, 1, 1, 2, 1, 1, 1, 1, 1, 3, 1, 1]
task_min_horsepower = [2981.7, 1253.7, 2913.6, 4458.8, 1403.5, 2752.5, 1666.8, 2523.8, 2587.8, 1629.7, 2567.8, 3305.2, 2772.8, 2347.4, 1756.6, 2790.0, 1778.8, 5033.3, 2292.1, 1649.8]
task_time_window_lower = [16.612, 4.494, 19.406, 13.812, 3.243, 13.961, 11.956, 8.399, 2.204, 6.659, 15.126, 14.063, 5.402, 0.161, 16.784, 4.64, 4.897, 8.089, 13.712, 14.508]
task_time_window_upper = [22.372, 8.266, 22.342, 16.506, 7.852, 16.087, 14.168, 14.285, 5.452, 9.866, 17.594, 18.473, 7.831, 5.862, 20.264, 7.555, 9.447, 11.433, 16.907, 19.446]
task_service_distance = [7.224, 5.077, 4.124, 6.039, 3.852, 5.813, 5.559, 5.579, 6.226, 3.496, 3.75, 5.035, 3.753, 7.837, 1.571, 5.824, 7.799, 4.539, 7.745, 5.246]
tugboat_horsepower = [2398.4, 4293.1, 4952.8, 1754.8, 4931.5]
tugboat_fuel_capacity = [6550.7, 7785.7, 7501.0, 6733.9, 7317.3]
tugboat_alpha = [0.1694, 0.1515, 0.1443, 0.1724, 0.1683]
tugboat_beta = [0.0823, 0.0797, 0.0646, 0.0762, 0.0647]
speed_level_names = ['slow', 'medium', 'fast']
speed_values = [6.0, 10.0, 15.0]
speed_power_coefficients = [0.216, 1.0, 3.375]
depot_to_task_distance = [6.46, 6.261, 16.004, 21.086, 9.457, 12.273, 10.649, 11.988, 10.844, 12.051, 15.381, 17.707, 17.463, 16.978, 22.044, 25.555, 21.725, 13.734, 16.122, 23.588]
task_to_depot_distance = [0.867, 8.916, 18.301, 15.176, 5.721, 17.285, 8.414, 6.825, 8.961, 12.583, 13.452, 21.65, 20.407, 14.227, 23.612, 24.507, 13.943, 17.177, 14.798, 20.572]
task_to_task_distance = [[0.0, 7.097, 16.329, 21.198, 9.5, 11.531, 11.187, 11.246, 10.419, 11.2, 16.241, 18.104, 16.635, 16.427, 22.351, 25.148, 21.21, 12.976, 15.26, 24.221], [3.615, 0.0, 21.823, 14.529, 6.25, 20.875, 1.822, 20.59, 11.62, 18.181, 13.013, 22.849, 25.405, 17.828, 14.018, 34.35, 30.635, 17.828, 22.369, 25.784], [21.469, 20.084, 0.0, 39.035, 27.674, 18.019, 26.844, 17.954, 28.632, 25.048, 20.252, 5.319, 23.487, 33.956, 39.088, 15.842, 16.091, 28.777, 27.333, 14.226], [12.939, 14.442, 30.562, 0.0, 5.735, 24.089, 8.761, 23.836, 8.598, 17.995, 22.58, 31.895, 26.655, 11.873, 8.824, 39.708, 35.241, 15.386, 21.439, 35.521], [6.757, 7.762, 21.607, 15.574, 0.0, 15.436, 7.612, 15.161, 6.105, 11.688, 17.711, 23.193, 19.295, 12.614, 17.13, 30.372, 26.121, 11.432, 15.857, 28.258], [23.65, 23.543, 23.985, 32.377, 22.208, 0.0, 26.72, 6.03, 18.238, 8.9, 31.83, 26.311, 0.473, 19.129, 35.435, 17.37, 12.225, 12.711, 7.132, 35.129], [7.043, 8.416, 23.854, 12.673, 1.314, 18.473, 0.0, 18.201, 6.498, 14.082, 17.809, 25.273, 22.087, 12.673, 14.045, 33.439, 29.205, 13.033, 18.125, 29.563], [13.195, 12.727, 14.768, 26.655, 15.004, 5.845, 17.411, 0.0, 13.963, 9.728, 20.384, 16.966, 11.744, 18.603, 28.298, 19.166, 15.029, 13.264, 12.759, 24.872], [13.813, 14.333, 23.158, 20.306, 10.13, 10.03, 15.383, 9.817, 0.0, 3.904, 24.121, 25.207, 12.152, 9.728, 23.225, 26.285, 21.44, 4.856, 8.062, 32.145], [17.023, 17.687, 26.639, 20.469, 11.934, 11.79, 17.847, 11.642, 6.686, 0.0, 27.586, 28.731, 12.035, 7.271, 24.046, 28.014, 22.974, 1.212, 6.218, 35.798], [10.575, 9.237, 12.439, 27.643, 18.92, 23.275, 14.644, 23.032, 22.973, 25.407, 0.0, 12.234, 29.309, 29.475, 25.963, 30.592, 28.694, 27.124, 29.339, 12.456], [22.027, 20.516, 7.359, 39.976, 29.864, 25.814, 26.955, 25.679, 32.479, 31.409, 15.923, 0.0, 31.763, 38.585, 38.783, 25.255, 25.647, 34.479, 34.449, 4.748], [26.841, 26.625, 25.15, 35.999, 25.789, 8.3, 30.147, 8.569, 21.862, 12.504, 34.458, 27.454, 0.0, 22.535, 39.052, 15.376, 10.469, 16.193, 10.309, 36.53], [13.835, 15.228, 30.171, 9.035, 5.501, 21.304, 10.981, 21.07, 5.165, 14.484, 24.389, 31.741, 23.231, 0.0, 12.738, 37.338, 32.656, 11.495, 17.658, 36.368], [19.17, 20.576, 37.312, 5.724, 15.008, 33.9, 13.796, 33.636, 18.757, 28.15, 25.381, 38.18, 36.784, 21.115, 0.0, 49.001, 44.788, 25.452, 31.57, 39.668], [30.717, 30.023, 22.276, 43.398, 32.181, 13.367, 35.122, 13.616, 29.491, 20.878, 35.555, 24.28, 13.085, 31.546, 45.67, 0.0, 3.368, 25.058, 19.845, 33.481], [20.109, 19.429, 14.999, 33.664, 22.122, 5.024, 24.587, 5.098, 20.33, 13.362, 25.595, 17.307, 9.759, 23.826, 35.501, 12.082, 0.0, 17.632, 14.429, 26.38], [20.384, 21.343, 32.039, 18.58, 13.42, 17.228, 19.787, 17.105, 7.823, 8.81, 31.325, 34.072, 16.338, 3.027, 22.969, 33.251, 28.139, 0.0, 9.618, 40.733], [21.223, 21.033, 21.384, 31.083, 20.441, 3.058, 24.566, 3.273, 16.982, 8.099, 29.131, 23.709, 3.109, 18.791, 33.841, 16.7, 11.56, 12.307, 0.0, 32.447], [21.018, 19.505, 6.445, 38.99, 28.817, 24.839, 25.983, 24.699, 31.402, 30.355, 15.23, 4.144, 30.815, 37.505, 37.862, 24.769, 24.975, 33.408, 33.42, 0.0]]
big_M = 1000.0
planning_horizon = 24.0
penalty_weight = 100000.0
