# MTRSP-VS train | n20_m5_a40 seed=10
# n=20 m=5 T_max=24.0

num_tasks = 20
num_tugboats = 5
num_speed_levels = 3
task_max_tugs = [1, 1, 1, 1, 1, 1, 1, 1, 1, 1, 1, 2, 2, 2, 1, 1, 1, 1, 1, 1]
task_min_horsepower = [1781.2, 2346.7, 2050.7, 2040.2, 1125.5, 1922.9, 1840.9, 2077.3, 1331.6, 2937.4, 1070.6, 3838.5, 2731.9, 3635.2, 1970.1, 1873.0, 1894.2, 2795.9, 1846.6, 2819.1]
task_time_window_lower = [5.076, 13.413, 11.435, 8.948, 18.063, 17.399, 16.998, 19.919, 18.22, 5.16, 2.729, 18.042, 7.428, 4.22, 2.032, 15.977, 14.982, 10.041, 13.485, 5.259]
task_time_window_upper = [7.69, 17.89, 16.005, 14.265, 23.293, 21.14, 21.871, 22.104, 23.288, 11.085, 7.409, 22.422, 10.196, 6.539, 4.863, 21.975, 18.837, 14.822, 17.179, 9.481]
task_service_distance = [5.89, 6.267, 4.25, 6.086, 6.375, 3.665, 1.412, 7.286, 4.572, 4.201, 5.064, 6.289, 5.836, 6.878, 7.363, 4.374, 5.279, 6.888, 3.025, 3.4]
tugboat_horsepower = [3634.2, 2233.6, 3695.4, 3695.0, 2775.1]
tugboat_fuel_capacity = [7594.2, 7647.8, 6696.0, 6720.4, 6848.3]
tugboat_alpha = [0.1477, 0.17, 0.1587, 0.1518, 0.16]
tugboat_beta = [0.0863, 0.0662, 0.0756, 0.064, 0.0611]
speed_level_names = ['slow', 'medium', 'fast']
speed_values = [6.0, 10.0, 15.0]
speed_power_coefficients = [0.216, 1.0, 3.375]
depot_to_task_distance = [4.031, 18.017, 6.939, 26.952, 9.866, 9.858, 26.924, 24.656, 16.804, 17.587, 17.621, 12.72, 19.953, 16.005, 18.148, 10.745, 19.927, 14.153, 6.633, 9.875]
task_to_depot_distance = [5.279, 24.186, 9.489, 24.438, 12.907, 8.34, 28.284, 21.31, 17.487, 20.014, 13.228, 13.024, 14.118, 15.092, 25.273, 14.72, 14.748, 13.728, 8.781, 11.692]
task_to_task_distance = [[0.0, 12.945, 10.37, 26.076, 14.708, 4.709, 21.785, 29.923, 16.372, 21.407, 22.874, 10.911, 19.453, 18.311, 20.17, 15.214, 25.013, 10.129, 11.874, 15.041], [24.784, 0.0, 29.295, 36.674, 33.89, 14.486, 3.455, 48.551, 21.363, 40.129, 41.646, 16.944, 32.296, 35.739, 29.827, 34.366, 44.112, 11.306, 30.298, 34.057], [5.664, 22.417, 0.0, 18.052, 9.641, 14.824, 30.52, 25.572, 26.149, 11.892, 18.859, 21.447, 11.015, 7.4, 27.385, 8.577, 19.116, 21.0, 12.297, 11.66], [20.481, 32.978, 18.616, 0.0, 21.94, 27.286, 39.13, 34.302, 40.83, 16.804, 29.199, 35.659, 5.99, 10.964, 42.347, 20.049, 27.326, 33.825, 26.608, 24.391], [14.333, 30.72, 11.704, 32.741, 0.0, 22.704, 39.65, 11.81, 23.533, 13.359, 4.986, 22.409, 26.059, 17.198, 19.403, 8.113, 8.508, 25.976, 6.454, 4.153], [7.557, 11.146, 11.989, 24.239, 17.036, 0.0, 19.63, 32.735, 18.593, 22.75, 25.654, 12.706, 18.005, 18.704, 23.208, 17.222, 27.471, 10.188, 14.967, 17.709], [28.562, 10.274, 33.025, 38.218, 37.855, 18.462, 0.0, 52.793, 25.679, 43.677, 45.84, 21.412, 34.503, 38.902, 34.223, 38.212, 48.17, 15.769, 34.53, 38.155], [23.297, 38.347, 20.832, 41.315, 15.319, 30.724, 47.193, 0.0, 27.508, 20.126, 7.254, 28.243, 34.846, 25.388, 20.751, 16.802, 10.62, 32.884, 14.69, 13.267], [21.454, 22.301, 23.883, 44.134, 23.726, 18.949, 29.315, 30.891, 0.0, 32.734, 25.887, 9.747, 37.248, 33.03, 4.272, 25.507, 29.93, 15.752, 17.531, 21.969], [17.285, 34.99, 13.111, 19.204, 12.598, 27.307, 42.986, 21.266, 36.441, 0.0, 17.038, 32.731, 14.735, 5.6, 35.236, 10.671, 14.418, 33.253, 18.685, 14.803], [13.619, 31.239, 10.09, 29.869, 4.254, 23.042, 40.13, 12.014, 26.023, 9.795, 0.0, 24.193, 23.391, 14.04, 22.62, 5.387, 6.714, 27.084, 7.744, 3.362], [16.931, 18.882, 19.629, 39.514, 20.121, 14.581, 26.623, 29.361, 4.617, 29.046, 23.641, 0.0, 32.65, 28.808, 7.115, 21.774, 27.426, 12.32, 14.019, 18.634], [10.087, 22.937, 9.739, 12.849, 14.885, 16.554, 30.08, 30.316, 30.068, 14.732, 23.871, 24.795, 0.0, 8.255, 32.262, 13.54, 23.578, 23.083, 17.747, 17.039], [11.083, 24.667, 10.029, 12.148, 14.726, 18.176, 31.817, 29.699, 31.341, 13.58, 23.45, 26.197, 5.128, 0.0, 33.172, 13.21, 22.858, 24.689, 18.157, 16.998], [29.276, 32.629, 30.542, 52.178, 28.532, 28.866, 39.437, 30.092, 14.654, 37.193, 27.207, 20.051, 45.144, 39.184, 0.0, 30.517, 31.49, 26.08, 22.793, 26.269], [14.015, 32.377, 9.752, 27.024, 4.867, 24.145, 41.132, 13.249, 29.077, 5.94, 7.37, 26.653, 20.9, 10.986, 26.278, 0.0, 6.533, 28.868, 10.523, 5.896], [15.203, 32.765, 11.634, 30.967, 5.801, 24.581, 41.665, 10.446, 27.039, 10.157, 3.588, 25.459, 24.605, 15.015, 23.194, 6.754, 0.0, 28.515, 9.038, 4.875], [16.962, 13.439, 20.66, 38.068, 22.684, 11.019, 20.81, 34.094, 4.994, 31.145, 27.871, 1.234, 31.554, 29.598, 12.539, 24.016, 31.302, 0.0, 17.124, 21.725], [10.031, 26.758, 7.745, 29.519, 3.727, 18.637, 35.68, 15.891, 21.53, 12.584, 8.84, 19.451, 22.646, 14.711, 19.013, 5.722, 11.409, 22.383, 0.0, 1.671], [13.225, 29.489, 10.807, 32.172, 5.796, 21.478, 38.419, 13.041, 22.535, 13.477, 6.19, 21.256, 25.411, 16.84, 18.741, 7.672, 9.541, 24.758, 5.223, 0.0]]
big_M = 1000.0
planning_horizon = 24.0
penalty_weight = 100000.0
