# MTRSP-VS train | n20_m5_a40 seed=11
# n=20 m=5 T_max=24.0

num_tasks = 20
num_tugboats = 5
num_speed_levels = 3
task_max_tugs = [1, 1, 1, 1, 2, 1, 1, 1, 2, 1, 1, 1, 1, 3, 1, 1, 1, 3, 1, 1]
task_min_horsepower = [2606.8, 2769.7, 1788.5, 2283.7, 4973.3, 1516.6, 1657.9, 1146.8, 3956.8, 2202.6, 1906.4, 1967.4, 2733.1, 4462.4, 2635.6, 1379.6, 2880.8, 6850.4, 2207.1, 1207.7]
task_time_window_lower = [21.03, 14.829, 17.275, 5.755, 15.342, 4.962, 16.846, 5.476, 3.739, 5.904, 1.222, 7.853, 2.594, 18.31, 11.876, 11.242, 0.752, 19.96, 18.481, 13.942]
task_time_window_upper = [23.185, 17.782, 20.303, 10.141, 18.044, 7.237, 21.083, 9.933, 9.408, 7.971, 5.005, 10.558, 6.882, 21.759, 17.798, 16.007, 3.313, 22.031, 23.285, 16.027]
task_service_distance = [7.621, 3.923, 3.471, 6.467, 6.27, 5.642, 3.15, 5.596, 5.287, 7.201, 4.445, 7.233, 3.003, 7.902, 6.893, 7.82, 3.505, 5.796, 3.655, 4.064]
tugboat_horsepower = [4056.7, 4997.8, 2616.2, 3187.8, 1763.4]
tugboat_fuel_capacity = [7800.4, 7474.2, 7407.4, 7586.5, 7830.0]
tugboat_alpha = [0.1541, 0.1674, 0.176, 0.1748, 0.1567]
tugboat_beta = [0.0816, 0.0845, 0.0729, 0.075, 0.0653]
speed_level_names = ['slow', 'medium', 'fast']
speed_values = [6.0, 10.0, 15.0]
speed_power_coefficients = [0.216, 1.0, 3.375]
depot_to_task_distance = [3.057, 3.509, 12.819, 20.53, 26.788, 23.75, 16.128, 13.902, 6.498, 28.096, 13.097, 11.372, 22.993, 16.455, 17.846, 17.82, 18.341, 17.532, 15.464, 15.664]
task_to_depot_distance = [10.178, 4.817, 15.534, 17.335, 20.526, 19.287, 18.207, 11.101, 11.74, 22.148, 9.531, 5.234, 25.417, 10.699, 21.587, 21.686, 14.931, 12.736, 15.976, 15.867]
task_to_task_distance = [[0.0, 9.677, 16.455, 10.921, 32.129, 23.824, 14.664, 11.924, 9.662, 33.251, 14.965, 21.544, 29.378, 26.284, 7.815, 12.894, 15.359, 27.145, 6.061, 9.361], [1.878, 0.0, 12.242, 15.733, 27.579, 24.757, 16.132, 10.566, 4.873, 28.79, 14.519, 15.96, 24.388, 20.488, 13.624, 16.273, 17.737, 22.331, 10.671, 13.359], [13.942, 12.093, 0.0, 20.592, 15.653, 38.707, 30.19, 6.561, 9.419, 16.574, 28.232, 20.095, 14.312, 20.373, 23.3, 29.893, 31.715, 28.967, 17.393, 26.572], [14.282, 14.86, 15.503, 0.0, 29.762, 33.658, 24.495, 7.759, 12.638, 30.582, 25.032, 27.526, 28.451, 30.618, 11.284, 21.724, 24.754, 34.804, 5.292, 18.008], [20.427, 17.989, 9.786, 31.04, 0.0, 44.104, 36.621, 16.994, 16.622, 7.571, 33.475, 18.83, 3.76, 15.733, 33.001, 37.607, 38.686, 27.455, 27.46, 34.728], [20.786, 22.601, 32.101, 30.762, 45.389, 0.0, 8.048, 31.623, 25.286, 46.747, 6.61, 23.305, 41.134, 29.638, 24.113, 13.353, 9.92, 20.81, 26.901, 15.755], [18.108, 20.512, 29.696, 22.019, 44.755, 9.943, 0.0, 26.732, 22.325, 46.019, 8.161, 26.713, 41.157, 32.964, 14.881, 3.102, 0.56, 27.538, 19.141, 6.446], [8.068, 8.585, 11.376, 10.86, 26.855, 29.808, 20.732, 0.0, 6.592, 27.876, 20.245, 21.302, 24.676, 24.726, 11.907, 19.243, 21.644, 28.523, 6.436, 15.68], [9.361, 8.302, 6.135, 15.449, 21.368, 33.618, 24.824, 2.46, 0.0, 22.374, 23.421, 19.504, 19.386, 21.622, 17.408, 24.106, 26.133, 27.736, 11.688, 20.701], [22.516, 20.038, 12.877, 34.396, 5.851, 45.255, 38.251, 20.415, 19.124, 0.0, 34.74, 18.402, 1.058, 14.17, 35.933, 39.696, 40.484, 26.492, 30.605, 37.019], [11.4, 12.945, 22.341, 24.956, 35.636, 14.719, 9.131, 22.634, 15.775, 36.985, 0.0, 14.863, 31.475, 21.231, 19.661, 13.331, 11.974, 15.761, 20.297, 13.278], [7.274, 5.589, 10.972, 24.495, 22.746, 27.612, 20.768, 14.995, 7.746, 24.102, 17.078, 0.0, 18.587, 11.398, 22.696, 22.937, 23.18, 15.197, 19.516, 20.891], [25.45, 22.999, 14.779, 35.721, 1.804, 48.832, 41.541, 21.676, 21.686, 3.141, 38.246, 22.425, 0.0, 18.196, 37.974, 42.645, 43.66, 30.551, 32.334, 39.787], [12.055, 9.781, 9.528, 27.904, 17.63, 33.057, 26.419, 16.081, 10.525, 19.009, 22.625, 7.551, 13.218, 0.0, 27.222, 28.512, 28.833, 16.537, 23.186, 26.306], [18.697, 20.138, 23.13, 1.602, 37.796, 31.701, 23.017, 15.644, 18.754, 38.637, 25.148, 32.758, 36.303, 36.799, 0.0, 18.768, 22.32, 38.851, 6.199, 15.407], [22.081, 24.375, 33.795, 26.894, 48.467, 5.458, 5.604, 31.373, 26.472, 49.767, 9.48, 28.765, 44.64, 35.146, 19.709, 0.0, 4.442, 28.047, 24.076, 11.364], [15.127, 17.455, 26.828, 21.683, 41.636, 10.677, 1.512, 24.528, 19.494, 42.919, 5.028, 23.19, 37.923, 29.444, 14.918, 4.986, 0.0, 24.24, 18.135, 6.584], [15.767, 15.732, 22.764, 32.65, 32.288, 21.778, 18.802, 26.222, 18.646, 33.669, 13.788, 8.216, 27.612, 14.019, 28.518, 23.315, 21.695, 0.0, 27.64, 23.109], [13.349, 15.23, 20.531, 6.227, 36.045, 25.823, 16.878, 14.262, 14.627, 37.058, 18.682, 27.339, 33.797, 31.965, 2.734, 13.237, 16.563, 32.796, 0.0, 9.602], [14.023, 16.371, 23.675, 11.535, 39.351, 20.376, 11.706, 18.602, 16.808, 40.469, 14.416, 26.935, 36.566, 32.321, 4.488, 7.589, 11.022, 30.95, 9.101, 0.0]]
big_M = 1000.0
planning_horizon = 24.0
penalty_weight = 100000.0
