# MTRSP-VS train | n20_m5_a40 seed=37
# n=20 m=5 T_max=24.0

num_tasks = 20
num_tugboats = 5
num_speed_levels = 3
task_max_tugs = [1, 1, 1, 1, 1, 1, 1, 1, 1, 3, 1, 1, 2, 1, 1, 1, 1, 1, 2, 1]
task_min_horsepower = [1108.0, 1802.7, 1388.9, 1093.1, 2409.1, 2402.5, 2100.0, 1081.8, 2346.9, 6900.2, 1009.1, 2030.3, 3979.4, 1665.5, 2236.7, 2739.4, 2866.1, 1973.4, 3617.7, 2938.8]
task_time_window_lower = [11.132, 14.086, 3.136, 15.994, 10.836, 16.001, 15.112, 18.229, 4.976, 1.586, 11.343, 10.312, 20.819, 0.052, 6.294, 15.18, 11.857, 4.139, 14.155, 17.847]
task_time_window_upper = [15.748, 16.431, 5.284, 18.167, 16.602, 18.351, 17.81, 22.935, 7.638, 4.863, 17.125, 12.737, 23.214, 3.491, 11.255, 19.778, 14.156, 9.939, 17.153, 20.078]
task_service_distance = [4.948, 6.155, 6.415, 6.681, 1.983, 4.806, 6.196, 2.442, 7.551, 4.759, 7.483, 5.553, 6.585, 3.241, 6.243, 3.147, 5.529, 5.883, 6.473, 3.042]
tugboat_horsepower = [3531.5, 4307.2, 4812.8, 4416.4, 3110.4]
tugboat_fuel_capacity = [6497.4, 6909.4, 6741.3, 7580.9, 6226.2]
tugboat_alpha = [0.1462, 0.173, 0.1403, 0.1679, 0.1534]
tugboat_beta = [0.0798, 0.0877, 0.0861, 0.0869, 0.0826]
speed_level_names = ['slow', 'medium', 'fast']
speed_values = [6.0, 10.0, 15.0]
speed_power_coefficients = [0.216, 1.0, 3.375]
depot_to_task_distance = [17.885, 13.395, 15.726, 9.984, 26.331, 18.982, 13.313, 18.668, 20.613, 19.328, 17.065, 11.847, 10.022, 12.408, 20.028, 8.733, 22.202, 1.6, 14.176, 16.657]
task_to_depot_distance = [22.638, 10.514, 19.895, 15.208, 28.284, 22.518, 7.525, 20.238, 15.864, 16.122, 22.894, 14.516, 8.062, 15.644, 18.261, 11.137, 19.121, 5.166, 16.568, 19.636]
task_to_task_distance = [[0.0, 20.787, 10.419, 24.553, 39.622, 29.915, 22.64, 36.04, 40.042, 7.461, 29.37, 28.041, 12.626, 33.142, 8.335, 14.404, 28.726, 21.158, 20.647, 37.92], [21.529, 0.0, 22.305, 20.498, 16.534, 29.489, 4.677, 28.12, 28.861, 24.899, 6.595, 2.905, 14.419, 20.673, 25.946, 11.901, 32.625, 10.068, 24.098, 14.246], [11.761, 26.592, 0.0, 15.349, 44.413, 16.998, 27.868, 25.195, 30.07, 7.268, 34.048, 30.299, 14.083, 25.304, 6.338, 16.525, 14.555, 19.177, 8.969, 36.442], [26.194, 28.549, 20.789, 0.0, 39.648, 6.237, 28.52, 5.135, 9.939, 24.57, 31.647, 25.978, 20.911, 8.067, 24.474, 21.325, 11.461, 16.28, 11.251, 24.863], [38.498, 20.497, 40.372, 37.985, 0.0, 46.673, 18.816, 43.027, 41.971, 42.519, 12.225, 16.459, 32.374, 34.995, 43.66, 29.847, 50.4, 28.203, 42.33, 19.472], [25.823, 34.539, 19.632, 12.644, 48.656, 0.0, 35.061, 14.141, 19.347, 22.356, 39.568, 34.309, 23.741, 19.059, 21.708, 25.236, 1.129, 22.958, 10.22, 35.349], [16.097, 5.921, 16.718, 16.887, 21.966, 25.855, 0.0, 26.192, 27.93, 19.309, 11.631, 8.313, 8.816, 19.635, 20.347, 6.303, 28.376, 6.354, 19.386, 18.159], [33.492, 33.475, 28.262, 13.798, 41.493, 11.934, 33.081, 0.0, 3.158, 32.08, 34.947, 29.168, 27.634, 8.674, 32.009, 27.654, 17.036, 21.616, 18.78, 24.838], [32.625, 27.606, 28.672, 14.812, 32.578, 18.332, 26.764, 10.17, 0.0, 32.634, 27.213, 21.59, 25.357, 4.854, 32.93, 24.503, 23.597, 17.46, 21.419, 15.42], [1.98, 17.407, 4.693, 17.721, 36.174, 23.701, 19.018, 29.251, 33.154, 0.0, 25.677, 23.226, 6.413, 26.234, 5.977, 8.702, 23.241, 14.736, 14.435, 32.074], [33.908, 16.054, 35.382, 32.578, 3.439, 41.276, 14.235, 37.828, 37.008, 37.722, 0.0, 11.095, 27.41, 29.808, 38.829, 24.875, 44.994, 22.85, 36.972, 15.099], [22.421, 4.592, 24.298, 24.44, 14.489, 33.46, 2.727, 32.458, 33.222, 26.368, 4.026, 0.0, 16.304, 25.04, 27.509, 13.803, 36.318, 13.822, 27.47, 17.125], [12.198, 17.182, 8.216, 7.804, 33.367, 15.461, 17.951, 19.31, 22.976, 12.116, 23.347, 18.938, 0.0, 16.066, 12.577, 7.692, 16.928, 7.408, 7.609, 24.663], [31.045, 28.405, 26.542, 12.089, 35.456, 14.396, 27.819, 6.199, 5.118, 30.496, 29.176, 23.42, 24.295, 0.0, 30.66, 23.837, 19.692, 17.165, 18.395, 18.851], [0.408, 18.166, 6.525, 20.099, 37.073, 25.892, 19.893, 31.621, 35.542, 5.014, 26.629, 24.621, 8.336, 28.6, 0.0, 10.381, 25.176, 16.824, 16.604, 33.93], [10.139, 8.16, 12.291, 17.924, 26.86, 26.214, 9.708, 28.753, 31.422, 14.011, 16.366, 14.353, 4.746, 23.405, 15.173, 0.0, 27.576, 9.546, 18.122, 24.461], [25.85, 31.89, 19.841, 9.179, 44.763, 0.357, 32.179, 9.39, 14.649, 23.159, 36.122, 30.651, 22.265, 14.169, 22.758, 23.328, 0.0, 19.827, 9.623, 30.741], [18.037, 18.119, 14.192, 4.822, 31.348, 13.834, 18.259, 14.666, 17.597, 18.123, 22.23, 16.938, 11.218, 10.168, 18.527, 11.08, 17.096, 0.0, 9.681, 19.975], [22.658, 29.0, 16.7, 6.613, 42.602, 2.939, 29.385, 10.826, 15.985, 20.117, 33.633, 28.299, 19.067, 13.708, 19.782, 20.202, 6.026, 17.121, 0.0, 29.43], [36.641, 23.095, 35.329, 26.101, 18.101, 32.988, 21.368, 26.522, 24.034, 38.803, 17.606, 14.398, 28.708, 19.011, 39.582, 26.604, 37.801, 20.693, 32.322, 0.0]]
big_M = 1000.0
planning_horizon = 24.0
penalty_weight = 100000.0
