# MTRSP-VS train | n20_m5_a40 seed=1
# n=20 m=5 T_max=24.0

num_tasks = 20
num_tugboats = 5
num_speed_levels = 3
task_max_tugs = [1, 1, 1, 1, 1, 1, 1, 1, 1, 1, 2, 1, 1, 1, 1, 1, 2, 3, 1, 1]
task_min_horsepower = [2079.2, 1464.4, 2904.9, 1918.3, 2096.0, 1011.4, 2641.0, 2481.0, 2037.4, 1852.2, 4675.0, 1399.7, 1969.9, 1692.2, 2247.0, 1916.3, 3074.0, 5753.4, 2596.9, 2632.9]
task_time_window_lower = [17.659, 1.607, 0.319, 4.736, 13.472, 1.434, 11.266, 5.821, 8.709, 9.813, 8.468, 3.82, 19.405, 4.173, 15.996, 0.392, 15.393, 15.05, 10.506, 20.602]
task_time_window_upper = [20.68, 6.3, 2.386, 9.758, 15.91, 4.811, 13.904, 8.493, 13.556, 13.101, 10.562, 7.504, 21.84, 8.214, 20.418, 2.475, 17.979, 17.691, 15.219, 23.485]
task_service_distance = [6.107, 6.258, 4.771, 0.934, 7.507, 5.324, 3.145, 4.165, 4.449, 6.211, 3.604, 7.682, 4.517, 5.526, 3.84, 6.515, 5.542, 5.448, 4.708, 5.511]
tugboat_horsepower = [4292.3, 3769.8, 2882.1, 3308.1, 2281.2]
tugboat_fuel_capacity = [6117.6, 6597.2, 7935.8, 7751.1, 6612.8]
tugboat_alpha = [0.1743, 0.1524, 0.1776, 0.1698, 0.1566]
tugboat_beta = [0.0601, 0.0503, 0.0851, 0.0515, 0.0828]
speed_level_names = ['slow', 'medium', 'fast']
speed_values = [6.0, 10.0, 15.0]
speed_power_coefficients = [0.216, 1.0, 3.375]
depot_to_task_distance = [20.175, 2.029, 24.897, 22.51, 20.855, 19.054, 11.756, 2.49, 11.364, 13.691, 24.402, 12.241, 14.855, 20.636, 21.273, 13.225, 5.575, 4.351, 19.991, 13.856]
task_to_depot_distance = [24.906, 8.202, 25.564, 22.168, 19.557, 21.151, 10.78, 4.437, 6.916, 17.82, 25.06, 12.237, 10.356, 15.226, 21.095, 16.51, 8.863, 6.999, 20.351, 13.859]
task_to_task_distance = [[0.0, 26.454, 38.891, 47.277, 4.554, 18.805, 23.38, 23.653, 21.913, 33.44, 34.996, 26.367, 30.99, 30.763, 30.525, 18.134, 24.5, 28.894, 12.347, 34.834], [27.167, 0.0, 20.61, 14.959, 28.623, 22.527, 13.605, 8.794, 14.144, 15.984, 29.045, 18.177, 19.059, 26.014, 20.065, 17.562, 8.492, 3.855, 25.436, 7.555], [30.301, 24.208, 0.0, 30.752, 34.953, 17.609, 15.463, 23.559, 16.771, 38.118, 49.956, 37.773, 40.24, 46.177, 5.799, 19.168, 20.159, 23.875, 24.121, 15.98], [41.642, 20.45, 25.832, 0.0, 42.968, 35.829, 26.866, 23.204, 27.768, 22.604, 35.861, 28.456, 27.058, 34.331, 29.806, 31.536, 22.818, 17.987, 39.568, 15.406], [12.361, 21.519, 40.192, 41.578, 0.0, 23.445, 23.7, 19.438, 22.26, 24.021, 23.684, 16.397, 20.805, 19.54, 33.189, 19.778, 21.74, 23.908, 18.49, 32.44], [8.837, 21.725, 26.02, 40.594, 14.254, 0.0, 13.229, 18.881, 12.198, 33.821, 40.407, 28.902, 33.202, 35.98, 17.228, 8.497, 17.651, 23.634, 2.144, 25.507], [14.439, 10.784, 19.623, 29.126, 17.831, 8.372, 0.0, 8.296, 1.664, 24.389, 33.719, 21.387, 24.935, 29.537, 12.921, 3.03, 6.255, 12.37, 11.067, 14.694], [16.074, 6.254, 26.921, 26.946, 16.438, 17.154, 11.731, 0.0, 10.816, 15.582, 24.064, 11.733, 15.45, 19.909, 21.909, 11.276, 7.088, 8.708, 16.801, 17.304], [16.824, 6.733, 20.175, 25.643, 19.25, 12.433, 4.961, 4.438, 0.0, 20.605, 30.694, 18.332, 21.517, 26.667, 14.991, 6.91, 2.318, 8.339, 14.635, 12.44], [31.132, 18.966, 41.906, 28.415, 28.536, 35.486, 29.441, 20.14, 28.828, 0.0, 7.447, 7.094, 2.972, 5.91, 39.086, 29.635, 23.395, 19.439, 34.198, 29.248], [32.739, 26.636, 49.912, 38.171, 28.763, 40.163, 35.799, 27.002, 34.882, 15.892, 0.0, 12.821, 11.704, 4.512, 45.916, 34.685, 30.401, 27.688, 37.372, 37.877], [16.805, 14.26, 35.947, 33.063, 14.15, 23.49, 20.254, 13.051, 19.095, 15.052, 17.777, 0.0, 12.298, 13.341, 30.462, 18.219, 16.142, 16.376, 20.715, 26.028], [25.771, 11.522, 34.625, 24.393, 24.219, 28.471, 22.027, 12.705, 21.475, 4.695, 14.356, 4.028, 0.0, 11.122, 31.617, 22.57, 15.931, 12.187, 27.857, 22.276], [25.415, 16.85, 40.105, 30.832, 22.544, 31.011, 26.052, 17.159, 25.2, 9.127, 9.731, 3.029, 4.851, 0.0, 36.115, 25.333, 20.557, 18.061, 29.009, 28.32], [21.295, 20.364, 12.725, 33.229, 26.171, 8.426, 9.379, 18.697, 10.125, 34.682, 44.963, 32.597, 35.849, 40.848, 0.0, 11.085, 15.583, 20.98, 14.945, 17.025], [17.799, 15.978, 15.024, 31.034, 22.272, 6.23, 4.776, 14.061, 5.299, 30.183, 40.142, 27.782, 31.138, 36.002, 6.938, 0.0, 11.133, 16.899, 12.18, 15.051], [24.233, 7.021, 16.421, 18.848, 26.596, 17.746, 8.734, 7.88, 9.57, 20.258, 32.558, 20.812, 22.652, 29.091, 14.787, 13.376, 0.0, 6.067, 21.438, 5.296], [26.979, 6.495, 27.33, 17.199, 27.102, 25.651, 17.529, 9.212, 17.519, 9.162, 22.236, 12.011, 12.274, 19.384, 25.787, 19.965, 11.234, 0.0, 26.979, 14.409], [11.473, 20.643, 22.936, 38.604, 16.767, 2.338, 11.061, 17.951, 10.271, 33.537, 41.102, 29.237, 33.341, 36.712, 14.119, 7.153, 16.221, 22.331, 0.0, 23.132], [31.914, 11.868, 18.184, 11.103, 33.842, 25.44, 16.491, 14.132, 17.437, 20.221, 33.719, 23.528, 23.846, 31.031, 20.148, 21.279, 12.961, 9.543, 29.341, 0.0]]
big_M = 1000.0
planning_horizon = 24.0
penalty_weight = 100000.0
