# MTRSP-VS train | n20_m5_a40 seed=21
# n=20 m=5 T_max=24.0

num_tasks = 20
num_tugboats = 5
num_speed_levels = 3
task_max_tugs = [2, 1, 1, 1, 1, 1, 1, 1, 1, 2, 1, 1, 1, 1, 2, 1, 1, 1, 1, 2]
task_min_horsepower = [4534.2, 1749.8, 2351.8, 2916.6, 2978.2, 2181.0, 1981.8, 1494.4, 1324.6, 4513.2, 1966.3, 1104.3, 1579.7, 1341.3, 3345.2, 2966.9, 1957.9, 2917.8, 2457.2, 3030.2]
task_time_window_lower = [14.828, 11.11, 11.795, 5.729, 5.482, 0.194, 18.372, 13.005, 16.544, 5.057, 19.536, 2.454, 2.031, 9.786, 18.593, 2.452, 6.435, 4.398, 3.925, 14.547]
task_time_window_upper = [20.181, 16.635, 15.499, 11.127, 9.619, 5.267, 23.114, 15.099, 21.119, 9.395, 23.159, 8.077, 4.41, 11.887, 21.156, 7.073, 10.59, 8.373, 6.589, 18.058]
task_service_distance = [6.175, 7.039, 3.016, 6.969, 1.786, 3.17, 7.76, 3.624, 4.715, 7.329, 7.844, 5.904, 7.135, 5.048, 7.974, 6.59, 5.752, 5.782, 4.741, 4.533]
tugboat_horsepower = [3988.1, 1661.6, 4209.9, 3425.1, 4558.5]
tugboat_fuel_capacity = [6795.9, 7133.9, 7708.9, 6466.6, 7928.0]
tugboat_alpha = [0.1642, 0.1698, 0.1498, 0.1462, 0.169]
tugboat_beta = [0.0896, 0.0827, 0.0821, 0.0696, 0.0729]
speed_level_names = ['slow', 'medium', 'fast']
speed_values = [6.0, 10.0, 15.0]
speed_power_coefficients = [0.216, 1.0, 3.375]
depot_to_task_distance = [15.402, 16.311, 10.56, 17.564, 21.2, 15.701, 15.368, 18.76, 2.8, 22.352, 16.173, 14.641, 15.131, 22.953, 4.966, 24.958, 0.374, 11.942, 18.365, 7.264]
task_to_depot_distance = [21.254, 21.498, 8.58, 11.123, 22.952, 15.401, 11.044, 15.323, 7.039, 16.302, 23.966, 10.528, 14.204, 23.588, 8.007, 20.659, 6.094, 15.272, 17.507, 7.093]
task_to_task_distance = [[0.0, 8.808, 27.359, 34.395, 28.128, 34.73, 30.696, 7.154, 18.746, 27.809, 36.7, 29.791, 10.34, 37.136, 21.843, 24.676, 21.244, 9.327, 22.626, 14.128], [6.12, 0.0, 28.578, 35.785, 30.447, 34.009, 32.211, 4.824, 18.833, 30.241, 37.361, 28.576, 12.538, 35.571, 22.742, 27.43, 21.54, 9.945, 24.988, 14.235], [19.69, 22.205, 0.0, 10.316, 13.282, 21.309, 7.217, 24.217, 10.453, 14.705, 13.492, 22.411, 15.167, 30.39, 3.805, 18.791, 8.216, 15.731, 11.917, 12.981], [25.094, 26.948, 3.995, 0.0, 16.897, 18.441, 6.635, 29.208, 13.789, 18.621, 7.15, 21.664, 21.44, 28.778, 8.4, 23.874, 10.873, 21.196, 17.208, 17.552], [27.674, 31.705, 14.851, 14.933, 0.0, 36.008, 12.085, 32.799, 23.992, 1.951, 23.969, 37.298, 19.436, 45.331, 18.023, 8.526, 22.578, 24.356, 6.97, 24.433], [26.896, 25.218, 22.36, 26.634, 35.313, 0.0, 26.536, 27.806, 16.27, 36.738, 19.218, 4.52, 29.794, 8.778, 19.551, 40.155, 15.705, 24.802, 33.393, 19.944], [19.035, 22.193, 5.63, 11.584, 10.162, 24.874, 0.0, 23.904, 12.244, 11.393, 16.685, 25.467, 13.073, 33.609, 6.126, 15.096, 10.671, 15.155, 8.219, 13.571], [4.535, 1.003, 24.193, 31.597, 29.422, 26.359, 28.47, 0.0, 12.524, 29.695, 31.496, 20.749, 12.893, 27.823, 17.887, 28.637, 15.463, 6.783, 24.413, 8.466], [8.502, 10.349, 14.738, 22.14, 21.243, 21.672, 19.033, 12.482, 0.0, 21.873, 22.747, 18.562, 9.215, 26.837, 8.472, 22.5, 7.022, 4.903, 16.909, 1.424], [18.875, 22.928, 12.049, 16.385, 7.179, 31.163, 12.442, 24.0, 16.61, 0.0, 23.042, 30.936, 10.78, 39.253, 11.91, 8.713, 15.953, 15.59, 2.192, 16.144], [39.089, 40.269, 18.174, 13.981, 28.127, 21.274, 17.512, 42.725, 26.759, 29.968, 0.0, 27.956, 36.012, 32.011, 22.713, 36.304, 23.851, 35.316, 30.331, 31.125], [23.033, 21.964, 17.799, 22.7, 30.54, 5.559, 22.18, 24.603, 11.607, 31.928, 16.409, 0.0, 25.175, 13.178, 14.657, 35.252, 10.823, 20.564, 28.5, 15.597], [1.797, 6.062, 21.027, 28.291, 24.265, 27.97, 24.806, 6.901, 11.693, 24.372, 29.833, 23.598, 0.0, 31.389, 15.15, 22.918, 14.203, 2.36, 19.051, 7.084], [29.41, 26.069, 32.704, 37.903, 44.748, 14.717, 37.255, 28.171, 23.129, 45.938, 31.033, 9.405, 35.101, 0.0, 28.463, 48.176, 23.957, 28.862, 41.829, 25.017], [8.811, 11.565, 13.874, 21.198, 19.144, 23.327, 17.847, 13.39, 6.273, 19.69, 22.796, 20.679, 7.295, 29.003, 0.0, 20.147, 7.883, 4.86, 14.647, 3.733], [24.18, 28.289, 13.911, 15.771, 2.398, 34.601, 12.303, 29.304, 21.384, 1.956, 24.059, 35.228, 15.861, 43.418, 15.875, 0.0, 20.292, 20.958, 3.398, 21.377], [18.994, 20.992, 4.488, 11.719, 16.087, 18.625, 9.278, 23.185, 8.335, 17.482, 12.719, 19.6, 15.739, 27.576, 2.297, 21.292, 0.0, 15.093, 14.42, 11.598], [7.498, 12.029, 18.918, 25.638, 19.189, 30.575, 21.829, 12.458, 13.507, 19.042, 29.065, 27.421, 1.287, 35.591, 14.193, 16.997, 15.123, 0.0, 13.753, 9.802], [23.399, 27.148, 9.927, 12.091, 3.714, 30.83, 8.423, 28.489, 18.601, 5.138, 20.064, 31.876, 15.783, 39.95, 12.579, 10.451, 17.134, 19.821, 0.0, 19.331], [10.921, 10.19, 17.402, 24.586, 26.239, 17.638, 22.13, 12.814, 4.595, 27.059, 22.869, 13.295, 14.683, 21.379, 11.213, 28.167, 7.357, 8.89, 22.318, 0.0]]
big_M = 1000.0
planning_horizon = 24.0
penalty_weight = 100000.0
