# MTRSP-VS train | n20_m5_a40 seed=22
# n=20 m=5 T_max=24.0

num_tasks = 20
num_tugboats = 5
num_speed_levels = 3
task_max_tugs = [1, 1, 1, 1, 1, 1, 1, 1, 1, 1, 2, 1, 3, 1, 2, 1, 1, 1, 1, 1]
task_min_horsepower = [1104.2, 2656.2, 1921.2, 1997.1, 2169.1, 2487.4, 2454.5, 1707.5, 2639.6, 2885.5, 3750.0, 1681.1, 6076.2, 1538.0, 4917.8, 1236.2, 1509.9, 1361.3, 1194.7, 1415.4]
task_time_window_lower = [15.156, 15.265, 8.253, 0.613, 10.382, 15.359, 8.884, 4.846, 1.365, 3.051, 11.913, 10.859, 0.828, 0.599, 0.077, 19.191, 4.343, 2.778, 17.822, 0.17]
task_time_window_upper = [18.533, 20.965, 10.406, 6.009, 13.194, 18.888, 13.757, 7.843, 4.43, 7.714, 17.471, 13.087, 5.242, 4.545, 5.142, 23.719, 9.729, 6.916, 21.191, 5.441]
task_service_distance = [1.672, 6.257, 7.797, 6.426, 6.558, 7.249, 7.806, 4.292, 7.773, 6.338, 3.161, 5.047, 4.869, 5.716, 3.441, 5.014, 3.435, 5.733, 3.956, 6.235]
tugboat_horsepower = [4625.8, 2829.6, 4309.2, 3740.8, 2114.2]
tugboat_fuel_capacity = [6376.7, 6555.5, 6318.3, 7677.4, 7019.7]
tugboat_alpha = [0.1679, 0.1727, 0.179, 0.1476, 0.1562]
tugboat_beta = [0.085, 0.0805, 0.0655, 0.0762, 0.0578]
speed_level_names = ['slow', 'medium', 'fast']
speed_values = [6.0, 10.0, 15.0]
speed_power_coefficients = [0.216, 1.0, 3.375]
depot_to_task_distance = [23.299, 19.744, 18.919, 17.751, 19.888, 14.525, 20.664, 9.119, 13.517, 19.34, 18.08, 0.737, 18.355, 8.964, 7.021, 6.385, 18.093, 20.568, 8.933, 11.921]
task_to_depot_distance = [24.652, 19.019, 12.821, 17.328, 20.106, 21.169, 12.985, 12.523, 13.006, 22.216, 15.218, 4.33, 16.031, 14.679, 10.423, 5.034, 20.276, 15.089, 5.671, 18.086]
task_to_task_distance = [[0.0, 32.639, 5.751, 35.485, 12.233, 27.646, 25.491, 22.427, 37.611, 43.922, 41.142, 24.863, 7.491, 33.506, 20.307, 28.296, 15.014, 4.368, 28.242, 32.16], [34.772, 0.0, 31.758, 33.968, 25.78, 8.918, 39.683, 28.133, 22.959, 23.099, 11.442, 19.602, 32.907, 16.017, 25.646, 12.695, 35.826, 32.14, 10.247, 28.049], [12.307, 27.447, 0.0, 22.51, 14.934, 21.694, 15.53, 9.245, 24.775, 31.391, 30.721, 12.799, 5.956, 21.725, 7.188, 18.083, 7.128, 10.118, 19.264, 18.931], [29.964, 37.029, 25.725, 0.0, 32.418, 31.844, 8.467, 9.998, 17.524, 24.097, 30.698, 16.615, 23.09, 20.715, 13.493, 23.061, 16.161, 28.131, 26.032, 8.696], [17.21, 15.461, 16.394, 37.336, 0.0, 12.273, 34.604, 25.188, 32.674, 36.846, 29.263, 20.771, 19.085, 25.904, 21.684, 18.963, 26.005, 15.374, 16.848, 31.843], [32.231, 1.482, 29.912, 37.794, 22.283, 0.0, 41.37, 29.918, 27.976, 29.012, 17.769, 21.859, 31.627, 20.643, 26.939, 15.541, 35.948, 29.819, 12.44, 31.754], [23.565, 32.517, 19.245, 11.406, 25.943, 27.021, 0.0, 4.112, 18.211, 25.236, 29.156, 12.374, 16.729, 18.911, 7.51, 19.282, 10.627, 21.638, 21.911, 9.831], [18.798, 30.869, 14.502, 16.087, 21.728, 25.168, 9.367, 0.0, 21.107, 28.097, 30.176, 12.111, 11.963, 20.183, 5.595, 18.846, 6.662, 16.905, 20.99, 13.625], [35.987, 20.116, 31.749, 20.278, 30.712, 17.891, 30.163, 19.976, 0.0, 8.393, 7.027, 12.997, 31.354, 4.081, 19.342, 9.895, 30.449, 33.206, 11.83, 15.122], [44.837, 34.012, 40.287, 15.916, 42.018, 31.505, 30.352, 24.387, 8.713, 0.0, 18.629, 21.77, 38.906, 15.447, 25.764, 22.381, 35.064, 42.245, 25.027, 14.948], [36.437, 15.237, 32.563, 25.988, 29.575, 14.426, 34.574, 23.616, 13.771, 13.201, 0.0, 15.492, 32.757, 8.152, 22.185, 9.788, 33.31, 33.644, 10.026, 20.511], [23.396, 15.442, 19.374, 21.85, 18.032, 10.202, 24.685, 13.139, 15.675, 20.412, 16.347, 0.0, 19.525, 9.338, 10.477, 3.453, 20.912, 20.598, 4.924, 15.894], [7.277, 25.565, 3.209, 28.66, 8.939, 20.132, 21.686, 15.291, 29.22, 35.358, 32.527, 16.288, 0.0, 24.826, 12.525, 19.647, 12.016, 4.541, 19.797, 24.566], [37.733, 21.333, 33.478, 20.64, 32.48, 19.414, 31.223, 21.33, 7.745, 6.933, 6.773, 14.636, 33.034, 0.0, 20.872, 11.658, 31.924, 34.955, 13.504, 15.809], [17.37, 28.149, 12.885, 17.418, 19.225, 22.423, 12.216, 4.213, 20.572, 27.423, 28.405, 10.124, 10.785, 18.683, 0.0, 16.579, 7.738, 15.208, 18.518, 14.014], [21.757, 15.353, 17.813, 22.784, 16.289, 9.827, 24.552, 13.117, 17.295, 22.153, 17.884, 5.768, 18.123, 11.086, 10.143, 0.0, 20.057, 18.959, 5.688, 16.925], [17.797, 37.514, 14.741, 21.194, 24.373, 31.743, 8.019, 12.12, 28.617, 35.649, 38.091, 19.925, 11.535, 28.112, 13.255, 26.475, 0.0, 16.999, 28.35, 20.435], [8.309, 25.981, 3.832, 27.115, 10.436, 20.425, 20.089, 13.752, 28.079, 34.346, 32.034, 15.287, 4.255, 23.985, 11.102, 19.134, 10.578, 0.0, 19.542, 23.137], [23.4, 14.143, 19.523, 23.187, 17.451, 8.855, 25.887, 14.365, 16.66, 21.088, 16.198, 6.393, 19.891, 10.015, 11.582, 3.446, 21.755, 20.603, 0.0, 17.218], [35.512, 36.603, 31.052, 0.908, 36.199, 32.074, 15.783, 14.08, 12.617, 18.236, 26.969, 17.36, 28.786, 18.02, 17.048, 22.426, 22.769, 33.371, 25.598, 0.0]]
big_M = 1000.0
planning_horizon = 24.0
penalty_weight = 100000.0
