# MTRSP-VS train | n20_m5_a40 seed=27
# n=20 m=5 T_max=24.0

num_tasks = 20
num_tugboats = 5
num_speed_levels = 3
task_max_tugs = [2, 1, 2, 1, 2, 1, 1, 3, 1, 1, 1, 1, 2, 1, 1, 2, 1, 1, 1, 1]
task_min_horsepower = [4492.9, 2228.4, 3905.4, 1921.2, 4739.3, 2484.3, 1453.7, 6513.7, 1767.4, 1689.7, 1366.9, 1588.9, 3655.9, 1205.0, 2711.6, 3727.3, 1934.9, 1874.3, 1406.9, 1300.5]
task_time_window_lower = [19.054, 17.332, 13.074, 1.551, 6.205, 8.611, 19.923, 11.646, 0.389, 16.77, 10.254, 11.193, 19.636, 11.833, 15.182, 13.038, 14.729, 7.465, 14.466, 17.686]
task_time_window_upper = [23.916, 22.099, 15.574, 5.983, 9.94, 11.116, 22.27, 14.309, 5.228, 22.535, 14.575, 16.596, 22.523, 14.643, 19.367, 16.501, 17.563, 10.112, 18.551, 23.319]
task_service_distance = [7.785, 4.252, 7.548, 5.865, 6.701, 4.936, 4.689, 3.494, 7.656, 6.538, 0.748, 5.87, 7.079, 3.889, 3.85, 4.692, 4.272, 5.317, 4.083, 6.426]
tugboat_horsepower = [3537.5, 3146.7, 1731.6, 3582.3, 4065.9]
tugboat_fuel_capacity = [7089.0, 6895.5, 7317.4, 6268.6, 7316.2]
tugboat_alpha = [0.174, 0.1774, 0.1681, 0.1687, 0.1786]
tugboat_beta = [0.0653, 0.0634, 0.0897, 0.0525, 0.0638]
speed_level_names = ['slow', 'medium', 'fast']
speed_values = [6.0, 10.0, 15.0]
speed_power_coefficients = [0.216, 1.0, 3.375]
depot_to_task_distance = [10.008, 21.69, 17.862, 23.944, 17.443, 27.736, 10.858, 8.227, 12.737, 13.249, 23.809, 12.765, 8.078, 12.557, 0.957, 16.348, 16.646, 11.027, 16.636, 15.93]
task_to_depot_distance = [17.598, 25.816, 13.251, 22.886, 11.242, 24.878, 12.65, 6.302, 7.114, 6.711, 23.502, 6.899, 12.353, 16.376, 3.297, 15.216, 19.769, 8.751, 12.886, 18.108]
task_to_task_distance = [[0.0, 26.012, 28.365, 25.692, 6.69, 36.67, 21.384, 14.437, 17.304, 29.511, 30.675, 21.714, 24.136, 14.673, 16.674, 32.982, 34.183, 23.428, 5.153, 6.353], [27.226, 0.0, 43.621, 2.88, 33.964, 53.49, 15.563, 32.082, 13.647, 36.352, 49.559, 38.439, 22.488, 15.3, 25.904, 38.077, 34.6, 36.779, 23.434, 22.177], [20.322, 33.759, 0.0, 36.493, 24.741, 16.354, 22.442, 13.579, 25.735, 3.953, 14.858, 8.65, 16.047, 25.793, 13.669, 6.85, 11.747, 4.935, 28.572, 28.178], [21.265, 8.471, 40.48, 0.0, 26.907, 50.264, 15.146, 27.377, 10.352, 35.256, 45.581, 34.562, 22.406, 10.447, 22.658, 37.654, 35.392, 33.754, 15.751, 14.635], [4.744, 28.285, 18.263, 29.288, 0.0, 26.782, 19.768, 4.736, 18.365, 20.497, 21.02, 11.613, 19.238, 16.505, 10.336, 24.051, 26.328, 13.592, 12.644, 12.929], [29.419, 46.072, 7.657, 48.663, 31.018, 0.0, 34.773, 21.991, 37.61, 15.187, 8.591, 14.316, 28.492, 37.303, 25.062, 15.663, 21.537, 13.995, 38.015, 37.943], [19.975, 13.16, 28.548, 16.638, 28.126, 38.137, 0.0, 20.803, 10.406, 19.617, 35.323, 24.783, 5.888, 12.706, 13.289, 20.956, 17.343, 22.008, 22.379, 21.133], [4.916, 24.853, 17.367, 26.348, 11.26, 26.788, 15.391, 0.0, 15.005, 16.895, 21.737, 10.935, 14.3, 13.668, 5.391, 20.374, 21.967, 11.372, 13.269, 13.037], [13.83, 15.024, 24.484, 17.71, 21.974, 34.322, 3.809, 14.93, 0.0, 17.501, 30.772, 19.824, 5.012, 8.909, 7.548, 19.777, 17.852, 17.675, 17.162, 16.033], [15.676, 26.643, 13.402, 29.367, 21.908, 23.015, 15.328, 10.764, 18.713, 0.0, 20.324, 10.6, 9.285, 18.971, 7.379, 9.713, 11.108, 7.104, 23.136, 22.52], [24.774, 45.149, 7.412, 47.16, 24.213, 7.178, 34.301, 17.81, 35.744, 18.8, 0.0, 10.773, 29.384, 34.791, 23.325, 20.822, 26.431, 13.154, 33.07, 33.3], [11.239, 28.521, 11.483, 30.614, 16.002, 21.246, 17.751, 4.631, 19.242, 11.145, 16.961, 0.0, 13.821, 18.575, 6.698, 14.701, 17.406, 5.04, 19.646, 19.371], [18.538, 11.217, 29.199, 14.515, 26.66, 38.936, 2.454, 20.23, 7.912, 20.993, 35.739, 24.932, 0.0, 10.306, 12.839, 22.646, 19.442, 22.492, 20.209, 18.931], [15.265, 9.486, 33.921, 9.469, 21.787, 43.708, 9.977, 20.946, 4.318, 28.989, 39.077, 28.03, 16.789, 0.0, 16.118, 31.554, 29.772, 27.201, 11.597, 10.271], [12.233, 24.45, 15.001, 26.901, 18.891, 24.858, 13.301, 8.258, 15.865, 10.055, 21.343, 10.616, 8.714, 15.825, 0.0, 13.281, 14.271, 8.18, 19.569, 18.957], [22.833, 34.939, 8.871, 37.837, 27.415, 16.473, 23.66, 16.218, 27.378, 3.122, 16.015, 11.195, 16.862, 27.641, 15.736, 0.0, 10.234, 7.604, 30.974, 30.526], [29.75, 30.705, 23.244, 34.308, 36.667, 30.084, 21.398, 25.67, 26.976, 12.064, 30.393, 23.994, 14.634, 28.544, 20.705, 9.842, 0.0, 19.935, 35.891, 34.964], [16.904, 29.079, 11.141, 31.789, 22.467, 20.643, 17.765, 11.106, 21.06, 4.862, 18.209, 9.199, 11.61, 21.21, 9.286, 8.348, 11.024, 0.0, 24.753, 24.23], [4.599, 21.429, 26.336, 21.645, 9.593, 35.414, 15.922, 12.005, 12.162, 25.586, 29.879, 19.728, 18.821, 9.644, 12.027, 28.928, 29.515, 20.555, 0.0, 4.001], [8.318, 26.149, 28.883, 25.753, 6.996, 37.155, 21.732, 14.975, 17.556, 30.05, 31.143, 22.236, 24.59, 14.911, 17.186, 33.519, 34.701, 23.967, 5.172, 0.0]]
big_M = 1000.0
planning_horizon = 24.0
penalty_weight = 100000.0
