# MTRSP-VS train | n20_m5_a40 seed=35
# n=20 m=5 T_max=24.0

num_tasks = 20
num_tugboats = 5
num_speed_levels = 3
task_max_tugs = [1, 1, 1, 1, 1, 1, 1, 2, 1, 1, 1, 1, 1, 1, 1, 1, 1, 1, 1, 1]
task_min_horsepower = [1580.0, 1196.3, 1170.8, 1702.4, 2374.6, 1007.3, 2303.4, 4241.2, 1744.5, 1324.2, 1486.3, 1610.0, 2997.8, 1928.3, 1358.6, 2379.4, 2597.2, 1196.4, 2043.9, 2352.5]
task_time_window_lower = [13.882, 3.048, 5.266, 11.465, 7.947, 2.8, 8.952, 16.981, 0.028, 7.029, 11.616, 16.799, 7.501, 1.018, 20.542, 8.386, 8.976, 16.547, 7.969, 0.24]
task_time_window_upper = [19.733, 6.021, 8.863, 14.383, 11.957, 7.837, 12.717, 21.424, 4.389, 11.408, 15.296, 19.682, 10.981, 5.2, 23.836, 10.868, 14.055, 21.018, 13.339, 3.631]
task_service_distance = [6.737, 5.834, 4.07, 6.752, 6.608, 3.258, 3.821, 3.804, 3.824, 4.945, 5.517, 6.353, 4.689, 5.915, 3.09, 3.36, 3.054, 6.763, 3.268, 5.699]
tugboat_horsepower = [4101.7, 3129.5, 4115.1, 1930.3, 1985.2]
tugboat_fuel_capacity = [7171.0, 6179.0, 6699.2, 6574.4, 7520.1]
tugboat_alpha = [0.164, 0.1486, 0.1534, 0.1579, 0.1733]
tugboat_beta = [0.064, 0.0802, 0.0529, 0.0548, 0.0811]
speed_level_names = ['slow', 'medium', 'fast']
speed_values = [6.0, 10.0, 15.0]
speed_power_coefficients = [0.216, 1.0, 3.375]
depot_to_task_distance = [10.209, 20.498, 19.967, 9.339, 26.716, 20.241, 15.401, 21.675, 16.479, 4.207, 19.033, 20.406, 16.817, 12.027, 16.969, 24.203, 16.36, 18.772, 4.775, 4.834]
task_to_depot_distance = [8.106, 15.446, 21.281, 9.501, 20.112, 21.303, 12.536, 22.77, 20.009, 0.967, 13.741, 14.763, 20.134, 9.192, 13.959, 24.154, 13.755, 13.293, 5.267, 10.4]
task_to_task_distance = [[0.0, 20.259, 12.774, 2.769, 27.213, 25.477, 22.998, 22.89, 10.454, 11.297, 13.929, 12.313, 24.562, 14.604, 9.087, 26.089, 9.307, 19.562, 12.638, 5.518], [10.963, 0.0, 19.357, 19.725, 42.045, 11.842, 26.56, 37.077, 27.328, 18.986, 13.761, 24.222, 19.19, 27.465, 20.096, 9.16, 25.707, 34.079, 18.108, 12.483], [11.31, 15.896, 0.0, 16.649, 41.033, 29.303, 36.615, 37.262, 20.319, 25.327, 3.734, 10.717, 34.145, 29.611, 8.545, 23.578, 17.568, 33.904, 26.007, 16.531], [2.763, 16.333, 10.514, 0.0, 31.327, 23.29, 24.902, 26.94, 13.835, 13.453, 10.166, 12.248, 24.356, 18.35, 8.243, 22.553, 12.101, 23.629, 14.273, 5.032], [27.456, 40.129, 32.206, 18.909, 0.0, 39.205, 20.582, 1.838, 16.935, 17.39, 34.907, 28.138, 31.264, 8.216, 27.482, 44.315, 19.569, 1.525, 19.135, 23.344], [20.627, 13.132, 29.692, 28.212, 47.417, 0.0, 26.658, 42.22, 36.049, 23.464, 23.989, 34.364, 15.371, 32.643, 30.2, 8.101, 34.844, 39.65, 21.805, 20.325], [22.718, 31.039, 32.27, 19.713, 23.057, 24.477, 0.0, 18.038, 24.292, 8.515, 31.539, 31.658, 14.383, 11.076, 28.779, 32.533, 25.446, 16.796, 7.941, 17.35], [29.231, 42.293, 32.834, 20.203, 4.747, 42.317, 24.241, 0.0, 16.763, 20.43, 36.144, 28.16, 34.767, 11.299, 28.047, 46.884, 19.554, 4.328, 22.288, 25.55], [20.358, 33.769, 19.243, 11.648, 20.238, 39.512, 30.567, 18.351, 0.0, 20.756, 24.254, 13.354, 36.505, 16.355, 14.684, 40.161, 5.855, 15.582, 22.828, 19.553], [9.655, 19.575, 19.698, 9.718, 27.683, 19.393, 15.776, 22.641, 17.057, 0.0, 18.471, 20.454, 16.434, 12.991, 16.898, 23.236, 16.799, 19.738, 5.173, 4.312], [3.744, 13.727, 7.373, 10.792, 35.635, 23.816, 29.031, 31.393, 16.747, 17.846, 0.0, 11.538, 27.016, 22.975, 7.439, 20.806, 14.479, 28.058, 18.437, 8.954], [7.656, 19.486, 5.906, 7.933, 32.06, 28.81, 29.971, 28.317, 11.705, 18.283, 9.303, 0.0, 30.284, 21.036, 2.298, 26.563, 9.146, 24.963, 19.472, 10.816], [25.181, 23.865, 35.94, 29.261, 41.913, 9.381, 17.287, 36.762, 36.614, 19.899, 31.716, 38.801, 0.0, 28.19, 34.771, 20.638, 36.366, 34.956, 17.775, 22.056], [15.245, 28.102, 21.053, 7.225, 18.567, 29.417, 18.288, 13.989, 9.795, 8.567, 22.919, 18.466, 24.478, 0.0, 16.628, 32.839, 11.147, 10.714, 10.695, 11.363], [7.92, 20.401, 7.301, 6.569, 30.584, 29.0, 29.002, 26.849, 10.346, 17.301, 10.675, 6.594, 29.866, 19.663, 0.0, 27.31, 7.876, 23.496, 18.598, 10.336], [18.427, 5.167, 23.908, 27.743, 50.719, 14.092, 34.347, 45.774, 35.003, 27.642, 17.386, 29.885, 25.035, 36.172, 26.07, 0.0, 33.06, 42.753, 26.651, 20.997], [11.786, 25.143, 12.196, 4.419, 25.386, 31.759, 27.352, 21.943, 4.995, 15.992, 16.115, 8.458, 30.538, 15.828, 7.413, 31.613, 0.0, 18.631, 17.741, 11.838], [19.342, 32.364, 24.06, 10.621, 14.406, 33.391, 19.621, 10.118, 10.028, 11.876, 26.621, 20.496, 27.539, 4.98, 19.4, 37.126, 12.238, 0.0, 13.967, 15.652], [13.878, 21.041, 24.427, 14.604, 28.915, 16.822, 11.832, 23.703, 21.572, 5.106, 22.46, 25.489, 11.598, 14.221, 21.877, 23.056, 21.596, 21.25, 0.0, 8.918], [1.72, 15.098, 9.904, 8.095, 32.71, 22.801, 25.761, 28.318, 14.987, 14.46, 8.913, 12.407, 24.572, 19.68, 8.277, 21.499, 13.113, 25.009, 15.138, 0.0]]
big_M = 1000.0
planning_horizon = 24.0
penalty_weight = 100000.0
