# MTRSP-VS train | n20_m5_a40 seed=17
# n=20 m=5 T_max=24.0

num_tasks = 20
num_tugboats = 5
num_speed_levels = 3
task_max_tugs = [1, 1, 1, 1, 2, 1, 1, 1, 1, 1, 1, 2, 1, 1, 3, 1, 1, 1, 1, 1]
task_min_horsepower = [2463.3, 2180.3, 1391.3, 1301.6, 3031.0, 2074.0, 2840.4, 1098.9, 1185.6, 2677.9, 1807.4, 2712.9, 1483.4, 1530.5, 4885.7, 1973.6, 1973.0, 2031.3, 2934.8, 1458.1]
task_time_window_lower = [3.913, 0.583, 10.802, 18.145, 11.968, 10.162, 7.193, 13.592, 7.39, 10.183, 3.824, 13.866, 8.511, 10.195, 9.43, 5.783, 14.914, 15.138, 5.652, 13.937]
task_time_window_upper = [7.186, 4.039, 15.78, 21.836, 15.283, 15.881, 11.645, 19.584, 10.603, 14.549, 7.917, 18.169, 13.571, 13.977, 13.575, 7.831, 20.865, 19.007, 8.497, 18.007]
task_service_distance = [7.802, 6.307, 6.732, 7.232, 3.311, 6.528, 4.235, 3.409, 3.708, 3.089, 4.773, 7.339, 3.968, 3.964, 3.647, 4.184, 3.049, 4.363, 3.375, 2.423]
tugboat_horsepower = [3642.9, 3151.0, 4671.3, 1596.5, 4975.8]
tugboat_fuel_capacity = [7734.7, 6059.9, 6800.0, 6245.5, 7912.1]
tugboat_alpha = [0.1695, 0.1424, 0.179, 0.1505, 0.1543]
tugboat_beta = [0.0876, 0.0733, 0.09, 0.0667, 0.0865]
speed_level_names = ['slow', 'medium', 'fast']
speed_values = [6.0, 10.0, 15.0]
speed_power_coefficients = [0.216, 1.0, 3.375]
depot_to_task_distance = [12.299, 13.418, 19.481, 7.303, 20.323, 20.503, 21.589, 9.437, 19.88, 20.96, 20.573, 12.063, 18.436, 14.765, 3.084, 18.168, 9.622, 6.22, 11.907, 25.232]
task_to_depot_distance = [19.857, 19.721, 19.139, 11.923, 17.089, 18.605, 25.265, 12.453, 16.429, 21.674, 16.003, 18.841, 20.043, 15.401, 0.953, 22.257, 12.559, 10.089, 14.8, 24.484]
task_to_task_distance = [[0.0, 16.51, 30.3, 27.155, 2.895, 37.413, 36.856, 28.242, 0.025, 13.912, 19.501, 9.701, 3.653, 11.766, 17.989, 32.349, 29.226, 21.735, 29.273, 42.727], [14.621, 0.0, 38.315, 24.867, 20.922, 26.162, 23.947, 22.182, 18.223, 5.477, 33.5, 20.543, 14.567, 24.823, 16.655, 19.473, 24.621, 25.458, 20.793, 31.38], [22.35, 30.282, 0.0, 21.277, 23.364, 37.635, 39.671, 26.43, 25.274, 34.815, 8.057, 16.591, 26.756, 13.488, 21.245, 36.887, 24.825, 13.386, 29.807, 41.321], [22.813, 18.306, 26.295, 0.0, 31.588, 9.17, 11.487, 2.491, 30.635, 27.141, 31.754, 23.882, 28.414, 26.673, 12.76, 10.104, 3.793, 15.453, 3.13, 13.407], [5.818, 15.908, 26.964, 24.336, 0.0, 35.551, 35.311, 25.853, 3.391, 15.203, 16.711, 6.351, 5.139, 8.576, 15.53, 30.913, 26.617, 18.511, 27.195, 40.786], [29.703, 24.553, 30.204, 12.646, 38.476, 0.0, 10.414, 9.325, 37.524, 33.319, 37.666, 30.649, 35.253, 33.235, 19.643, 11.927, 9.262, 21.225, 8.719, 8.0], [33.662, 25.392, 40.394, 21.531, 42.712, 5.2, 0.0, 16.422, 41.084, 33.089, 45.718, 36.372, 38.107, 39.781, 25.0, 8.846, 18.018, 29.658, 13.372, 5.188], [22.565, 17.169, 27.968, 8.8, 31.485, 8.083, 9.867, 0.0, 30.355, 25.972, 32.716, 24.147, 27.941, 27.189, 12.802, 8.111, 5.589, 16.626, 1.357, 12.835], [4.187, 13.175, 28.564, 23.729, 5.563, 33.729, 33.216, 24.607, 0.0, 12.164, 19.377, 7.66, 2.664, 10.887, 14.404, 28.73, 25.67, 18.877, 25.588, 39.039], [11.665, 10.856, 37.666, 28.277, 14.355, 33.307, 31.603, 27.089, 11.456, 0.0, 29.7, 17.372, 8.149, 21.103, 18.754, 27.005, 29.04, 26.168, 26.658, 38.665], [14.592, 23.969, 14.631, 20.996, 14.499, 36.39, 37.59, 25.07, 16.467, 27.035, 0.0, 8.567, 18.21, 4.761, 16.935, 34.037, 24.366, 12.5, 27.873, 40.866], [8.078, 18.217, 27.089, 26.002, 1.735, 37.701, 37.54, 27.807, 3.795, 17.098, 15.748, 0.0, 6.77, 8.362, 17.499, 33.167, 28.436, 19.674, 29.284, 42.904], [8.037, 16.82, 30.281, 27.337, 2.626, 37.683, 37.142, 28.471, 0.312, 14.211, 19.357, 9.752, 0.0, 11.703, 18.207, 32.639, 29.434, 21.841, 29.527, 42.992], [13.722, 23.122, 15.133, 20.599, 13.827, 35.839, 36.973, 24.551, 15.723, 26.169, 5.569, 7.698, 17.394, 0.0, 16.228, 33.371, 23.928, 12.171, 27.294, 40.369], [13.206, 13.817, 19.518, 6.382, 21.274, 19.705, 20.901, 8.557, 20.815, 21.569, 21.245, 13.003, 19.326, 15.638, 0.0, 17.596, 8.671, 6.332, 11.147, 24.378], [29.173, 20.228, 39.259, 20.087, 38.148, 6.519, 2.564, 14.606, 36.329, 27.594, 42.812, 32.489, 33.192, 36.189, 21.396, 0.0, 16.879, 27.415, 11.053, 10.073], [24.522, 21.636, 23.36, 5.767, 32.866, 11.955, 15.021, 5.09, 32.277, 30.413, 30.667, 24.532, 30.455, 26.713, 14.318, 14.329, 0.0, 14.261, 7.492, 14.959], [19.508, 23.406, 9.919, 9.476, 25.008, 25.795, 28.109, 14.877, 25.672, 30.327, 17.142, 16.033, 25.478, 16.013, 13.068, 25.806, 12.961, 0.0, 18.419, 29.313], [23.277, 16.167, 31.613, 12.473, 32.33, 6.565, 6.789, 6.977, 30.878, 24.687, 35.362, 25.751, 28.119, 29.173, 14.376, 4.188, 9.467, 19.73, 0.0, 11.933], [34.88, 28.383, 36.444, 18.944, 43.831, 6.102, 9.341, 15.048, 42.639, 36.833, 43.96, 36.406, 40.087, 39.228, 25.135, 13.005, 15.481, 27.52, 13.349, 0.0]]
big_M = 1000.0
planning_horizon = 24.0
penalty_weight = 100000.0
