# MTRSP-VS train | n20_m5_a40 seed=14
# n=20 m=5 T_max=24.0

num_tasks = 20
num_tugboats = 5
num_speed_levels = 3
task_max_tugs = [1, 1, 1, 2, 1, 1, 1, 2, 3, 1, 1, 1, 1, 1, 1, 1, 1, 1, 1, 1]
task_min_horsepower = [1377.4, 1938.5, 1775.8, 3281.1, 2172.1, 2872.3, 1503.1, 2865.5, 4690.1, 1529.1, 2207.9, 1582.7, 1737.5, 2191.7, 2514.5, 2682.8, 1768.2, 2091.9, 1628.9, 2225.5]
task_time_window_lower = [19.616, 6.831, 2.163, 14.674, 5.546, 11.008, 16.077, 7.731, 2.616, 3.092, 2.799, 4.291, 12.745, 19.209, 10.796, 8.868, 9.837, 15.782, 14.794, 9.907]
task_time_window_upper = [22.606, 10.707, 5.214, 17.476, 8.109, 14.798, 19.599, 10.758, 6.316, 5.982, 7.701, 8.964, 17.332, 22.623, 15.423, 11.054, 12.901, 21.515, 17.042, 15.644]
task_service_distance = [6.26, 6.67, 4.983, 7.507, 6.158, 3.825, 3.416, 7.952, 6.434, 3.906, 3.969, 5.502, 4.403, 5.629, 5.674, 5.977, 7.327, 3.881, 3.667, 7.696]
tugboat_horsepower = [4533.7, 1838.6, 2992.2, 4931.9, 4560.6]
tugboat_fuel_capacity = [6089.7, 7968.1, 7772.6, 6299.7, 7767.4]
tugboat_alpha = [0.1587, 0.1746, 0.1687, 0.1408, 0.1433]
tugboat_beta = [0.0609, 0.0613, 0.0737, 0.0703, 0.0719]
speed_level_names = ['slow', 'medium', 'fast']
speed_values = [6.0, 10.0, 15.0]
speed_power_coefficients = [0.216, 1.0, 3.375]
depot_to_task_distance = [17.692, 13.389, 10.789, 18.855, 15.492, 6.874, 16.427, 19.504, 15.512, 6.427, 15.002, 16.413, 20.773, 18.193, 7.456, 2.59, 10.599, 22.457, 20.909, 6.702]
task_to_depot_distance = [11.481, 19.989, 7.442, 20.65, 18.151, 3.446, 14.481, 11.783, 21.166, 10.151, 11.328, 16.709, 23.15, 18.895, 10.941, 4.421, 14.49, 26.311, 23.212, 12.438]
task_to_task_distance = [[0.0, 15.599, 2.551, 17.713, 6.367, 11.978, 13.372, 30.588, 16.863, 13.472, 25.443, 6.27, 31.72, 28.856, 9.259, 12.482, 18.617, 21.414, 9.634, 4.864], [23.653, 0.0, 23.258, 4.961, 27.722, 26.474, 9.141, 33.918, 34.759, 26.389, 32.013, 27.337, 25.531, 22.398, 25.749, 17.703, 12.713, 4.688, 24.429, 19.334], [10.373, 12.414, 0.0, 15.842, 10.043, 9.959, 12.062, 26.895, 16.825, 10.974, 22.098, 10.379, 27.32, 24.441, 7.968, 8.123, 14.328, 19.655, 13.492, 0.975], [13.991, 11.737, 17.464, 0.0, 20.266, 24.985, 5.066, 39.122, 31.538, 25.807, 35.443, 19.238, 34.565, 31.306, 22.984, 19.561, 19.691, 9.418, 13.442, 16.019], [13.314, 27.105, 9.965, 29.712, 0.0, 13.274, 25.362, 32.707, 10.498, 15.158, 26.724, 7.449, 38.413, 36.119, 11.021, 20.38, 28.132, 33.415, 16.016, 14.371], [16.248, 15.982, 8.661, 20.944, 12.844, 0.0, 17.936, 20.615, 12.3, 4.185, 15.427, 13.982, 23.675, 21.267, 4.021, 5.977, 14.018, 24.674, 19.658, 5.976], [11.458, 8.198, 12.305, 7.913, 16.064, 18.906, 0.0, 33.24, 25.852, 19.654, 29.352, 15.434, 29.9, 26.682, 17.066, 13.528, 14.996, 11.49, 12.531, 10.021], [28.904, 22.725, 21.288, 28.879, 25.002, 12.213, 27.42, 0.0, 17.438, 10.278, 3.536, 26.339, 15.586, 14.738, 15.021, 12.467, 16.029, 32.033, 32.284, 18.219], [27.243, 34.181, 20.71, 38.817, 20.023, 14.402, 35.274, 24.954, 0.0, 14.825, 19.381, 21.695, 35.644, 34.5, 15.345, 23.703, 31.323, 42.612, 30.456, 22.352], [22.532, 23.538, 14.68, 28.862, 17.025, 4.845, 26.003, 16.78, 7.778, 0.0, 10.768, 18.597, 24.679, 23.155, 7.582, 12.488, 19.705, 32.531, 26.043, 13.75], [27.671, 23.37, 19.898, 29.388, 23.263, 10.348, 27.536, 9.684, 14.882, 8.454, 0.0, 24.682, 18.199, 17.234, 13.266, 12.539, 17.311, 32.711, 31.115, 17.33], [11.368, 25.105, 7.927, 27.608, 4.09, 12.443, 23.246, 32.245, 11.177, 14.371, 26.334, 0.0, 37.225, 34.825, 9.908, 18.823, 26.437, 31.303, 14.226, 12.479], [40.486, 26.867, 33.939, 32.647, 38.521, 26.803, 33.411, 11.973, 33.109, 24.961, 16.331, 39.538, 0.0, 7.45, 29.159, 22.011, 18.785, 34.43, 43.427, 29.595], [36.333, 23.605, 29.679, 29.6, 34.23, 22.526, 29.959, 9.756, 29.024, 20.697, 12.91, 35.262, 4.375, 0.0, 24.86, 17.858, 15.432, 31.71, 39.332, 25.398], [9.535, 18.987, 2.313, 22.001, 4.619, 8.636, 17.855, 28.421, 12.08, 10.452, 22.842, 5.833, 31.704, 29.126, 0.0, 12.813, 20.225, 25.777, 13.027, 6.218], [21.343, 17.165, 13.858, 22.938, 17.955, 6.164, 20.766, 15.505, 14.067, 4.579, 10.654, 19.153, 19.184, 17.114, 8.338, 0.0, 12.585, 26.426, 24.699, 10.62], [30.332, 15.341, 24.764, 21.157, 29.735, 20.195, 21.927, 16.342, 28.231, 18.769, 16.627, 30.441, 7.621, 4.401, 21.718, 12.519, 0.0, 23.139, 32.973, 19.979], [25.56, 13.088, 27.303, 7.665, 31.066, 32.342, 11.668, 41.301, 40.182, 32.543, 39.19, 30.31, 32.732, 29.66, 31.147, 24.263, 20.078, 0.0, 25.304, 24.251], [5.638, 24.126, 12.898, 23.337, 10.423, 22.663, 18.949, 42.129, 24.501, 24.426, 36.75, 8.729, 43.199, 40.228, 19.707, 24.097, 29.308, 26.185, 0.0, 16.562], [9.273, 20.355, 3.274, 23.135, 3.315, 9.626, 18.894, 29.561, 11.921, 11.507, 23.89, 4.756, 33.182, 30.629, 6.696, 14.347, 21.763, 26.885, 12.682, 0.0]]
big_M = 1000.0
planning_horizon = 24.0
penalty_weight = 100000.0
