# MTRSP-VS train | n20_m5_a40 seed=20
# n=20 m=5 T_max=24.0

num_tasks = 20
num_tugboats = 5
num_speed_levels = 3
task_max_tugs = [1, 1, 2, 1, 2, 1, 2, 2, 1, 3, 1, 1, 1, 3, 1, 1, 1, 1, 1, 1]
task_min_horsepower = [1171.8, 1602.0, 2567.9, 2013.3, 2559.5, 2054.6, 3280.2, 3187.6, 1436.0, 4679.2, 2110.0, 2295.9, 1006.5, 5902.6, 2694.2, 1593.0, 1596.4, 1197.4, 2757.0, 2939.9]
task_time_window_lower = [17.087, 2.002, 4.16, 12.846, 18.344, 19.152, 3.425, 17.617, 21.202, 16.37, 7.93, 11.409, 5.818, 14.28, 6.947, 7.377, 16.8, 1.678, 5.909, 5.537]
task_time_window_upper = [20.671, 5.852, 8.471, 18.518, 22.461, 23.34, 8.285, 20.793, 23.601, 18.535, 12.403, 15.814, 9.257, 16.48, 12.469, 12.809, 19.818, 7.383, 11.394, 10.635]
task_service_distance = [5.394, 7.525, 5.058, 4.788, 7.543, 7.028, 3.175, 4.417, 3.117, 4.188, 3.684, 3.765, 3.823, 7.98, 6.038, 5.412, 6.257, 5.652, 2.392, 6.736]
tugboat_horsepower = [2678.3, 1972.1, 1683.3, 2223.0, 4965.8]
tugboat_fuel_capacity = [6954.1, 7083.7, 6591.8, 7456.7, 6279.5]
tugboat_alpha = [0.1545, 0.1612, 0.1408, 0.1573, 0.158]
tugboat_beta = [0.0869, 0.0892, 0.0776, 0.0836, 0.0863]
speed_level_names = ['slow', 'medium', 'fast']
speed_values = [6.0, 10.0, 15.0]
speed_power_coefficients = [0.216, 1.0, 3.375]
depot_to_task_distance = [17.854, 11.035, 13.543, 17.441, 13.764, 5.876, 16.996, 14.605, 20.376, 18.223, 9.854, 4.51, 3.488, 16.391, 16.555, 19.869, 25.159, 20.301, 19.041, 18.328]
task_to_depot_distance = [20.321, 4.383, 15.61, 20.571, 15.54, 11.325, 14.874, 14.468, 23.229, 21.491, 11.477, 5.225, 7.143, 8.415, 20.188, 20.204, 19.153, 15.766, 21.427, 13.392]
task_to_task_distance = [[0.0, 29.664, 23.974, 37.47, 33.485, 22.955, 36.747, 32.65, 38.428, 15.845, 18.319, 16.995, 18.849, 6.777, 32.337, 27.707, 23.968, 18.09, 37.952, 33.735], [21.909, 0.0, 15.118, 13.582, 10.33, 5.304, 12.698, 11.123, 17.798, 21.852, 12.935, 8.636, 7.14, 20.372, 15.467, 19.778, 28.062, 22.615, 15.011, 17.24], [22.444, 25.774, 0.0, 24.631, 20.551, 21.485, 29.631, 29.362, 21.519, 6.763, 5.869, 11.996, 12.177, 22.012, 14.31, 34.755, 9.847, 31.546, 32.712, 15.08], [38.245, 14.591, 24.413, 0.0, 8.716, 19.764, 8.398, 14.678, 12.35, 34.956, 25.987, 24.142, 22.329, 36.687, 17.354, 30.097, 38.46, 37.11, 11.709, 18.122], [32.808, 8.619, 22.206, 6.399, 0.0, 13.946, 3.967, 9.135, 14.592, 31.629, 22.471, 19.547, 17.839, 31.206, 17.231, 24.303, 36.301, 31.136, 7.884, 18.491], [26.226, 0.319, 22.669, 14.014, 12.896, 0.0, 7.27, 3.357, 21.048, 29.458, 20.672, 15.835, 14.626, 24.544, 21.131, 16.048, 35.828, 22.92, 7.998, 22.767], [30.459, 4.561, 24.727, 12.069, 12.277, 11.212, 0.0, 3.488, 20.008, 32.622, 23.597, 19.338, 17.931, 28.782, 21.552, 18.942, 38.411, 26.877, 4.214, 23.02], [30.472, 4.754, 23.884, 11.021, 11.201, 11.199, 2.823, 0.0, 18.928, 32.018, 22.947, 18.886, 17.418, 28.807, 20.514, 19.746, 37.648, 27.343, 4.898, 21.969], [39.945, 24.182, 17.967, 11.163, 11.285, 26.033, 21.355, 26.099, 0.0, 29.545, 22.608, 24.438, 22.746, 38.756, 8.629, 39.778, 29.734, 43.326, 25.228, 7.757], [18.468, 32.525, 15.797, 34.6, 30.4, 26.743, 37.883, 36.093, 32.308, 0.0, 13.07, 16.987, 18.251, 18.895, 25.148, 37.14, 9.587, 30.444, 40.385, 25.95], [22.297, 20.989, 2.407, 19.785, 15.641, 17.275, 24.577, 24.541, 17.592, 10.798, 0.0, 8.813, 8.333, 21.501, 10.74, 31.218, 14.846, 29.549, 27.706, 11.945], [19.224, 15.273, 8.35, 17.58, 13.424, 11.038, 19.944, 18.882, 18.226, 14.234, 5.176, 0.0, 2.395, 18.061, 12.953, 25.03, 20.337, 24.314, 22.636, 14.623], [15.819, 18.136, 9.306, 21.739, 17.584, 12.76, 23.564, 21.726, 22.054, 11.081, 3.635, 2.798, 0.0, 14.855, 16.199, 25.408, 18.352, 22.712, 25.961, 17.731], [9.446, 17.233, 17.576, 25.854, 22.153, 10.538, 24.297, 20.328, 28.342, 16.429, 11.832, 6.833, 8.331, 0.0, 23.517, 18.891, 24.913, 14.464, 25.541, 25.192], [36.905, 21.669, 15.388, 9.579, 8.777, 23.141, 19.546, 23.822, 1.491, 27.009, 19.741, 21.391, 19.692, 35.707, 0.0, 37.07, 27.836, 40.327, 23.461, 5.631], [18.333, 19.177, 33.225, 33.054, 30.94, 15.97, 25.994, 19.567, 38.886, 33.266, 28.124, 22.133, 22.693, 17.031, 36.491, 0.0, 41.833, 6.609, 24.597, 38.279], [21.891, 29.831, 10.0, 29.57, 25.467, 24.92, 34.201, 33.443, 26.361, 3.323, 9.417, 14.992, 15.669, 21.837, 19.116, 37.229, 0.0, 32.493, 37.123, 19.744], [8.272, 20.503, 26.56, 32.241, 29.079, 14.554, 28.062, 22.538, 36.124, 24.146, 20.799, 15.633, 16.872, 6.897, 32.018, 14.178, 32.889, 0.0, 28.076, 33.747], [36.226, 10.636, 31.027, 15.485, 17.178, 17.289, 5.77, 7.614, 23.893, 39.221, 30.176, 25.912, 24.529, 34.527, 26.849, 21.193, 44.869, 30.993, 0.0, 28.131], [27.037, 20.639, 3.966, 16.036, 12.2, 18.551, 22.613, 23.944, 12.57, 15.559, 8.703, 12.322, 11.158, 26.098, 5.535, 33.09, 17.681, 33.076, 26.14, 0.0]]
big_M = 1000.0
planning_horizon = 24.0
penalty_weight = 100000.0
