# MTRSP-VS train | n20_m5_a40 seed=2
# n=20 m=5 T_max=24.0

num_tasks = 20
num_tugboats = 5
num_speed_levels = 3
task_max_tugs = [1, 1, 1, 1, 1, 1, 2, 1, 1, 1, 2, 3, 2, 2, 2, 1, 3, 1, 1, 2]
task_min_horsepower = [1150.8, 2451.9, 1382.8, 1117.5, 1546.2, 2751.0, 3805.9, 1489.7, 2761.2, 2433.9, 3405.9, 6018.3, 4886.4, 4323.6, 3139.2, 1314.2, 6074.5, 1086.3, 1302.8, 3360.5]
task_time_window_lower = [14.507, 7.266, 9.815, 14.012, 13.898, 13.084, 4.535, 6.123, 9.669, 2.36, 7.726, 2.868, 4.705, 8.217, 12.235, 1.217, 3.524, 13.728, 19.637, 18.163]
task_time_window_upper = [18.968, 9.719, 11.938, 19.076, 19.506, 18.534, 8.426, 10.766, 12.077, 7.859, 12.065, 6.927, 10.544, 12.641, 14.307, 3.78, 5.658, 16.112, 23.67, 23.9]
task_service_distance = [2.424, 6.349, 5.906, 6.615, 5.224, 5.048, 5.629, 4.626, 2.647, 5.637, 4.769, 6.613, 5.45, 4.77, 4.894, 4.109, 7.54, 7.787, 6.257, 5.559]
tugboat_horsepower = [3684.6, 2377.7, 3569.3, 3056.4, 2313.7]
tugboat_fuel_capacity = [6557.5, 7501.4, 6302.2, 6769.5, 6320.5]
tugboat_alpha = [0.1605, 0.1435, 0.1441, 0.1408, 0.17]
tugboat_beta = [0.0542, 0.051, 0.0768, 0.0682, 0.0714]
speed_level_names = ['slow', 'medium', 'fast']
speed_values = [6.0, 10.0, 15.0]
speed_power_coefficients = [0.216, 1.0, 3.375]
depot_to_task_distance = [25.566, 16.407, 6.017, 5.082, 18.062, 26.493, 16.39, 21.775, 19.952, 19.717, 15.649, 22.914, 1.964, 13.261, 16.064, 8.967, 15.561, 18.133, 0.73, 13.901]
task_to_depot_distance = [27.99, 18.989, 11.86, 5.895, 18.719, 24.449, 16.882, 17.273, 20.232, 21.606, 18.816, 26.252, 3.543, 10.673, 20.47, 7.753, 9.23, 20.832, 5.763, 14.134]
task_to_task_distance = [[0.0, 12.09, 21.974, 32.97, 17.929, 54.481, 25.106, 49.251, 19.594, 8.809, 12.403, 33.17, 28.311, 20.943, 21.519, 22.952, 35.063, 27.429, 27.375, 41.659], [7.532, 0.0, 13.074, 24.065, 15.217, 45.359, 15.954, 40.688, 11.678, 5.772, 3.832, 29.834, 19.014, 11.316, 17.605, 16.056, 28.9, 23.59, 18.316, 32.877], [13.851, 5.971, 0.0, 16.924, 12.899, 38.315, 13.844, 33.52, 12.828, 8.701, 3.869, 25.306, 12.047, 8.445, 13.754, 9.876, 22.59, 19.098, 11.206, 25.724], [26.62, 16.893, 8.755, 0.0, 15.454, 26.646, 21.919, 20.482, 24.661, 20.22, 17.396, 17.224, 7.831, 18.139, 12.494, 6.454, 9.802, 13.002, 6.351, 13.46], [10.99, 4.672, 13.412, 23.063, 0.0, 44.277, 23.828, 38.163, 21.371, 5.178, 8.28, 20.539, 19.774, 18.455, 8.629, 11.277, 22.382, 14.604, 18.307, 31.11], [49.848, 40.856, 30.391, 19.821, 41.143, 0.0, 33.395, 10.679, 39.664, 44.16, 39.865, 38.479, 23.959, 33.881, 38.098, 31.955, 27.992, 37.021, 25.001, 12.698], [28.597, 23.81, 17.034, 19.259, 30.393, 33.588, 0.0, 32.633, 12.223, 25.826, 20.638, 39.354, 14.998, 10.065, 30.1, 23.653, 32.405, 33.922, 16.422, 25.393], [42.234, 32.606, 23.048, 12.248, 30.828, 11.53, 31.335, 0.0, 36.369, 35.962, 32.588, 26.085, 17.796, 29.782, 27.364, 22.293, 15.669, 25.264, 17.986, 3.856], [15.329, 14.798, 15.772, 24.949, 23.56, 44.505, 8.968, 41.35, 0.0, 15.069, 11.242, 36.927, 19.341, 7.385, 25.141, 21.365, 33.719, 30.697, 19.505, 33.407], [9.895, 6.7, 16.238, 25.947, 6.721, 47.12, 25.908, 40.922, 22.856, 0.0, 10.08, 21.782, 22.641, 20.604, 10.529, 14.07, 24.659, 16.186, 21.189, 33.944], [7.513, 2.42, 12.916, 23.629, 9.647, 45.153, 20.582, 39.622, 17.319, 0.982, 0.0, 24.785, 19.448, 15.381, 12.602, 13.162, 25.439, 18.678, 18.269, 32.163], [37.933, 29.656, 27.425, 25.278, 21.789, 35.585, 41.808, 27.577, 43.258, 31.895, 32.25, 0.0, 28.18, 37.341, 18.469, 21.065, 11.204, 12.395, 26.69, 25.902], [24.306, 14.724, 5.614, 6.78, 14.976, 28.098, 18.778, 22.547, 21.41, 18.087, 14.737, 19.519, 0.0, 14.891, 12.682, 5.688, 12.964, 14.6, 3.709, 15.035], [16.643, 9.871, 5.825, 15.659, 16.623, 36.449, 10.076, 32.35, 10.381, 12.308, 7.114, 27.924, 10.216, 0.0, 17.007, 11.883, 23.828, 21.875, 9.947, 24.413], [22.344, 15.289, 17.972, 22.773, 6.454, 41.213, 31.88, 33.9, 31.221, 16.781, 18.558, 9.316, 22.254, 26.631, 0.0, 11.693, 15.011, 4.813, 20.468, 28.484], [18.516, 8.935, 3.075, 12.326, 10.968, 33.818, 17.284, 28.341, 18.098, 12.297, 9.126, 20.196, 8.847, 12.348, 10.055, 0.0, 16.511, 14.253, 7.334, 20.815], [26.249, 16.549, 10.542, 10.028, 13.266, 28.807, 24.619, 22.052, 26.673, 19.719, 17.782, 13.708, 11.193, 20.4, 9.854, 5.635, 0.0, 9.493, 9.572, 15.766], [33.254, 24.567, 21.858, 20.264, 17.266, 33.12, 36.247, 25.203, 37.725, 27.018, 26.974, 4.421, 22.777, 31.775, 13.652, 15.54, 6.594, 0.0, 21.239, 22.132], [31.099, 22.122, 11.624, 2.918, 23.536, 21.127, 18.249, 17.334, 23.199, 25.405, 21.124, 26.057, 5.235, 16.664, 21.168, 14.253, 16.997, 22.192, 0.0, 9.416], [37.961, 28.234, 19.38, 9.669, 25.745, 16.879, 29.688, 9.601, 33.989, 31.555, 28.611, 20.915, 15.163, 27.295, 22.187, 17.574, 10.434, 19.915, 14.862, 0.0]]
big_M = 1000.0
planning_horizon = 24.0
penalty_weight = 100000.0
