# MTRSP-VS train | n20_m5_a40 seed=30
# n=20 m=5 T_max=24.0

num_tasks = 20
num_tugboats = 5
num_speed_levels = 3
task_max_tugs = [1, 1, 2, 2, 1, 1, 2, 2, 1, 1, 2, 1, 1, 3, 1, 1, 1, 1, 1, 1]
task_min_horsepower = [2057.5, 2378.6, 3336.5, 3882.0, 1783.5, 2270.8, 3606.9, 4558.0, 2700.8, 2646.1, 4668.6, 1146.5, 2673.5, 5732.3, 1285.5, 2945.5, 2517.7, 2538.6, 2804.6, 1957.2]
task_time_window_lower = [2.039, 15.281, 3.495, 10.18, 4.33, 2.029, 3.419, 0.425, 10.904, 14.701, 9.886, 12.424, 4.889, 11.475, 9.502, 4.364, 2.781, 8.857, 14.995, 5.89]
task_time_window_upper = [5.829, 19.237, 7.792, 13.15, 6.753, 6.986, 5.876, 4.496, 15.65, 19.738, 14.781, 15.64, 7.488, 16.275, 12.053, 8.758, 7.378, 11.515, 18.146, 9.547]
task_service_distance = [3.15, 4.986, 0.582, 3.57, 7.861, 2.906, 5.828, 3.559, 6.827, 4.573, 4.505, 5.566, 2.428, 3.139, 6.476, 5.562, 4.849, 5.554, 6.987, 5.589]
tugboat_horsepower = [1920.9, 4365.0, 4204.0, 2451.9, 4420.4]
tugboat_fuel_capacity = [7112.5, 6937.8, 7792.8, 6477.1, 7121.8]
tugboat_alpha = [0.1651, 0.165, 0.1483, 0.14, 0.1446]
tugboat_beta = [0.0749, 0.0603, 0.0722, 0.0529, 0.0573]
speed_level_names = ['slow', 'medium', 'fast']
speed_values = [6.0, 10.0, 15.0]
speed_power_coefficients = [0.216, 1.0, 3.375]
depot_to_task_distance = [8.576, 15.127, 19.613, 19.954, 17.167, 17.352, 12.57, 16.753, 15.225, 19.679, 10.628, 13.828, 17.956, 17.824, 13.88, 15.084, 15.876, 10.721, 6.881, 9.294]
task_to_depot_distance = [11.025, 20.043, 20.091, 21.623, 10.223, 20.152, 6.796, 16.055, 21.441, 21.966, 12.33, 9.066, 20.006, 20.264, 20.134, 16.003, 18.059, 10.226, 10.221, 12.56]
task_to_task_distance = [[0.0, 11.446, 21.938, 11.753, 28.039, 6.483, 22.685, 27.445, 25.303, 16.574, 21.289, 20.861, 21.676, 20.608, 9.704, 25.332, 10.759, 18.621, 8.21, 9.986], [17.097, 0.0, 36.345, 5.666, 35.601, 16.569, 32.377, 35.712, 27.684, 3.892, 26.072, 19.521, 35.703, 34.871, 6.194, 34.714, 4.314, 30.49, 21.659, 24.082], [19.556, 32.548, 0.0, 33.885, 24.553, 24.132, 18.075, 22.864, 31.481, 37.724, 26.443, 33.45, 3.406, 2.375, 30.872, 19.586, 32.42, 12.39, 15.241, 12.614], [15.149, 10.832, 33.348, 0.0, 38.674, 10.0, 34.051, 38.363, 33.179, 12.964, 30.348, 26.175, 33.42, 32.195, 10.354, 36.637, 8.969, 30.53, 20.225, 21.889], [18.755, 22.825, 23.208, 29.024, 0.0, 27.571, 7.345, 8.21, 7.76, 26.194, 3.159, 12.861, 20.666, 21.438, 22.086, 8.42, 24.097, 11.411, 15.895, 17.368], [11.603, 17.431, 25.152, 13.089, 36.73, 0.0, 30.837, 35.939, 34.678, 21.574, 30.606, 29.864, 25.922, 24.386, 16.012, 33.492, 15.928, 25.802, 15.502, 15.848], [14.028, 21.821, 16.828, 26.712, 11.355, 22.812, 0.0, 10.548, 14.185, 26.157, 9.088, 16.749, 14.474, 15.018, 20.642, 8.425, 22.649, 5.416, 10.088, 11.019], [24.367, 29.02, 24.77, 35.236, 2.133, 33.231, 7.291, 0.0, 10.012, 32.236, 8.162, 17.711, 21.982, 23.181, 28.305, 6.132, 30.313, 13.473, 20.86, 21.787], [29.911, 29.96, 34.757, 37.183, 12.165, 38.397, 17.412, 13.922, 0.0, 31.598, 10.817, 14.981, 32.052, 33.069, 29.852, 16.656, 31.634, 23.037, 27.802, 29.484], [18.895, 6.884, 38.158, 6.355, 37.43, 17.806, 34.283, 37.569, 29.272, 0.0, 27.828, 20.95, 37.56, 36.702, 8.119, 36.608, 6.219, 32.414, 23.521, 25.912], [20.201, 19.361, 29.678, 26.514, 14.124, 28.257, 14.992, 15.078, 3.872, 21.45, 0.0, 5.692, 27.366, 27.856, 19.186, 15.965, 20.996, 18.222, 19.188, 21.416], [14.506, 11.608, 28.65, 18.731, 19.874, 21.525, 18.155, 20.291, 11.659, 14.226, 9.948, 0.0, 26.876, 26.848, 11.401, 20.024, 13.214, 18.789, 15.3, 17.992], [20.078, 32.919, 1.147, 34.549, 23.489, 25.066, 17.124, 21.776, 30.823, 38.066, 25.832, 33.149, 0.0, 2.273, 31.266, 18.513, 32.869, 11.678, 15.567, 13.045], [19.148, 32.25, 1.781, 33.301, 25.593, 23.293, 19.03, 23.927, 32.151, 37.448, 27.079, 33.788, 4.556, 0.0, 30.556, 20.642, 32.048, 13.171, 15.052, 12.344], [16.023, 5.958, 35.249, 2.942, 36.348, 14.31, 32.657, 36.325, 29.18, 6.615, 27.143, 21.363, 34.81, 33.858, 0.0, 35.09, 4.465, 30.247, 20.85, 23.095], [24.248, 29.174, 24.27, 35.314, 1.68, 33.111, 6.814, 2.983, 10.53, 32.465, 8.473, 18.109, 21.475, 22.693, 28.428, 0.0, 30.442, 13.044, 20.651, 21.51], [16.984, 3.799, 35.827, 9.188, 32.542, 18.539, 29.912, 32.808, 23.917, 1.62, 22.735, 15.528, 34.869, 34.235, 5.546, 32.105, 0.0, 28.755, 20.951, 23.588], [17.488, 25.074, 17.3, 30.176, 8.247, 26.22, 2.346, 7.208, 13.938, 29.228, 9.251, 18.292, 14.652, 15.589, 23.967, 4.908, 25.987, 0.0, 13.318, 13.855], [1.967, 12.304, 20.751, 12.973, 27.096, 7.133, 21.621, 26.453, 24.81, 17.481, 20.647, 20.777, 20.452, 19.401, 10.556, 24.274, 11.743, 17.436, 0.0, 8.752], [5.642, 18.404, 15.639, 18.281, 27.412, 8.61, 21.09, 26.406, 27.777, 23.572, 23.044, 25.34, 15.928, 14.568, 16.656, 23.699, 17.787, 15.624, 6.121, 0.0]]
big_M = 1000.0
planning_horizon = 24.0
penalty_weight = 100000.0
