# MTRSP-VS train | n20_m5_a40 seed=4
# n=20 m=5 T_max=24.0

num_tasks = 20
num_tugboats = 5
num_speed_levels = 3
task_max_tugs = [2, 1, 1, 1, 1, 1, 1, 1, 2, 1, 1, 1, 1, 2, 1, 2, 1, 2, 1, 1]
task_min_horsepower = [3222.5, 2550.5, 2886.6, 2635.9, 1382.8, 1272.9, 2923.6, 1018.8, 2923.9, 1725.4, 1194.2, 1847.9, 1118.7, 2921.7, 1299.3, 3726.7, 2995.3, 3823.1, 1818.6, 1955.5]
task_time_window_lower = [8.636, 9.205, 18.68, 9.311, 5.564, 4.376, 18.328, 1.099, 10.339, 7.269, 12.031, 14.028, 1.86, 18.487, 17.013, 13.568, 12.08, 9.896, 13.295, 19.311]
task_time_window_upper = [11.604, 11.352, 21.675, 14.636, 7.691, 7.345, 21.254, 3.666, 16.051, 13.231, 17.634, 19.192, 5.837, 21.33, 22.612, 16.914, 17.278, 15.155, 17.914, 22.384]
task_service_distance = [4.98, 7.59, 5.683, 4.072, 7.002, 6.659, 4.488, 5.368, 5.668, 7.063, 5.995, 7.063, 2.082, 7.986, 6.163, 4.603, 3.308, 4.187, 3.214, 4.484]
tugboat_horsepower = [4866.2, 1760.3, 4847.0, 3839.2, 4898.8]
tugboat_fuel_capacity = [7533.6, 6538.9, 7712.6, 7740.2, 7375.7]
tugboat_alpha = [0.1586, 0.1589, 0.1561, 0.1556, 0.1719]
tugboat_beta = [0.0584, 0.0563, 0.0744, 0.0603, 0.0658]
speed_level_names = ['slow', 'medium', 'fast']
speed_values = [6.0, 10.0, 15.0]
speed_power_coefficients = [0.216, 1.0, 3.375]
depot_to_task_distance = [19.064, 17.781, 15.369, 20.484, 17.988, 9.146, 22.459, 12.891, 22.714, 16.609, 3.458, 15.63, 18.838, 6.391, 12.394, 11.438, 22.722, 11.568, 13.002, 24.118]
task_to_depot_distance = [14.084, 18.668, 11.124, 19.922, 24.449, 3.541, 23.508, 11.112, 25.366, 20.247, 5.189, 8.96, 20.417, 1.966, 7.353, 12.995, 20.898, 11.908, 14.707, 25.943]
task_to_task_distance = [[0.0, 12.366, 18.375, 6.667, 31.85, 16.834, 23.452, 8.076, 36.438, 28.214, 11.601, 7.014, 19.76, 8.577, 4.272, 21.724, 24.297, 24.603, 11.347, 38.123], [6.467, 0.0, 25.58, 4.974, 36.6, 17.821, 30.652, 15.311, 41.363, 34.332, 17.138, 3.643, 16.51, 14.653, 11.509, 22.953, 31.516, 30.048, 9.733, 42.544], [22.714, 27.044, 0.0, 24.947, 18.126, 20.258, 12.329, 11.96, 21.569, 10.754, 9.552, 23.317, 29.748, 10.836, 14.61, 21.794, 12.307, 10.181, 22.888, 24.501], [2.013, 15.736, 21.047, 0.0, 37.405, 22.698, 24.66, 10.737, 41.879, 32.909, 17.157, 10.58, 24.219, 13.979, 8.205, 27.667, 25.658, 29.881, 16.278, 43.769], [43.454, 40.036, 30.366, 44.933, 0.0, 26.969, 35.364, 35.24, 4.576, 15.954, 26.998, 39.473, 36.445, 30.186, 36.167, 23.161, 34.796, 15.063, 35.083, 0.686], [17.182, 14.302, 17.874, 18.261, 20.829, 0.0, 24.861, 13.245, 25.632, 20.129, 5.054, 12.571, 15.524, 6.545, 11.701, 10.314, 25.241, 14.938, 9.474, 26.706], [23.281, 33.76, 9.048, 25.799, 32.276, 32.052, 0.0, 14.049, 34.983, 23.242, 20.46, 28.633, 39.472, 19.247, 17.796, 34.943, 5.558, 24.679, 31.222, 38.348], [16.415, 22.946, 5.926, 18.769, 23.818, 19.539, 12.281, 0.0, 27.684, 17.349, 7.949, 18.465, 27.446, 7.015, 8.478, 22.531, 12.842, 15.763, 19.571, 30.308], [44.399, 40.72, 31.521, 45.844, 8.111, 27.591, 36.533, 36.3, 0.0, 17.122, 27.975, 40.277, 36.91, 31.171, 37.17, 23.645, 35.965, 16.174, 35.784, 1.826], [33.099, 37.348, 12.318, 35.41, 16.871, 28.808, 14.211, 22.029, 17.965, 0.0, 19.667, 33.867, 39.02, 21.381, 25.061, 28.875, 13.366, 12.192, 32.933, 21.746], [15.911, 12.599, 18.731, 16.842, 22.529, 6.504, 25.612, 13.102, 27.339, 21.798, 0.0, 10.884, 14.347, 6.662, 11.086, 10.823, 26.054, 16.661, 7.825, 28.355], [10.678, 10.777, 18.119, 11.722, 26.945, 11.013, 24.385, 9.878, 31.673, 24.716, 7.493, 0.0, 15.813, 5.606, 6.82, 15.808, 25.027, 20.289, 7.486, 33.018], [22.096, 8.469, 34.185, 21.023, 34.147, 12.432, 40.804, 26.426, 38.834, 36.375, 21.69, 13.536, 0.0, 21.524, 22.99, 15.36, 41.365, 30.611, 9.133, 38.506], [20.949, 19.564, 15.336, 22.415, 16.027, 9.909, 22.421, 14.185, 20.748, 14.919, 4.829, 17.574, 20.042, 0.0, 14.056, 11.308, 22.589, 9.687, 14.71, 22.184], [11.742, 12.974, 16.014, 13.137, 25.273, 11.326, 22.43, 8.516, 29.942, 22.602, 5.387, 9.259, 17.444, 3.385, 0.0, 15.742, 23.031, 18.36, 9.377, 31.462], [24.101, 14.17, 28.31, 24.166, 23.569, 3.99, 35.37, 23.49, 28.181, 26.949, 15.626, 16.393, 8.684, 17.027, 21.163, 0.0, 35.681, 20.981, 10.262, 27.751], [27.355, 35.058, 6.203, 29.862, 25.186, 30.031, 4.099, 16.374, 27.312, 15.579, 18.715, 30.551, 39.021, 18.877, 20.114, 31.775, 0.0, 18.311, 31.507, 30.881], [30.801, 28.637, 19.503, 32.347, 6.085, 16.483, 25.677, 22.741, 10.865, 9.466, 14.317, 27.334, 26.905, 17.503, 23.493, 14.421, 25.4, 0.0, 23.641, 12.297], [11.695, 3.476, 25.382, 11.107, 31.962, 11.635, 31.463, 16.387, 36.794, 31.23, 14.332, 3.142, 10.602, 12.894, 12.703, 16.696, 32.16, 26.251, 0.0, 37.548], [44.535, 42.578, 29.199, 46.227, 8.06, 29.885, 33.402, 35.435, 3.236, 14.109, 28.025, 41.435, 39.834, 31.107, 36.868, 26.61, 32.71, 15.166, 37.58, 0.0]]
big_M = 1000.0
planning_horizon = 24.0
penalty_weight = 100000.0
