# MTRSP-VS train | n20_m5_a40 seed=16
# n=20 m=5 T_max=24.0

num_tasks = 20
num_tugboats = 5
num_speed_levels = 3
task_max_tugs = [1, 3, 1, 2, 1, 1, 1, 2, 1, 1, 1, 2, 1, 1, 1, 1, 1, 1, 1, 1]
task_min_horsepower = [1511.0, 4033.4, 2838.0, 2868.1, 1077.2, 2460.5, 1078.1, 2995.5, 2849.9, 1206.6, 1831.9, 2789.7, 2681.0, 2765.9, 1865.7, 1369.2, 2651.4, 1417.4, 1043.9, 1589.9]
task_time_window_lower = [1.639, 5.498, 10.689, 11.855, 9.802, 13.713, 13.991, 9.593, 13.666, 7.296, 15.153, 7.976, 9.586, 12.07, 8.344, 1.082, 0.422, 2.872, 12.574, 10.631]
task_time_window_upper = [4.134, 11.471, 14.685, 15.744, 13.811, 16.031, 18.666, 12.846, 18.891, 9.506, 17.839, 11.586, 12.477, 16.943, 11.23, 5.575, 6.031, 7.373, 18.399, 13.521]
task_service_distance = [5.085, 4.294, 4.675, 6.946, 7.038, 5.978, 4.291, 6.215, 4.281, 4.174, 3.329, 7.212, 6.979, 3.114, 4.846, 4.597, 6.033, 3.466, 7.594, 4.569]
tugboat_horsepower = [4459.1, 3819.8, 3734.7, 4489.3, 4098.3]
tugboat_fuel_capacity = [6943.1, 6962.3, 6273.4, 6921.5, 7437.3]
tugboat_alpha = [0.1469, 0.1476, 0.1437, 0.155, 0.1515]
tugboat_beta = [0.0761, 0.0757, 0.0539, 0.0515, 0.0872]
speed_level_names = ['slow', 'medium', 'fast']
speed_values = [6.0, 10.0, 15.0]
speed_power_coefficients = [0.216, 1.0, 3.375]
depot_to_task_distance = [5.594, 7.273, 21.134, 12.349, 18.575, 18.984, 13.397, 6.821, 20.031, 11.651, 7.985, 21.505, 16.78, 4.521, 11.348, 7.525, 21.354, 19.323, 20.267, 19.142]
task_to_depot_distance = [10.38, 7.159, 17.2, 18.963, 16.461, 20.426, 15.462, 5.059, 20.473, 14.641, 10.053, 19.189, 10.106, 6.884, 16.18, 4.676, 20.765, 15.949, 17.116, 23.008]
task_to_task_distance = [[0.0, 8.635, 12.774, 21.798, 14.861, 8.954, 8.525, 5.814, 19.239, 21.955, 3.511, 28.167, 27.158, 14.891, 4.655, 17.417, 30.302, 16.861, 10.171, 24.441], [3.976, 0.0, 17.137, 19.402, 13.103, 13.345, 11.63, 6.173, 21.404, 18.2, 4.85, 27.418, 23.566, 11.414, 8.052, 14.661, 25.91, 19.559, 13.317, 20.134], [11.657, 16.797, 0.0, 26.603, 21.144, 3.399, 6.543, 10.639, 16.282, 28.749, 9.237, 29.921, 33.571, 21.602, 5.973, 23.035, 38.106, 13.032, 9.767, 32.589], [23.622, 25.515, 36.05, 0.0, 36.428, 36.168, 27.512, 23.405, 26.207, 11.474, 25.512, 12.38, 8.493, 15.198, 27.73, 11.446, 20.864, 28.067, 38.865, 28.545], [13.015, 10.282, 18.626, 28.805, 0.0, 12.644, 17.394, 14.634, 28.327, 26.434, 12.481, 36.768, 31.921, 20.315, 13.639, 23.975, 31.506, 25.712, 7.792, 22.304], [15.278, 16.522, 12.073, 31.972, 15.402, 0.0, 14.79, 15.675, 25.271, 31.776, 13.444, 37.495, 37.109, 24.875, 12.195, 27.605, 38.778, 22.08, 0.948, 30.599], [11.875, 19.185, 10.327, 20.191, 27.521, 13.417, 0.0, 9.549, 6.69, 25.089, 10.446, 20.622, 28.857, 18.691, 8.057, 18.143, 36.392, 4.275, 19.36, 34.21], [6.841, 11.868, 19.607, 10.254, 22.932, 19.001, 11.126, 0.0, 15.464, 13.243, 8.393, 17.167, 17.427, 6.893, 10.592, 6.657, 24.559, 15.273, 21.895, 23.94], [19.254, 26.319, 19.431, 18.79, 36.16, 23.343, 14.063, 17.011, 0.0, 26.343, 18.756, 13.503, 28.417, 21.862, 17.439, 19.277, 38.551, 7.66, 29.308, 39.445], [20.18, 17.695, 35.747, 12.702, 26.4, 33.438, 27.723, 21.399, 31.728, 0.0, 22.596, 24.346, 6.053, 10.428, 25.985, 11.31, 8.075, 32.121, 33.611, 14.751], [5.165, 12.221, 11.187, 18.83, 20.491, 10.47, 3.598, 3.237, 13.527, 21.254, 0.0, 23.264, 25.894, 14.193, 2.079, 15.265, 31.391, 11.417, 14.521, 27.688], [19.771, 25.998, 24.238, 13.907, 36.771, 27.11, 17.302, 17.906, 10.228, 22.254, 20.055, 0.0, 23.402, 19.241, 19.868, 15.74, 34.452, 13.178, 32.341, 37.135], [15.696, 14.678, 30.96, 8.583, 24.791, 29.09, 22.767, 16.648, 26.565, 1.556, 18.069, 20.48, 0.0, 5.629, 21.3, 6.195, 13.099, 26.942, 29.966, 16.842], [12.404, 10.791, 28.017, 10.54, 21.057, 25.688, 20.144, 13.685, 25.368, 5.376, 14.821, 22.056, 10.856, 0.0, 18.231, 6.417, 14.67, 25.265, 26.21, 15.241], [10.708, 16.291, 5.141, 25.286, 21.407, 4.743, 5.135, 9.504, 15.096, 27.653, 8.294, 28.513, 32.4, 20.525, 0.0, 21.804, 37.25, 11.921, 10.816, 32.13], [8.138, 11.926, 21.684, 8.596, 23.199, 20.856, 13.231, 7.976, 17.179, 11.142, 10.006, 16.835, 15.326, 5.086, 12.511, 0.0, 22.601, 17.212, 23.372, 22.668], [26.32, 23.63, 41.834, 16.704, 31.54, 39.586, 33.715, 27.488, 36.977, 9.589, 28.734, 27.323, 7.339, 16.466, 32.097, 16.658, 0.0, 37.661, 39.638, 17.375], [13.099, 20.439, 12.554, 19.079, 29.346, 15.839, 6.519, 10.741, 4.673, 24.702, 12.016, 18.47, 28.103, 18.703, 10.088, 17.589, 36.346, 0.0, 21.73, 34.989], [13.635, 10.916, 18.798, 29.459, 7.022, 12.749, 17.835, 15.223, 28.787, 27.069, 13.053, 37.39, 32.557, 20.968, 14.11, 24.631, 32.032, 26.132, 0.0, 22.687], [26.793, 20.304, 41.695, 27.644, 21.656, 37.268, 35.553, 28.938, 42.994, 19.067, 28.876, 39.542, 21.674, 21.17, 32.431, 24.515, 10.993, 42.296, 34.435, 0.0]]
big_M = 1000.0
planning_horizon = 24.0
penalty_weight = 100000.0
