# MTRSP-VS train | n20_m5_a40 seed=38
# n=20 m=5 T_max=24.0

num_tasks = 20
num_tugboats = 5
num_speed_levels = 3
task_max_tugs = [2, 1, 1, 2, 1, 1, 2, 1, 1, 1, 1, 3, 1, 1, 3, 1, 1, 3, 1, 2]
task_min_horsepower = [4246.1, 1416.7, 1836.6, 3250.2, 1084.0, 2882.5, 4231.8, 1570.5, 2546.4, 1818.5, 1880.3, 5209.7, 2171.5, 1561.6, 6000.2, 1484.8, 1137.3, 5778.6, 1850.2, 3765.1]
task_time_window_lower = [4.608, 4.378, 2.196, 10.346, 6.311, 12.623, 20.103, 6.552, 5.693, 8.276, 9.014, 11.27, 12.194, 6.558, 15.551, 19.662, 4.814, 2.376, 7.605, 11.918]
task_time_window_upper = [8.502, 8.883, 5.61, 15.811, 11.918, 17.727, 22.286, 10.578, 9.181, 13.329, 12.684, 16.019, 15.134, 12.428, 20.973, 23.494, 7.816, 6.002, 9.91, 15.863]
task_service_distance = [6.621, 6.04, 4.647, 1.786, 3.704, 5.253, 3.123, 7.468, 3.914, 4.319, 4.864, 6.698, 7.671, 6.742, 4.736, 3.729, 5.929, 3.703, 6.715, 6.236]
tugboat_horsepower = [1516.7, 4569.9, 3480.9, 3353.8, 1508.6]
tugboat_fuel_capacity = [6285.5, 6085.7, 7655.5, 7940.0, 7478.4]
tugboat_alpha = [0.1427, 0.176, 0.1675, 0.1755, 0.1662]
tugboat_beta = [0.0774, 0.0858, 0.0666, 0.057, 0.0568]
speed_level_names = ['slow', 'medium', 'fast']
speed_values = [6.0, 10.0, 15.0]
speed_power_coefficients = [0.216, 1.0, 3.375]
depot_to_task_distance = [6.26, 9.363, 11.205, 18.543, 4.649, 20.168, 18.94, 14.06, 13.655, 9.099, 15.432, 13.608, 14.52, 23.259, 15.677, 22.721, 14.938, 18.556, 10.673, 20.164]
task_to_depot_distance = [11.636, 10.825, 15.534, 20.0, 0.995, 22.476, 16.107, 14.229, 10.084, 9.865, 11.676, 18.063, 19.35, 21.076, 19.354, 19.04, 15.135, 16.799, 13.925, 15.23]
task_to_task_distance = [[0.0, 6.105, 20.065, 22.591, 7.238, 31.545, 8.246, 23.85, 8.145, 17.06, 13.886, 10.224, 3.765, 18.745, 4.749, 13.694, 14.404, 14.027, 3.954, 31.294], [6.106, 0.0, 19.564, 21.761, 6.364, 30.816, 8.69, 22.92, 8.563, 16.591, 14.112, 10.505, 4.663, 19.302, 5.202, 14.549, 14.555, 14.523, 3.268, 30.394], [16.686, 17.289, 0.0, 32.949, 18.879, 15.452, 31.325, 24.01, 18.64, 6.533, 14.485, 16.495, 23.833, 21.17, 27.83, 26.83, 13.206, 18.862, 24.316, 24.512], [23.532, 26.253, 29.955, 0.0, 19.431, 31.689, 24.054, 14.15, 30.32, 28.674, 34.311, 31.463, 27.001, 41.173, 23.278, 36.965, 34.147, 36.248, 19.408, 22.368], [5.781, 8.947, 12.106, 18.116, 0.0, 21.128, 17.987, 14.352, 13.305, 9.893, 15.477, 13.435, 13.793, 23.177, 14.749, 22.234, 15.061, 18.41, 9.699, 20.788], [26.632, 28.404, 13.814, 34.432, 27.024, 0.0, 41.147, 22.496, 30.929, 16.842, 27.763, 29.144, 35.013, 34.767, 37.731, 39.8, 26.508, 32.202, 33.077, 17.876], [12.521, 12.48, 25.876, 21.184, 11.477, 36.255, 0.0, 25.739, 14.051, 22.972, 20.05, 16.343, 8.026, 23.911, 2.403, 16.84, 20.665, 19.536, 5.436, 34.071], [18.975, 22.022, 23.233, 5.379, 15.025, 24.63, 23.822, 0.0, 26.363, 22.266, 29.417, 27.038, 24.404, 36.874, 22.051, 34.188, 29.051, 31.994, 17.131, 16.303], [4.572, 2.286, 13.511, 26.933, 8.667, 26.734, 16.26, 24.144, 0.0, 10.454, 6.315, 3.566, 8.288, 13.382, 12.873, 13.295, 6.45, 8.547, 11.03, 29.706], [13.36, 15.212, 2.755, 25.989, 14.107, 12.455, 27.972, 16.871, 18.127, 0.0, 16.223, 16.677, 21.771, 24.124, 24.525, 27.346, 15.115, 20.553, 20.085, 18.359], [6.205, 3.587, 14.145, 28.553, 10.289, 27.672, 16.828, 25.729, 2.974, 11.159, 0.0, 1.934, 8.511, 11.734, 13.549, 12.157, 5.207, 6.909, 12.263, 31.122], [11.812, 8.724, 21.954, 32.133, 15.027, 35.475, 13.717, 31.842, 4.905, 18.986, 9.347, 0.0, 6.169, 10.126, 11.545, 4.659, 10.523, 6.514, 13.578, 38.148], [13.125, 9.987, 22.652, 33.659, 16.459, 36.326, 14.959, 33.209, 5.891, 19.743, 9.399, 7.275, 0.0, 8.97, 12.947, 3.497, 10.638, 5.949, 15.108, 39.366], [17.088, 14.886, 16.943, 39.226, 21.138, 30.441, 26.948, 34.288, 12.206, 15.335, 6.443, 10.008, 18.431, 0.0, 24.047, 15.431, 6.364, 7.51, 23.539, 37.616], [14.062, 12.481, 27.213, 27.579, 14.886, 39.208, 4.702, 30.972, 11.843, 24.144, 17.861, 14.338, 5.877, 19.613, 0.0, 11.159, 18.8, 15.985, 9.898, 38.791], [12.804, 9.682, 22.531, 33.247, 16.095, 36.162, 14.561, 32.872, 5.661, 19.603, 9.449, 7.169, 7.241, 9.337, 12.524, 0.0, 10.673, 6.156, 14.685, 39.083], [13.259, 12.494, 8.943, 33.676, 16.712, 22.514, 26.55, 27.161, 12.351, 7.656, 7.189, 9.932, 18.322, 13.618, 23.181, 19.605, 0.0, 11.412, 20.887, 29.777], [12.082, 9.619, 15.437, 34.423, 16.182, 29.424, 21.692, 30.57, 6.848, 13.055, 1.367, 4.617, 13.145, 6.843, 18.708, 12.012, 2.252, 0.0, 18.181, 34.925], [13.589, 15.254, 25.046, 13.484, 10.336, 32.779, 10.474, 19.508, 18.488, 22.613, 23.69, 20.249, 13.884, 29.263, 9.564, 23.677, 23.927, 24.476, 0.0, 28.321], [21.451, 24.588, 19.04, 15.132, 18.638, 15.344, 31.184, 2.844, 28.877, 19.494, 29.874, 28.646, 29.15, 37.964, 28.622, 37.914, 29.106, 33.487, 23.216, 0.0]]
big_M = 1000.0
planning_horizon = 24.0
penalty_weight = 100000.0
