# MTRSP-VS train | n20_m5_a40 seed=40
# n=20 m=5 T_max=24.0

num_tasks = 20
num_tugboats = 5
num_speed_levels = 3
task_max_tugs = [2, 1, 1, 1, 1, 1, 2, 1, 1, 1, 1, 2, 1, 1, 1, 1, 2, 1, 1, 1]
task_min_horsepower = [2966.6, 1472.4, 1860.6, 1619.5, 2601.9, 2893.3, 2894.7, 1624.9, 1606.5, 2339.8, 2050.1, 4636.9, 1512.3, 2277.8, 1043.9, 2176.7, 3413.7, 1225.0, 2121.5, 1053.3]
task_time_window_lower = [21.154, 3.971, 0.358, 14.571, 12.433, 13.771, 0.62, 20.178, 4.776, 4.409, 7.645, 17.979, 17.248, 8.915, 17.567, 2.794, 1.073, 17.724, 13.844, 16.447]
task_time_window_upper = [23.23, 6.632, 4.634, 19.5, 15.779, 17.705, 3.322, 22.556, 10.718, 9.33, 12.04, 22.221, 22.743, 14.238, 20.368, 7.377, 4.645, 22.829, 15.882, 22.032]
task_service_distance = [3.159, 3.642, 3.143, 5.405, 4.227, 5.024, 5.632, 4.135, 6.721, 4.052, 4.022, 3.561, 7.893, 4.425, 3.349, 6.982, 3.948, 7.53, 3.798, 4.687]
tugboat_horsepower = [3529.7, 1920.5, 2691.1, 4054.4, 3464.9]
tugboat_fuel_capacity = [7507.4, 6328.9, 6783.9, 7146.2, 7455.4]
tugboat_alpha = [0.1489, 0.1595, 0.1404, 0.1426, 0.152]
tugboat_beta = [0.0588, 0.0649, 0.0553, 0.0591, 0.0854]
speed_level_names = ['slow', 'medium', 'fast']
speed_values = [6.0, 10.0, 15.0]
speed_power_coefficients = [0.216, 1.0, 3.375]
depot_to_task_distance = [15.205, 19.606, 15.374, 15.847, 22.558, 23.425, 22.229, 12.632, 15.513, 25.116, 17.743, 17.048, 16.103, 18.454, 11.98, 14.788, 18.273, 16.415, 17.104, 14.77]
task_to_depot_distance = [18.353, 18.939, 18.198, 21.237, 21.929, 27.614, 27.857, 14.555, 20.868, 23.543, 20.002, 14.602, 19.643, 19.667, 13.846, 19.069, 15.346, 20.694, 20.46, 19.254]
task_to_task_distance = [[0.0, 23.804, 27.003, 17.726, 37.439, 38.58, 38.569, 9.431, 28.18, 21.994, 21.206, 19.741, 34.245, 4.551, 8.4, 25.665, 16.041, 2.331, 33.62, 32.604], [18.859, 0.0, 11.968, 31.408, 22.578, 23.856, 25.659, 23.741, 34.452, 6.989, 34.348, 33.209, 31.216, 24.322, 13.606, 33.543, 32.046, 18.508, 22.238, 24.548], [27.39, 10.879, 0.0, 33.976, 8.697, 9.974, 12.053, 28.969, 31.366, 20.119, 35.931, 35.243, 22.539, 32.508, 21.701, 31.743, 36.057, 27.754, 9.833, 13.971], [20.002, 38.476, 36.453, 0.0, 43.404, 44.132, 42.288, 13.009, 16.159, 40.488, 4.585, 4.448, 29.622, 16.642, 23.348, 13.167, 4.859, 21.284, 37.363, 33.615], [32.407, 15.642, 8.187, 37.761, 0.0, 5.392, 8.501, 33.463, 33.523, 24.752, 39.407, 38.857, 22.665, 37.413, 26.773, 34.335, 40.135, 32.84, 8.699, 13.777], [40.441, 25.658, 17.35, 42.673, 6.289, 0.0, 5.52, 40.094, 35.379, 34.796, 43.61, 43.371, 21.756, 45.018, 35.098, 36.986, 45.615, 41.103, 10.542, 14.438], [40.939, 26.589, 18.124, 42.747, 7.121, 5.843, 0.0, 40.395, 35.129, 35.754, 43.595, 43.394, 21.311, 45.441, 35.655, 36.817, 45.751, 41.635, 10.753, 14.324], [3.664, 24.538, 25.796, 12.647, 35.493, 36.548, 36.052, 0.0, 22.936, 24.67, 16.132, 14.682, 29.893, 3.915, 8.193, 20.379, 11.494, 5.001, 30.968, 29.264], [27.937, 40.46, 35.372, 12.716, 39.108, 39.496, 36.757, 20.554, 0.0, 45.127, 9.655, 10.997, 21.024, 26.675, 28.879, 6.098, 15.926, 29.444, 32.549, 27.777], [17.663, 11.138, 19.781, 32.838, 30.451, 31.728, 33.501, 24.301, 38.59, 0.0, 36.127, 34.811, 37.688, 22.589, 14.176, 37.134, 32.548, 16.72, 29.911, 31.793], [23.604, 38.986, 35.288, 7.486, 40.68, 41.245, 38.933, 16.109, 10.241, 42.487, 0.0, 5.491, 24.615, 21.506, 25.576, 7.684, 10.084, 25.054, 34.298, 29.981], [18.766, 33.394, 29.964, 4.2, 36.011, 36.668, 34.638, 11.344, 9.168, 36.965, 3.457, 0.0, 21.78, 17.552, 20.186, 6.084, 7.999, 20.264, 29.804, 25.855], [34.687, 28.286, 18.847, 31.976, 13.889, 13.544, 9.83, 31.882, 22.314, 37.121, 32.102, 32.195, 0.0, 38.074, 30.51, 24.427, 35.428, 35.773, 8.891, 5.744], [9.472, 31.079, 32.189, 11.256, 41.535, 42.538, 41.756, 7.047, 24.038, 30.623, 14.399, 12.985, 33.664, 0.0, 14.724, 21.083, 8.299, 10.227, 36.63, 34.381], [8.288, 13.606, 17.299, 22.036, 28.163, 29.371, 29.926, 13.71, 28.083, 13.803, 25.272, 23.982, 29.452, 13.763, 0.0, 26.421, 22.065, 8.066, 25.31, 25.491], [29.862, 38.227, 31.747, 17.144, 33.73, 33.952, 30.895, 23.121, 4.208, 44.18, 15.0, 15.991, 14.407, 29.903, 29.374, 0.0, 20.868, 31.376, 27.165, 22.123], [11.397, 30.414, 29.597, 5.186, 37.87, 38.761, 37.517, 4.415, 17.588, 31.878, 8.621, 7.151, 27.826, 8.895, 14.786, 14.637, 0.0, 12.741, 32.408, 29.541], [7.384, 29.162, 31.519, 15.193, 41.502, 42.581, 42.182, 8.906, 27.393, 27.609, 18.484, 17.038, 35.739, 2.259, 13.129, 24.557, 12.537, 0.0, 37.11, 35.427], [33.189, 20.014, 10.873, 35.795, 2.891, 3.174, 2.876, 32.859, 29.63, 29.257, 36.957, 36.615, 17.375, 37.736, 27.905, 30.886, 38.602, 33.881, 0.0, 8.759], [34.098, 26.656, 17.169, 32.322, 11.965, 11.654, 7.984, 31.698, 23.302, 35.582, 32.652, 32.659, 9.218, 37.705, 29.705, 25.246, 35.675, 35.127, 7.036, 0.0]]
big_M = 1000.0
planning_horizon = 24.0
penalty_weight = 100000.0
