# MTRSP-VS train | n20_m5_a40 seed=32
# n=20 m=5 T_max=24.0

num_tasks = 20
num_tugboats = 5
num_speed_levels = 3
task_max_tugs = [3, 1, 1, 1, 1, 2, 1, 1, 1, 1, 2, 1, 3, 1, 1, 3, 3, 1, 1, 1]
task_min_horsepower = [4414.7, 1666.7, 2738.0, 2106.3, 2614.0, 3611.4, 2576.5, 2683.5, 1706.9, 1902.7, 4877.6, 1012.6, 4354.5, 1613.5, 1528.9, 5819.3, 4710.6, 2465.6, 2454.2, 1359.4]
task_time_window_lower = [8.193, 17.061, 12.668, 14.133, 2.12, 7.702, 4.112, 14.433, 14.051, 11.278, 1.875, 15.526, 10.044, 13.697, 11.292, 8.622, 8.46, 1.858, 18.214, 6.439]
task_time_window_upper = [11.908, 23.037, 16.147, 18.571, 4.599, 13.419, 7.957, 16.488, 17.109, 15.829, 4.803, 19.24, 16.02, 17.95, 13.773, 10.651, 12.767, 7.394, 20.994, 11.44]
task_service_distance = [3.124, 7.712, 5.074, 4.405, 3.278, 3.249, 3.423, 6.94, 6.782, 4.524, 5.598, 3.695, 4.917, 7.334, 6.889, 3.499, 7.076, 4.327, 6.362, 5.884]
tugboat_horsepower = [2703.7, 1638.5, 3894.7, 4204.9, 3597.3]
tugboat_fuel_capacity = [7241.0, 6101.9, 6002.2, 6122.5, 6072.5]
tugboat_alpha = [0.1776, 0.1546, 0.1419, 0.1755, 0.1468]
tugboat_beta = [0.0798, 0.055, 0.0612, 0.0538, 0.0804]
speed_level_names = ['slow', 'medium', 'fast']
speed_values = [6.0, 10.0, 15.0]
speed_power_coefficients = [0.216, 1.0, 3.375]
depot_to_task_distance = [6.968, 24.866, 21.565, 12.403, 14.704, 11.036, 8.68, 10.05, 19.832, 19.257, 18.901, 22.163, 17.473, 13.136, 9.81, 25.015, 16.046, 22.849, 14.906, 4.064]
task_to_depot_distance = [9.378, 19.24, 23.933, 16.786, 16.389, 14.208, 10.818, 3.416, 13.816, 17.286, 13.727, 18.808, 21.915, 13.698, 3.845, 27.993, 22.883, 25.727, 20.387, 9.851]
task_to_task_distance = [[0.0, 18.395, 19.28, 21.75, 8.011, 2.138, 17.966, 13.352, 29.111, 26.012, 27.816, 28.905, 25.861, 21.655, 18.947, 32.634, 22.989, 17.116, 5.538, 11.128], [12.436, 0.0, 28.254, 31.276, 4.81, 9.205, 26.775, 17.137, 38.785, 30.133, 35.089, 32.676, 32.296, 28.692, 27.308, 43.752, 34.212, 23.23, 7.881, 22.015], [22.056, 34.5, 0.0, 32.238, 26.184, 20.679, 31.054, 32.181, 37.537, 43.188, 41.399, 46.095, 40.837, 36.563, 32.543, 33.53, 25.239, 4.12, 19.302, 21.71], [23.725, 40.286, 31.291, 0.0, 30.934, 27.821, 9.08, 21.168, 3.128, 18.368, 9.459, 19.978, 11.932, 10.826, 9.071, 14.424, 12.483, 35.984, 31.644, 15.678], [9.467, 10.74, 25.325, 28.612, 0.0, 5.995, 24.259, 15.626, 36.111, 28.882, 33.044, 31.554, 30.45, 26.647, 24.91, 40.65, 31.066, 20.791, 4.971, 18.955], [7.434, 15.204, 20.858, 26.607, 6.308, 0.0, 22.679, 16.275, 33.998, 29.467, 32.247, 32.285, 30.046, 25.962, 23.568, 37.341, 27.633, 16.687, 0.984, 16.005], [16.684, 30.975, 30.984, 6.889, 22.508, 20.838, 0.0, 11.352, 13.055, 10.565, 8.193, 13.105, 6.776, 2.521, 1.945, 23.423, 17.726, 33.422, 24.918, 12.368], [5.595, 21.934, 23.908, 14.394, 12.159, 9.733, 9.952, 0.0, 21.901, 17.818, 19.278, 20.744, 17.242, 13.05, 10.67, 28.144, 19.376, 24.177, 13.816, 7.459], [20.629, 36.687, 30.488, 2.114, 27.534, 24.787, 5.541, 17.442, 0.0, 15.348, 7.861, 17.277, 9.334, 7.35, 5.347, 17.457, 13.528, 34.427, 28.715, 13.424], [19.746, 26.728, 38.844, 17.873, 21.647, 23.023, 14.08, 9.577, 22.907, 0.0, 13.533, 6.773, 9.854, 9.624, 12.884, 34.363, 28.617, 39.315, 26.817, 20.604], [19.366, 32.66, 33.855, 8.146, 24.723, 23.478, 6.103, 12.906, 12.795, 8.565, 0.0, 10.788, 3.838, 0.837, 4.554, 24.352, 19.656, 36.369, 27.569, 15.29], [22.948, 32.334, 39.992, 15.223, 26.334, 26.693, 12.839, 13.806, 18.673, 1.826, 8.32, 0.0, 4.852, 7.056, 11.331, 31.058, 26.78, 41.613, 30.692, 21.289], [27.573, 39.587, 41.264, 13.311, 32.49, 31.654, 13.717, 20.164, 13.314, 9.713, 3.418, 9.658, 0.0, 8.935, 12.295, 26.415, 24.606, 44.347, 35.746, 23.099], [20.514, 36.592, 30.38, 2.013, 27.429, 24.671, 5.437, 17.361, 6.866, 15.36, 7.941, 17.305, 9.373, 0.0, 5.264, 17.464, 13.467, 34.31, 28.598, 13.304], [10.813, 28.433, 22.693, 8.615, 18.443, 14.861, 5.49, 11.798, 16.0, 18.123, 15.973, 20.917, 15.125, 10.861, 0.0, 21.664, 13.237, 25.167, 18.675, 4.012], [34.135, 52.744, 29.295, 20.005, 42.323, 37.323, 24.393, 36.161, 16.471, 36.221, 27.153, 37.883, 29.838, 28.281, 25.229, 0.0, 12.227, 36.813, 40.096, 24.549], [28.979, 47.597, 25.372, 15.762, 37.168, 32.176, 19.813, 31.285, 13.838, 32.363, 23.943, 34.259, 26.237, 24.181, 20.789, 3.153, 0.0, 32.515, 34.995, 19.397], [23.526, 35.102, 6.91, 34.228, 27.194, 21.883, 32.979, 33.75, 39.551, 44.969, 43.348, 47.882, 42.736, 38.449, 34.46, 35.428, 27.225, 0.0, 20.188, 23.618], [13.425, 10.949, 25.747, 32.746, 7.695, 9.432, 28.541, 20.171, 40.213, 33.406, 37.537, 36.055, 34.987, 31.147, 29.267, 43.948, 34.241, 19.94, 0.0, 22.525], [13.812, 32.397, 14.165, 14.252, 21.859, 16.329, 13.85, 19.899, 19.69, 27.368, 23.731, 30.112, 23.715, 19.689, 15.4, 19.096, 9.355, 18.627, 18.808, 0.0]]
big_M = 1000.0
planning_horizon = 24.0
penalty_weight = 100000.0
