# PSP train | 40_3_4_T12 seed=22
# n=40 J=3 K=4 T=12 H_max=2

vessel_num = 40
berth_num = 3
tugboat_num = 4
time_periods = 12
vessel_sizes = [1, 1, 3, 4, 5, 5, 4, 4, 2, 4, 3, 5, 4, 3, 5, 4, 3, 4, 4, 5, 3, 2, 4, 4, 3, 2, 5, 3, 5, 4, 2, 4, 3, 5, 5, 3, 5, 3, 4, 3]
vessel_etas = [0, 0, 0, 1, 1, 1, 1, 1, 1, 1, 1, 2, 2, 2, 2, 3, 3, 4, 4, 4, 4, 5, 5, 5, 5, 6, 7, 7, 8, 8, 9, 9, 9, 10, 10, 10, 10, 11, 11, 11]
vessel_durations = [1, 1, 2, 1, 2, 2, 1, 2, 1, 2, 1, 1, 1, 2, 1, 2, 1, 2, 2, 2, 1, 1, 1, 1, 2, 1, 2, 1, 1, 2, 2, 2, 2, 2, 1, 2, 2, 1, 1, 2]
vessel_inbound_service_times = [1, 1, 1, 1, 1, 1, 1, 1, 1, 1, 1, 1, 1, 1, 1, 1, 1, 1, 1, 1, 1, 1, 1, 1, 1, 1, 1, 1, 1, 1, 1, 1, 1, 1, 1, 1, 1, 1, 1, 1]
vessel_outbound_service_times = [1, 1, 1, 1, 1, 1, 1, 1, 1, 1, 1, 1, 1, 1, 1, 1, 1, 1, 1, 1, 1, 1, 1, 1, 1, 1, 1, 1, 1, 1, 1, 1, 1, 1, 1, 1, 1, 1, 1, 1]
vessel_priority_weights = [1.61, 1.94, 2.39, 1.83, 2.34, 2.75, 2.72, 2.23, 2.24, 1.93, 2.39, 2.34, 2.77, 2.28, 1.84, 2.02, 2.88, 2.45, 2.45, 2.72, 2.32, 2.25, 2.83, 2.23, 2.76, 1.82, 2.17, 2.46, 2.16, 2.35, 1.21, 2.38, 2.67, 2.28, 2.43, 2.07, 3.0, 2.66, 2.54, 2.32]
vessel_waiting_costs = [20.6, 18.9, 41.0, 58.1, 50.8, 59.1, 49.0, 41.5, 25.1, 45.8, 39.1, 45.6, 40.8, 32.4, 49.1, 40.4, 31.6, 55.9, 46.1, 54.7, 29.1, 19.6, 47.8, 58.0, 40.6, 17.7, 56.2, 40.4, 40.5, 46.2, 24.9, 47.0, 31.2, 48.3, 53.2, 40.5, 48.6, 32.8, 42.5, 31.3]
vessel_jit_costs = [8.5, 9.1, 16.5, 25.4, 16.8, 28.6, 18.5, 17.6, 9.5, 19.4, 13.1, 19.5, 18.9, 15.1, 16.4, 13.0, 14.3, 23.8, 20.0, 20.4, 11.5, 6.6, 15.1, 20.7, 18.2, 8.5, 22.8, 16.0, 13.4, 21.8, 8.1, 15.1, 11.6, 15.9, 18.5, 16.0, 22.0, 11.5, 15.3, 14.0]
vessel_horsepower_requirements = [869, 1100, 2549, 3765, 5656, 4428, 3686, 3619, 1577, 3678, 2691, 5112, 3401, 2395, 5263, 3976, 2617, 4311, 4249, 4900, 2821, 1729, 3712, 3541, 2739, 1551, 5348, 2316, 5932, 4539, 1774, 4126, 2720, 5753, 4629, 2747, 5866, 2469, 4066, 2666]
vessel_early_limits = [1, 1, 2, 1, 2, 1, 2, 1, 2, 2, 2, 1, 1, 1, 2, 1, 1, 1, 2, 2, 2, 1, 2, 1, 1, 2, 1, 2, 1, 2, 1, 1, 1, 1, 2, 1, 1, 1, 2, 1]
vessel_late_limits = [1, 1, 2, 1, 1, 2, 2, 2, 1, 2, 1, 2, 2, 1, 2, 2, 1, 1, 2, 2, 2, 2, 1, 2, 2, 2, 1, 1, 2, 2, 1, 1, 2, 2, 1, 1, 1, 2, 2, 1]
berth_capacities = [5, 3, 2]
tugboat_horsepower = [3454, 4282, 1143, 1775]
tugboat_costs = [69.2, 120.2, 28.2, 31.1]
inbound_preparation_time = 1
outbound_preparation_time = 1
max_tugboats_per_service = 2
time_constraint_tolerance = 2
penalty_parameter = 3300.0
objective_weights = [0.1087, 0.1314, 0.5834, 0.1765]
