# PSP train | 40_3_4_T12 seed=39
# n=40 J=3 K=4 T=12 H_max=2

vessel_num = 40
berth_num = 3
tugboat_num = 4
time_periods = 12
vessel_sizes = [3, 4, 3, 5, 4, 4, 4, 3, 5, 3, 4, 3, 3, 3, 1, 3, 4, 4, 3, 5, 2, 3, 4, 4, 2, 3, 2, 3, 4, 5, 4, 5, 4, 4, 2, 5, 4, 3, 3, 5]
vessel_etas = [0, 0, 0, 1, 1, 1, 1, 2, 2, 2, 2, 2, 2, 3, 3, 3, 3, 3, 4, 4, 5, 5, 5, 5, 5, 5, 6, 7, 7, 7, 7, 7, 7, 8, 8, 9, 10, 10, 10, 11]
vessel_durations = [2, 2, 2, 1, 2, 2, 2, 1, 2, 1, 2, 2, 2, 1, 2, 2, 1, 2, 1, 2, 1, 1, 2, 2, 2, 1, 1, 1, 2, 2, 2, 2, 1, 2, 1, 1, 2, 2, 1, 1]
vessel_inbound_service_times = [1, 1, 1, 1, 1, 1, 1, 1, 1, 1, 1, 1, 1, 1, 1, 1, 1, 1, 1, 1, 1, 1, 1, 1, 1, 1, 1, 1, 1, 1, 1, 1, 1, 1, 1, 1, 1, 1, 1, 1]
vessel_outbound_service_times = [1, 1, 1, 1, 1, 1, 1, 1, 1, 1, 1, 1, 1, 1, 1, 1, 1, 1, 1, 1, 1, 1, 1, 1, 1, 1, 1, 1, 1, 1, 1, 1, 1, 1, 1, 1, 1, 1, 1, 1]
vessel_priority_weights = [2.01, 2.78, 2.49, 2.33, 2.14, 2.7, 2.77, 1.7, 2.07, 2.41, 2.54, 1.36, 1.91, 2.72, 1.63, 2.36, 2.46, 2.83, 2.89, 2.66, 2.71, 2.56, 2.74, 2.23, 2.32, 2.26, 2.63, 2.44, 2.07, 2.1, 2.56, 2.43, 2.53, 2.07, 2.01, 2.34, 2.47, 2.54, 2.31, 2.02]
vessel_waiting_costs = [31.9, 57.1, 37.0, 49.5, 45.5, 42.7, 58.2, 35.4, 44.7, 40.8, 50.3, 35.1, 36.2, 33.4, 23.6, 31.9, 53.1, 41.4, 41.7, 43.7, 21.4, 36.2, 53.0, 54.5, 25.0, 41.8, 17.6, 41.9, 43.5, 49.3, 44.0, 54.0, 53.2, 47.7, 22.5, 47.4, 46.9, 31.4, 42.0, 40.7]
vessel_jit_costs = [14.8, 27.9, 11.9, 20.0, 19.2, 17.6, 24.9, 15.6, 18.9, 17.8, 16.4, 12.0, 10.9, 15.2, 11.1, 12.9, 24.1, 15.0, 13.3, 14.0, 7.9, 15.4, 23.5, 25.4, 12.0, 18.1, 5.8, 15.5, 17.6, 15.3, 20.7, 21.0, 17.0, 15.0, 9.0, 16.2, 17.7, 15.4, 12.8, 18.9]
vessel_horsepower_requirements = [2827, 3580, 2582, 5750, 4015, 3556, 4175, 2506, 5151, 3060, 4366, 2507, 2810, 2875, 1116, 2763, 3565, 4384, 3074, 4553, 1902, 2844, 3872, 4509, 1447, 2984, 1698, 2810, 3918, 5001, 3488, 4890, 3970, 3947, 1502, 4827, 3607, 2859, 2728, 4496]
vessel_early_limits = [1, 2, 1, 1, 2, 1, 1, 2, 1, 2, 1, 2, 1, 1, 1, 1, 1, 2, 1, 2, 1, 2, 1, 1, 2, 1, 2, 1, 1, 1, 1, 1, 2, 1, 1, 2, 1, 1, 2, 2]
vessel_late_limits = [1, 1, 2, 1, 1, 1, 2, 2, 2, 1, 2, 2, 2, 2, 1, 2, 1, 2, 1, 2, 1, 2, 2, 2, 2, 2, 2, 2, 1, 2, 2, 1, 1, 1, 2, 2, 2, 2, 2, 2]
berth_capacities = [2, 4, 5]
tugboat_horsepower = [1309, 4819, 1063, 2008]
tugboat_costs = [26.1, 91.4, 34.4, 50.0]
inbound_preparation_time = 1
outbound_preparation_time = 1
max_tugboats_per_service = 2
time_constraint_tolerance = 2
penalty_parameter = 3100.0
objective_weights = [0.1112, 0.1224, 0.555, 0.2114]
