# PSP train | 40_3_4_T12 seed=41
# n=40 J=3 K=4 T=12 H_max=2

vessel_num = 40
berth_num = 3
tugboat_num = 4
time_periods = 12
vessel_sizes = [1, 1, 3, 2, 3, 4, 3, 4, 5, 3, 3, 4, 3, 3, 3, 5, 5, 4, 5, 2, 4, 1, 3, 4, 4, 3, 3, 3, 3, 3, 4, 2, 3, 4, 3, 3, 4, 5, 2, 3]
vessel_etas = [0, 0, 1, 1, 1, 1, 2, 2, 2, 2, 2, 3, 3, 3, 4, 5, 5, 5, 6, 6, 6, 7, 7, 7, 8, 8, 8, 8, 9, 9, 9, 9, 10, 10, 10, 11, 11, 11, 11, 11]
vessel_durations = [2, 2, 2, 2, 2, 2, 2, 1, 1, 1, 1, 1, 2, 1, 1, 1, 1, 1, 2, 1, 2, 1, 1, 2, 2, 1, 1, 2, 1, 2, 2, 1, 2, 1, 1, 1, 2, 1, 1, 2]
vessel_inbound_service_times = [1, 1, 1, 1, 1, 1, 1, 1, 1, 1, 1, 1, 1, 1, 1, 1, 1, 1, 1, 1, 1, 1, 1, 1, 1, 1, 1, 1, 1, 1, 1, 1, 1, 1, 1, 1, 1, 1, 1, 1]
vessel_outbound_service_times = [1, 1, 1, 1, 1, 1, 1, 1, 1, 1, 1, 1, 1, 1, 1, 1, 1, 1, 1, 1, 1, 1, 1, 1, 1, 1, 1, 1, 1, 1, 1, 1, 1, 1, 1, 1, 1, 1, 1, 1]
vessel_priority_weights = [1.31, 1.77, 2.28, 2.11, 2.1, 2.47, 2.01, 2.37, 2.43, 2.92, 2.19, 2.51, 1.89, 2.99, 1.85, 2.46, 2.67, 1.96, 3.0, 2.7, 2.31, 1.99, 2.76, 2.66, 2.53, 2.83, 2.18, 1.84, 2.34, 2.23, 2.72, 2.33, 2.1, 2.39, 2.82, 1.89, 2.22, 2.81, 2.09, 2.55]
vessel_waiting_costs = [19.9, 20.5, 35.2, 22.2, 37.4, 58.5, 35.0, 42.0, 48.1, 41.3, 34.2, 48.2, 41.5, 38.0, 32.1, 48.7, 46.1, 43.7, 52.6, 20.5, 48.0, 21.7, 34.6, 58.8, 48.9, 38.8, 34.7, 29.3, 28.7, 39.2, 52.4, 20.8, 32.7, 47.4, 29.0, 28.3, 48.0, 54.1, 17.7, 38.1]
vessel_jit_costs = [6.9, 10.0, 16.9, 10.0, 15.7, 24.5, 12.1, 16.2, 15.7, 12.5, 11.9, 22.5, 15.8, 18.2, 12.2, 22.8, 22.1, 19.1, 16.1, 9.6, 14.9, 8.9, 13.3, 25.5, 19.0, 13.5, 15.7, 9.7, 12.5, 16.9, 16.1, 8.2, 11.4, 16.4, 12.0, 10.9, 22.2, 21.2, 7.8, 16.3]
vessel_horsepower_requirements = [927, 1150, 2394, 1907, 2777, 4421, 2522, 3455, 5906, 2360, 2791, 4023, 2819, 2654, 2386, 5082, 4452, 4367, 4923, 1589, 3589, 1128, 2909, 3525, 4262, 2763, 2757, 2928, 2499, 2483, 3901, 1855, 2553, 3566, 2387, 2444, 4337, 5016, 1673, 2392]
vessel_early_limits = [2, 1, 2, 2, 1, 1, 2, 1, 1, 1, 1, 2, 2, 2, 2, 2, 2, 2, 2, 1, 2, 1, 2, 1, 1, 1, 1, 1, 2, 2, 2, 1, 1, 1, 2, 1, 1, 2, 2, 2]
vessel_late_limits = [2, 2, 1, 1, 2, 2, 1, 2, 2, 2, 2, 1, 2, 2, 1, 2, 1, 1, 1, 2, 2, 2, 2, 1, 2, 2, 2, 1, 2, 1, 1, 1, 1, 2, 1, 1, 1, 1, 2, 1]
berth_capacities = [3, 3, 5]
tugboat_horsepower = [3887, 1268, 1680, 2473]
tugboat_costs = [69.2, 26.9, 32.8, 50.1]
inbound_preparation_time = 1
outbound_preparation_time = 1
max_tugboats_per_service = 2
time_constraint_tolerance = 2
penalty_parameter = 2800.0
objective_weights = [0.1119, 0.126, 0.5466, 0.2155]
