# PSP train | 40_3_4_T12 seed=23
# n=40 J=3 K=4 T=12 H_max=2

vessel_num = 40
berth_num = 3
tugboat_num = 4
time_periods = 12
vessel_sizes = [2, 3, 3, 4, 3, 4, 4, 4, 4, 5, 5, 3, 4, 3, 4, 3, 5, 5, 4, 5, 4, 3, 3, 3, 2, 4, 4, 4, 4, 3, 2, 3, 4, 3, 5, 3, 3, 2, 5, 4]
vessel_etas = [0, 0, 0, 1, 1, 1, 2, 2, 2, 2, 3, 3, 4, 4, 4, 5, 5, 5, 6, 6, 6, 6, 6, 6, 7, 8, 8, 8, 8, 8, 9, 9, 10, 10, 10, 10, 11, 11, 11, 11]
vessel_durations = [1, 2, 1, 2, 1, 2, 2, 2, 1, 1, 1, 2, 2, 1, 2, 2, 1, 2, 1, 2, 2, 2, 1, 2, 2, 2, 2, 2, 2, 2, 2, 1, 1, 2, 1, 1, 2, 2, 2, 1]
vessel_inbound_service_times = [1, 1, 1, 1, 1, 1, 1, 1, 1, 1, 1, 1, 1, 1, 1, 1, 1, 1, 1, 1, 1, 1, 1, 1, 1, 1, 1, 1, 1, 1, 1, 1, 1, 1, 1, 1, 1, 1, 1, 1]
vessel_outbound_service_times = [1, 1, 1, 1, 1, 1, 1, 1, 1, 1, 1, 1, 1, 1, 1, 1, 1, 1, 1, 1, 1, 1, 1, 1, 1, 1, 1, 1, 1, 1, 1, 1, 1, 1, 1, 1, 1, 1, 1, 1]
vessel_priority_weights = [2.45, 1.93, 2.61, 2.21, 2.72, 1.92, 2.63, 2.21, 2.2, 2.34, 2.35, 2.28, 2.27, 1.67, 2.48, 1.31, 2.6, 2.37, 2.22, 2.56, 2.2, 2.67, 2.44, 2.36, 1.33, 2.26, 2.24, 2.26, 2.64, 2.17, 1.39, 2.12, 2.91, 2.48, 2.55, 2.21, 2.21, 2.08, 2.49, 2.54]
vessel_waiting_costs = [20.9, 39.4, 30.1, 48.5, 35.8, 46.7, 59.5, 42.6, 41.4, 40.6, 56.3, 40.5, 44.1, 37.4, 56.0, 39.1, 50.6, 52.8, 51.3, 41.4, 58.5, 30.1, 37.4, 39.9, 21.0, 54.0, 42.6, 50.9, 56.2, 36.9, 23.5, 31.8, 54.5, 40.5, 51.0, 34.7, 28.8, 24.3, 43.5, 52.2]
vessel_jit_costs = [7.7, 17.4, 12.8, 16.7, 16.4, 19.3, 19.0, 20.1, 15.5, 12.5, 18.7, 15.0, 19.5, 13.5, 27.0, 12.5, 19.0, 16.0, 22.0, 12.7, 21.4, 14.2, 16.1, 14.6, 10.3, 20.6, 15.1, 21.4, 23.3, 14.8, 7.9, 14.2, 25.2, 18.5, 24.3, 15.4, 11.0, 7.7, 13.2, 25.1]
vessel_horsepower_requirements = [1447, 2503, 2725, 3576, 2984, 4115, 3487, 4186, 4347, 4950, 4583, 2479, 3483, 3044, 3609, 2458, 5512, 5771, 4406, 5066, 4275, 2617, 2671, 2489, 1771, 4199, 4453, 3698, 4111, 2854, 1477, 2891, 4447, 3047, 4545, 2877, 2309, 1678, 5049, 4276]
vessel_early_limits = [2, 1, 2, 2, 2, 2, 1, 2, 2, 1, 1, 1, 1, 1, 1, 2, 2, 2, 2, 1, 1, 2, 1, 1, 1, 1, 1, 2, 1, 2, 1, 2, 2, 1, 1, 2, 1, 2, 1, 1]
vessel_late_limits = [2, 2, 1, 2, 1, 2, 2, 1, 1, 1, 2, 1, 1, 1, 1, 1, 1, 2, 1, 1, 2, 1, 2, 2, 2, 2, 1, 2, 1, 2, 1, 1, 1, 1, 2, 1, 1, 1, 1, 1]
berth_capacities = [3, 5, 2]
tugboat_horsepower = [1631, 1472, 1072, 4718]
tugboat_costs = [32.9, 28.6, 21.3, 113.9]
inbound_preparation_time = 1
outbound_preparation_time = 1
max_tugboats_per_service = 2
time_constraint_tolerance = 2
penalty_parameter = 3100.0
objective_weights = [0.1131, 0.1207, 0.553, 0.2132]
