# PSP train | 40_3_4_T12 seed=21
# n=40 J=3 K=4 T=12 H_max=2

vessel_num = 40
berth_num = 3
tugboat_num = 4
time_periods = 12
vessel_sizes = [4, 3, 3, 3, 4, 5, 5, 4, 3, 3, 3, 2, 2, 3, 2, 4, 3, 4, 3, 4, 4, 5, 4, 3, 3, 3, 3, 1, 3, 3, 4, 3, 5, 5, 5, 3, 5, 1, 5, 3]
vessel_etas = [0, 0, 0, 0, 0, 1, 1, 2, 2, 2, 2, 2, 3, 3, 4, 4, 4, 4, 5, 5, 5, 6, 6, 6, 6, 7, 7, 7, 7, 7, 8, 8, 9, 10, 10, 10, 11, 11, 11, 11]
vessel_durations = [2, 2, 1, 1, 2, 2, 1, 1, 2, 1, 2, 2, 1, 1, 2, 2, 2, 1, 2, 2, 2, 1, 1, 1, 2, 2, 2, 1, 1, 1, 2, 2, 1, 2, 2, 2, 1, 2, 2, 2]
vessel_inbound_service_times = [1, 1, 1, 1, 1, 1, 1, 1, 1, 1, 1, 1, 1, 1, 1, 1, 1, 1, 1, 1, 1, 1, 1, 1, 1, 1, 1, 1, 1, 1, 1, 1, 1, 1, 1, 1, 1, 1, 1, 1]
vessel_outbound_service_times = [1, 1, 1, 1, 1, 1, 1, 1, 1, 1, 1, 1, 1, 1, 1, 1, 1, 1, 1, 1, 1, 1, 1, 1, 1, 1, 1, 1, 1, 1, 1, 1, 1, 1, 1, 1, 1, 1, 1, 1]
vessel_priority_weights = [2.41, 2.16, 2.37, 2.25, 2.69, 2.35, 2.37, 1.82, 2.53, 1.99, 2.21, 2.71, 1.2, 2.84, 2.1, 2.71, 1.95, 2.79, 2.97, 2.14, 2.87, 2.39, 2.85, 2.8, 2.94, 2.12, 1.85, 1.64, 2.23, 2.45, 2.6, 2.27, 2.23, 2.82, 2.54, 2.21, 2.31, 1.33, 2.15, 2.4]
vessel_waiting_costs = [58.1, 31.0, 40.6, 40.7, 47.8, 58.7, 40.2, 52.3, 38.6, 30.3, 35.5, 19.4, 22.5, 38.4, 20.8, 48.1, 35.6, 47.2, 28.4, 51.6, 53.3, 42.1, 50.5, 35.2, 31.4, 37.0, 38.5, 19.8, 33.3, 31.7, 49.2, 39.5, 56.1, 54.6, 47.5, 28.1, 51.6, 26.4, 44.5, 39.4]
vessel_jit_costs = [25.3, 14.1, 16.5, 20.1, 23.3, 26.9, 14.9, 22.0, 16.6, 14.7, 16.9, 9.7, 10.2, 18.3, 6.6, 16.1, 16.5, 15.4, 10.9, 15.8, 18.2, 20.4, 24.2, 11.4, 12.1, 16.8, 16.6, 7.6, 13.3, 12.9, 15.1, 16.5, 25.1, 27.2, 18.0, 12.2, 21.4, 9.0, 19.9, 15.6]
vessel_horsepower_requirements = [3420, 2954, 2431, 2320, 3659, 5692, 5874, 3530, 3058, 3038, 2824, 1945, 1500, 2777, 1469, 4274, 2793, 4407, 2787, 3731, 3585, 4641, 4591, 2822, 3028, 2742, 2396, 859, 2540, 2760, 4568, 2707, 4584, 5498, 4734, 2979, 4972, 990, 5154, 2375]
vessel_early_limits = [2, 2, 2, 1, 1, 2, 2, 2, 2, 1, 1, 1, 2, 1, 1, 2, 2, 2, 2, 2, 2, 2, 2, 1, 1, 2, 2, 2, 2, 2, 1, 1, 1, 1, 1, 1, 1, 1, 1, 1]
vessel_late_limits = [1, 2, 1, 1, 2, 1, 1, 2, 2, 2, 2, 2, 2, 2, 1, 2, 2, 1, 1, 1, 1, 2, 2, 2, 2, 2, 2, 2, 2, 1, 1, 2, 1, 2, 2, 1, 2, 2, 1, 2]
berth_capacities = [4, 2, 5]
tugboat_horsepower = [1421, 1345, 4490, 2221]
tugboat_costs = [29.9, 23.2, 122.5, 68.2]
inbound_preparation_time = 1
outbound_preparation_time = 1
max_tugboats_per_service = 2
time_constraint_tolerance = 2
penalty_parameter = 3300.0
objective_weights = [0.1098, 0.1328, 0.5743, 0.183]
