# PSP train | 40_3_4_T12 seed=1
# n=40 J=3 K=4 T=12 H_max=2

vessel_num = 40
berth_num = 3
tugboat_num = 4
time_periods = 12
vessel_sizes = [2, 4, 3, 5, 3, 2, 4, 4, 5, 2, 3, 4, 4, 5, 3, 2, 3, 4, 4, 3, 3, 4, 3, 1, 5, 1, 4, 3, 3, 4, 4, 3, 4, 4, 3, 5, 3, 3, 4, 4]
vessel_etas = [0, 0, 0, 0, 1, 1, 2, 2, 2, 3, 3, 4, 4, 5, 5, 5, 5, 5, 5, 6, 6, 6, 7, 7, 7, 7, 8, 8, 8, 8, 8, 9, 10, 10, 11, 11, 11, 11, 11, 11]
vessel_durations = [2, 2, 1, 2, 2, 2, 2, 2, 1, 2, 1, 2, 2, 1, 2, 1, 1, 1, 2, 2, 1, 1, 1, 1, 2, 2, 2, 1, 2, 1, 2, 1, 2, 1, 2, 2, 2, 1, 2, 1]
vessel_inbound_service_times = [1, 1, 1, 1, 1, 1, 1, 1, 1, 1, 1, 1, 1, 1, 1, 1, 1, 1, 1, 1, 1, 1, 1, 1, 1, 1, 1, 1, 1, 1, 1, 1, 1, 1, 1, 1, 1, 1, 1, 1]
vessel_outbound_service_times = [1, 1, 1, 1, 1, 1, 1, 1, 1, 1, 1, 1, 1, 1, 1, 1, 1, 1, 1, 1, 1, 1, 1, 1, 1, 1, 1, 1, 1, 1, 1, 1, 1, 1, 1, 1, 1, 1, 1, 1]
vessel_priority_weights = [2.51, 2.62, 2.46, 2.11, 2.34, 2.11, 2.92, 2.68, 2.62, 1.68, 2.34, 2.58, 2.49, 2.2, 2.49, 1.47, 1.97, 2.06, 2.68, 2.5, 2.32, 2.25, 2.66, 1.48, 2.41, 2.0, 2.49, 2.25, 2.4, 2.39, 1.92, 2.22, 2.61, 2.48, 2.23, 2.45, 2.08, 2.03, 2.55, 2.12]
vessel_waiting_costs = [26.2, 43.9, 31.8, 45.6, 40.2, 19.1, 48.6, 54.6, 47.9, 19.8, 38.4, 40.5, 54.3, 56.3, 40.0, 22.4, 36.2, 40.1, 51.6, 41.4, 29.9, 43.7, 34.6, 24.7, 51.7, 25.9, 44.2, 40.2, 36.6, 58.1, 47.9, 41.5, 51.5, 57.6, 38.7, 45.0, 41.4, 39.0, 54.1, 41.2]
vessel_jit_costs = [11.2, 20.1, 15.7, 18.8, 16.8, 6.1, 14.9, 25.7, 14.5, 8.2, 15.8, 12.4, 22.0, 27.8, 15.5, 7.8, 15.0, 13.7, 15.6, 17.6, 11.6, 15.0, 15.3, 10.8, 23.9, 11.1, 16.2, 12.9, 13.0, 20.0, 23.3, 12.5, 19.2, 22.2, 13.9, 22.3, 17.3, 16.8, 17.3, 16.4]
vessel_horsepower_requirements = [1526, 3954, 2784, 5694, 2637, 1822, 4261, 4389, 5402, 1675, 2734, 4581, 3794, 5754, 2409, 1836, 2319, 4443, 4332, 2551, 2981, 4580, 2823, 1033, 5285, 989, 3533, 2374, 2606, 3447, 4009, 2482, 3509, 3703, 2977, 5637, 2481, 2840, 3632, 3611]
vessel_early_limits = [1, 2, 2, 2, 2, 2, 1, 1, 2, 1, 2, 2, 2, 2, 1, 1, 1, 1, 2, 1, 2, 1, 2, 1, 1, 1, 2, 1, 1, 1, 1, 2, 1, 1, 2, 2, 1, 2, 1, 1]
vessel_late_limits = [2, 1, 1, 2, 2, 1, 2, 2, 1, 1, 1, 1, 1, 2, 1, 2, 2, 2, 1, 2, 1, 1, 1, 2, 1, 1, 2, 1, 2, 1, 2, 2, 2, 2, 1, 1, 2, 2, 1, 2]
berth_capacities = [5, 4, 2]
tugboat_horsepower = [1257, 960, 4919, 2096]
tugboat_costs = [36.8, 39.6, 122.9, 73.7]
inbound_preparation_time = 1
outbound_preparation_time = 1
max_tugboats_per_service = 2
time_constraint_tolerance = 2
penalty_parameter = 3400.0
objective_weights = [0.1079, 0.1313, 0.5978, 0.163]
