# PSP train | 40_3_4_T12 seed=38
# n=40 J=3 K=4 T=12 H_max=2

vessel_num = 40
berth_num = 3
tugboat_num = 4
time_periods = 12
vessel_sizes = [3, 5, 4, 3, 4, 4, 2, 2, 3, 4, 4, 5, 4, 3, 4, 4, 5, 5, 2, 1, 5, 3, 5, 4, 3, 4, 3, 3, 5, 4, 5, 4, 4, 4, 5, 5, 5, 5, 2, 3]
vessel_etas = [0, 0, 0, 0, 1, 1, 1, 2, 2, 2, 3, 3, 3, 4, 4, 4, 4, 5, 5, 5, 6, 6, 6, 6, 7, 7, 7, 8, 9, 9, 9, 9, 9, 9, 10, 10, 10, 11, 11, 11]
vessel_durations = [2, 2, 1, 2, 2, 1, 2, 2, 1, 2, 2, 1, 2, 2, 1, 2, 2, 1, 1, 2, 2, 1, 1, 2, 2, 2, 1, 1, 1, 2, 1, 2, 1, 2, 2, 1, 1, 2, 1, 1]
vessel_inbound_service_times = [1, 1, 1, 1, 1, 1, 1, 1, 1, 1, 1, 1, 1, 1, 1, 1, 1, 1, 1, 1, 1, 1, 1, 1, 1, 1, 1, 1, 1, 1, 1, 1, 1, 1, 1, 1, 1, 1, 1, 1]
vessel_outbound_service_times = [1, 1, 1, 1, 1, 1, 1, 1, 1, 1, 1, 1, 1, 1, 1, 1, 1, 1, 1, 1, 1, 1, 1, 1, 1, 1, 1, 1, 1, 1, 1, 1, 1, 1, 1, 1, 1, 1, 1, 1]
vessel_priority_weights = [2.13, 2.45, 1.86, 2.72, 2.79, 2.01, 2.02, 2.64, 1.25, 2.58, 2.23, 2.4, 2.14, 1.88, 2.8, 2.46, 2.93, 2.34, 2.24, 1.5, 2.46, 2.43, 2.15, 2.76, 1.55, 1.98, 2.05, 1.67, 1.98, 2.31, 2.28, 2.5, 1.88, 2.45, 2.52, 1.91, 2.27, 2.54, 2.12, 2.7]
vessel_waiting_costs = [37.3, 55.6, 55.6, 40.2, 55.4, 42.5, 22.9, 22.3, 40.6, 51.4, 57.3, 56.1, 42.2, 35.7, 52.2, 43.2, 40.7, 45.4, 19.4, 23.1, 45.6, 33.6, 55.6, 46.0, 41.1, 55.4, 30.2, 30.8, 49.2, 56.6, 44.8, 59.8, 59.0, 49.1, 42.7, 43.3, 55.2, 52.0, 25.5, 35.8]
vessel_jit_costs = [14.6, 22.1, 26.3, 19.4, 26.6, 17.8, 10.7, 8.6, 18.9, 15.9, 22.4, 21.6, 18.2, 13.6, 22.3, 13.2, 14.6, 20.0, 7.2, 8.8, 19.3, 14.1, 22.8, 20.7, 19.7, 19.5, 14.8, 9.7, 18.0, 19.9, 16.2, 26.5, 21.2, 19.3, 13.3, 15.8, 18.2, 18.8, 12.7, 15.9]
vessel_horsepower_requirements = [2887, 5122, 3916, 2735, 4487, 3869, 1908, 1464, 2441, 4518, 3750, 4769, 4336, 2298, 3423, 3702, 5582, 4456, 1527, 992, 5117, 2322, 5225, 3923, 2799, 4180, 2338, 2929, 5811, 3582, 5487, 4309, 4149, 4513, 4424, 5101, 5174, 5498, 1892, 2669]
vessel_early_limits = [1, 1, 2, 1, 1, 2, 2, 2, 2, 1, 1, 1, 2, 2, 2, 2, 1, 2, 2, 1, 1, 2, 1, 1, 1, 1, 1, 1, 2, 2, 2, 2, 1, 2, 2, 2, 1, 1, 1, 1]
vessel_late_limits = [1, 2, 2, 2, 2, 2, 2, 1, 1, 1, 1, 1, 1, 2, 1, 2, 1, 1, 1, 2, 1, 2, 1, 2, 1, 2, 1, 2, 1, 1, 1, 2, 2, 2, 2, 2, 2, 1, 2, 1]
berth_capacities = [2, 5, 3]
tugboat_horsepower = [3216, 846, 1393, 4863]
tugboat_costs = [90.0, 36.0, 29.1, 128.6]
inbound_preparation_time = 1
outbound_preparation_time = 1
max_tugboats_per_service = 2
time_constraint_tolerance = 2
penalty_parameter = 3600.0
objective_weights = [0.1094, 0.1334, 0.593, 0.1642]
