# PSP train | 40_3_4_T12 seed=15
# n=40 J=3 K=4 T=12 H_max=2

vessel_num = 40
berth_num = 3
tugboat_num = 4
time_periods = 12
vessel_sizes = [5, 4, 4, 1, 3, 3, 5, 3, 3, 5, 3, 5, 4, 4, 3, 3, 2, 3, 4, 4, 4, 3, 4, 4, 3, 2, 3, 4, 4, 3, 5, 3, 3, 3, 4, 4, 5, 4, 3, 5]
vessel_etas = [0, 0, 0, 1, 1, 2, 2, 2, 3, 3, 3, 4, 5, 5, 5, 5, 5, 5, 5, 5, 5, 5, 5, 6, 6, 7, 7, 8, 8, 8, 9, 9, 9, 9, 10, 10, 10, 11, 11, 11]
vessel_durations = [2, 1, 2, 2, 2, 1, 1, 1, 1, 2, 2, 2, 1, 2, 2, 1, 2, 2, 1, 1, 2, 2, 2, 2, 2, 2, 1, 1, 2, 2, 1, 1, 1, 2, 2, 2, 1, 1, 2, 2]
vessel_inbound_service_times = [1, 1, 1, 1, 1, 1, 1, 1, 1, 1, 1, 1, 1, 1, 1, 1, 1, 1, 1, 1, 1, 1, 1, 1, 1, 1, 1, 1, 1, 1, 1, 1, 1, 1, 1, 1, 1, 1, 1, 1]
vessel_outbound_service_times = [1, 1, 1, 1, 1, 1, 1, 1, 1, 1, 1, 1, 1, 1, 1, 1, 1, 1, 1, 1, 1, 1, 1, 1, 1, 1, 1, 1, 1, 1, 1, 1, 1, 1, 1, 1, 1, 1, 1, 1]
vessel_priority_weights = [2.61, 2.59, 2.76, 1.74, 2.9, 1.94, 2.39, 2.0, 1.27, 2.12, 2.29, 1.92, 2.77, 2.24, 2.66, 2.63, 1.5, 2.21, 1.83, 2.38, 1.91, 2.42, 2.51, 2.2, 2.14, 1.94, 2.58, 2.11, 2.25, 2.38, 2.23, 2.27, 2.06, 2.25, 2.38, 2.45, 2.32, 2.19, 2.21, 3.0]
vessel_waiting_costs = [42.7, 53.2, 60.0, 20.9, 32.7, 39.9, 51.2, 34.4, 37.2, 43.3, 37.6, 51.6, 53.5, 47.3, 31.9, 31.4, 18.2, 30.9, 47.2, 54.6, 48.5, 28.3, 52.8, 42.8, 41.8, 20.4, 37.9, 50.9, 54.2, 40.7, 40.4, 32.2, 33.2, 36.5, 41.3, 47.5, 50.0, 50.6, 41.3, 47.4]
vessel_jit_costs = [18.3, 24.8, 28.6, 6.6, 10.9, 14.9, 22.8, 17.2, 15.6, 15.1, 14.6, 24.6, 25.0, 14.8, 15.3, 10.2, 9.1, 9.7, 14.6, 23.9, 21.6, 13.0, 23.8, 21.0, 16.6, 8.2, 14.9, 25.0, 20.5, 18.6, 16.1, 11.6, 15.5, 12.7, 13.6, 19.4, 19.3, 18.3, 14.2, 20.5]
vessel_horsepower_requirements = [4625, 4155, 4093, 916, 3008, 3057, 4741, 3052, 2779, 5286, 2635, 5331, 4199, 4041, 2513, 2993, 1923, 2571, 4445, 3843, 4362, 2656, 3669, 4484, 2551, 1527, 3080, 4075, 4534, 3008, 4547, 2452, 2651, 2302, 4438, 4414, 5066, 3924, 2934, 4766]
vessel_early_limits = [2, 1, 2, 2, 1, 2, 1, 1, 1, 2, 1, 1, 2, 1, 2, 1, 2, 2, 1, 1, 2, 2, 2, 1, 1, 2, 1, 2, 2, 1, 1, 2, 1, 1, 1, 2, 2, 1, 2, 2]
vessel_late_limits = [1, 2, 1, 2, 2, 1, 2, 2, 2, 1, 2, 2, 2, 1, 1, 2, 1, 1, 2, 1, 2, 2, 1, 1, 2, 2, 2, 2, 2, 2, 1, 2, 1, 1, 1, 2, 2, 1, 1, 2]
berth_capacities = [3, 2, 5]
tugboat_horsepower = [1499, 991, 3607, 2253]
tugboat_costs = [28.7, 22.7, 79.3, 64.3]
inbound_preparation_time = 1
outbound_preparation_time = 1
max_tugboats_per_service = 2
time_constraint_tolerance = 2
penalty_parameter = 3000.0
objective_weights = [0.1173, 0.124, 0.5438, 0.2149]
