# PSP train | 40_3_4_T12 seed=19
# n=40 J=3 K=4 T=12 H_max=2

vessel_num = 40
berth_num = 3
tugboat_num = 4
time_periods = 12
vessel_sizes = [4, 3, 3, 5, 3, 4, 3, 2, 2, 3, 4, 5, 4, 3, 5, 5, 2, 5, 4, 5, 4, 2, 3, 4, 3, 4, 3, 2, 3, 5, 5, 3, 4, 3, 3, 4, 3, 5, 3, 3]
vessel_etas = [0, 0, 0, 0, 1, 2, 2, 3, 3, 3, 3, 4, 4, 4, 4, 4, 4, 4, 5, 5, 6, 7, 7, 7, 8, 8, 8, 8, 8, 8, 8, 9, 10, 10, 10, 10, 11, 11, 11, 11]
vessel_durations = [1, 2, 1, 2, 2, 1, 1, 2, 1, 2, 1, 1, 1, 2, 2, 2, 1, 1, 2, 1, 2, 1, 1, 2, 1, 2, 1, 1, 2, 2, 1, 2, 1, 2, 2, 2, 1, 1, 1, 2]
vessel_inbound_service_times = [1, 1, 1, 1, 1, 1, 1, 1, 1, 1, 1, 1, 1, 1, 1, 1, 1, 1, 1, 1, 1, 1, 1, 1, 1, 1, 1, 1, 1, 1, 1, 1, 1, 1, 1, 1, 1, 1, 1, 1]
vessel_outbound_service_times = [1, 1, 1, 1, 1, 1, 1, 1, 1, 1, 1, 1, 1, 1, 1, 1, 1, 1, 1, 1, 1, 1, 1, 1, 1, 1, 1, 1, 1, 1, 1, 1, 1, 1, 1, 1, 1, 1, 1, 1]
vessel_priority_weights = [2.2, 2.63, 2.82, 2.12, 1.34, 2.69, 2.07, 1.52, 2.37, 1.89, 2.11, 2.3, 2.89, 2.94, 2.38, 2.31, 2.38, 2.43, 1.81, 2.36, 2.1, 2.2, 2.09, 1.87, 2.51, 2.22, 2.34, 1.44, 2.41, 2.23, 2.31, 2.66, 2.52, 1.81, 2.3, 2.97, 2.72, 2.47, 2.84, 2.68]
vessel_waiting_costs = [44.0, 30.7, 37.4, 45.8, 35.3, 49.7, 33.6, 24.5, 24.3, 39.1, 45.8, 59.2, 47.5, 32.6, 50.0, 58.1, 25.9, 48.8, 49.9, 52.4, 47.3, 24.9, 39.5, 56.5, 32.4, 55.9, 31.4, 23.4, 38.7, 51.6, 46.3, 41.6, 40.1, 32.4, 41.6, 53.6, 29.6, 40.7, 36.2, 31.8]
vessel_jit_costs = [14.7, 13.9, 11.5, 14.4, 13.0, 18.6, 13.1, 7.7, 10.1, 13.0, 22.1, 21.0, 17.4, 16.0, 19.3, 24.8, 11.1, 15.4, 20.2, 24.6, 19.4, 12.2, 13.9, 24.6, 13.3, 25.8, 12.5, 7.8, 17.7, 25.3, 16.5, 17.6, 15.5, 15.1, 13.6, 25.3, 11.5, 15.1, 16.0, 13.7]
vessel_horsepower_requirements = [4064, 3032, 2390, 4512, 2696, 4453, 2922, 1520, 1481, 3051, 4342, 4672, 4466, 2833, 4630, 5357, 1669, 4928, 4266, 4458, 3769, 1469, 2685, 3704, 2414, 3618, 2617, 1953, 2945, 4629, 5642, 2941, 4271, 2877, 3067, 3704, 3057, 5176, 2970, 2449]
vessel_early_limits = [2, 2, 1, 2, 1, 2, 1, 2, 2, 1, 1, 1, 1, 2, 2, 1, 2, 1, 2, 1, 1, 1, 1, 2, 2, 2, 2, 1, 1, 1, 1, 2, 2, 2, 2, 1, 1, 2, 1, 2]
vessel_late_limits = [2, 2, 2, 2, 1, 1, 1, 1, 1, 2, 2, 2, 2, 1, 1, 1, 2, 2, 2, 2, 2, 1, 1, 2, 1, 2, 2, 1, 1, 2, 1, 1, 2, 1, 2, 2, 1, 2, 1, 2]
berth_capacities = [5, 2, 4]
tugboat_horsepower = [3626, 2564, 1195, 1299]
tugboat_costs = [97.8, 63.4, 35.9, 31.0]
inbound_preparation_time = 1
outbound_preparation_time = 1
max_tugboats_per_service = 2
time_constraint_tolerance = 2
penalty_parameter = 3200.0
objective_weights = [0.1106, 0.1316, 0.5695, 0.1884]
