# PSP train | 40_3_4_T12 seed=8
# n=40 J=3 K=4 T=12 H_max=2

vessel_num = 40
berth_num = 3
tugboat_num = 4
time_periods = 12
vessel_sizes = [3, 4, 4, 5, 2, 5, 3, 4, 4, 5, 3, 3, 3, 4, 3, 3, 1, 5, 3, 5, 5, 4, 2, 4, 4, 3, 3, 3, 5, 2, 4, 4, 5, 4, 5, 4, 3, 3, 5, 3]
vessel_etas = [0, 0, 0, 0, 1, 1, 1, 1, 1, 2, 2, 2, 2, 2, 3, 3, 3, 3, 4, 5, 5, 5, 5, 5, 6, 6, 6, 7, 7, 7, 7, 9, 9, 9, 9, 9, 10, 10, 11, 11]
vessel_durations = [1, 2, 1, 1, 1, 2, 2, 2, 2, 2, 1, 2, 2, 1, 2, 1, 1, 2, 1, 1, 1, 2, 1, 1, 2, 1, 2, 2, 2, 2, 1, 2, 2, 1, 1, 2, 2, 1, 2, 1]
vessel_inbound_service_times = [1, 1, 1, 1, 1, 1, 1, 1, 1, 1, 1, 1, 1, 1, 1, 1, 1, 1, 1, 1, 1, 1, 1, 1, 1, 1, 1, 1, 1, 1, 1, 1, 1, 1, 1, 1, 1, 1, 1, 1]
vessel_outbound_service_times = [1, 1, 1, 1, 1, 1, 1, 1, 1, 1, 1, 1, 1, 1, 1, 1, 1, 1, 1, 1, 1, 1, 1, 1, 1, 1, 1, 1, 1, 1, 1, 1, 1, 1, 1, 1, 1, 1, 1, 1]
vessel_priority_weights = [1.38, 2.27, 2.73, 2.24, 1.23, 2.46, 2.22, 2.53, 2.29, 1.86, 2.46, 2.11, 2.4, 1.88, 2.76, 2.07, 1.93, 2.37, 2.42, 2.41, 2.16, 2.08, 2.25, 2.78, 2.25, 2.5, 2.4, 2.81, 2.22, 1.47, 2.56, 2.3, 2.41, 2.66, 2.42, 2.58, 2.45, 2.21, 2.12, 2.04]
vessel_waiting_costs = [36.4, 49.4, 50.9, 43.5, 24.8, 55.9, 31.0, 45.1, 43.9, 40.7, 31.0, 41.7, 38.3, 52.8, 39.4, 40.0, 25.6, 59.6, 35.2, 59.7, 59.6, 48.5, 18.9, 59.0, 46.9, 37.2, 37.7, 28.4, 49.8, 19.6, 53.9, 50.4, 48.1, 53.9, 43.8, 53.1, 38.9, 38.0, 53.1, 32.8]
vessel_jit_costs = [14.2, 18.6, 22.5, 14.3, 7.9, 25.3, 13.2, 21.5, 14.2, 18.1, 11.2, 18.6, 15.9, 16.0, 14.4, 15.3, 7.7, 19.0, 14.0, 26.5, 28.7, 16.0, 8.4, 25.5, 19.7, 13.0, 12.8, 8.9, 21.9, 7.4, 19.0, 21.2, 16.4, 23.7, 20.2, 25.1, 15.5, 13.8, 16.8, 13.2]
vessel_horsepower_requirements = [3027, 3504, 3832, 5953, 1448, 4878, 2823, 4393, 4213, 5423, 3045, 2575, 2546, 4153, 2965, 2919, 1085, 5075, 2531, 5089, 4741, 3604, 1828, 3749, 4552, 2518, 2357, 3003, 5812, 1858, 3654, 4437, 5829, 4271, 4637, 4376, 3055, 2533, 5037, 2893]
vessel_early_limits = [2, 2, 1, 2, 2, 2, 2, 1, 1, 2, 1, 2, 1, 1, 2, 1, 1, 2, 2, 2, 2, 2, 1, 1, 2, 1, 1, 2, 2, 2, 2, 1, 1, 2, 2, 1, 2, 1, 2, 2]
vessel_late_limits = [1, 1, 1, 1, 1, 2, 2, 1, 2, 1, 2, 2, 2, 1, 1, 1, 2, 1, 1, 2, 1, 1, 2, 1, 1, 2, 2, 2, 2, 2, 2, 2, 1, 1, 2, 1, 2, 1, 1, 2]
berth_capacities = [5, 3, 4]
tugboat_horsepower = [1257, 1309, 3261, 3825]
tugboat_costs = [26.8, 31.6, 89.5, 74.5]
inbound_preparation_time = 1
outbound_preparation_time = 1
max_tugboats_per_service = 2
time_constraint_tolerance = 2
penalty_parameter = 3200.0
objective_weights = [0.1134, 0.1263, 0.5655, 0.1948]
