# PSP train | 40_3_4_T12 seed=20
# n=40 J=3 K=4 T=12 H_max=2

vessel_num = 40
berth_num = 3
tugboat_num = 4
time_periods = 12
vessel_sizes = [3, 3, 3, 5, 4, 3, 4, 3, 5, 3, 4, 4, 5, 3, 3, 2, 1, 3, 3, 3, 3, 1, 2, 5, 2, 2, 4, 3, 4, 5, 5, 3, 1, 4, 5, 3, 4, 3, 4, 3]
vessel_etas = [0, 0, 0, 1, 1, 1, 1, 1, 1, 2, 2, 2, 2, 3, 3, 3, 3, 3, 4, 4, 4, 4, 4, 4, 5, 5, 6, 6, 6, 6, 7, 7, 7, 8, 9, 10, 10, 10, 11, 11]
vessel_durations = [2, 1, 1, 2, 2, 1, 2, 1, 1, 2, 2, 2, 2, 1, 2, 1, 2, 2, 1, 1, 2, 2, 1, 2, 2, 1, 1, 2, 1, 2, 1, 1, 1, 2, 1, 1, 2, 1, 1, 1]
vessel_inbound_service_times = [1, 1, 1, 1, 1, 1, 1, 1, 1, 1, 1, 1, 1, 1, 1, 1, 1, 1, 1, 1, 1, 1, 1, 1, 1, 1, 1, 1, 1, 1, 1, 1, 1, 1, 1, 1, 1, 1, 1, 1]
vessel_outbound_service_times = [1, 1, 1, 1, 1, 1, 1, 1, 1, 1, 1, 1, 1, 1, 1, 1, 1, 1, 1, 1, 1, 1, 1, 1, 1, 1, 1, 1, 1, 1, 1, 1, 1, 1, 1, 1, 1, 1, 1, 1]
vessel_priority_weights = [2.24, 2.53, 2.7, 2.34, 2.52, 1.93, 2.27, 2.2, 2.92, 2.2, 2.36, 2.46, 2.23, 1.94, 2.74, 2.74, 1.55, 2.28, 2.13, 2.41, 2.36, 1.83, 1.2, 2.56, 2.09, 2.55, 2.04, 1.81, 2.28, 2.88, 2.75, 2.4, 1.87, 2.58, 2.93, 2.9, 2.34, 2.44, 1.9, 1.99]
vessel_waiting_costs = [41.7, 39.1, 41.5, 49.3, 42.4, 36.6, 59.0, 33.1, 40.5, 34.2, 45.7, 49.1, 40.5, 28.3, 33.9, 25.7, 24.8, 34.0, 28.3, 28.2, 41.6, 22.2, 23.6, 46.3, 21.4, 17.8, 42.3, 39.7, 57.6, 45.0, 41.4, 29.6, 25.0, 49.0, 40.9, 40.1, 55.1, 30.5, 50.4, 36.7]
vessel_jit_costs = [18.9, 13.1, 15.0, 23.4, 13.0, 14.7, 29.2, 14.9, 18.0, 12.4, 18.0, 17.8, 12.4, 13.3, 13.3, 8.1, 11.9, 15.0, 10.7, 12.6, 20.2, 10.3, 7.1, 14.8, 7.8, 5.4, 17.5, 17.0, 19.9, 16.8, 16.7, 9.3, 8.8, 19.2, 12.6, 19.3, 21.6, 10.1, 17.3, 18.3]
vessel_horsepower_requirements = [3026, 2297, 2891, 5695, 4339, 2594, 4113, 2783, 5815, 2738, 4436, 3657, 5091, 2674, 2434, 1618, 985, 2802, 3024, 2761, 2501, 1089, 1817, 4614, 1522, 1707, 3973, 2712, 4554, 4660, 5529, 2587, 1123, 4583, 5281, 2390, 4312, 2486, 3654, 2919]
vessel_early_limits = [1, 2, 2, 1, 2, 1, 1, 1, 1, 1, 2, 2, 1, 1, 2, 1, 1, 2, 2, 2, 1, 2, 1, 2, 2, 1, 1, 2, 1, 2, 2, 1, 2, 1, 1, 2, 2, 1, 2, 2]
vessel_late_limits = [2, 1, 1, 1, 1, 1, 1, 1, 1, 1, 2, 2, 2, 1, 1, 1, 1, 1, 2, 1, 1, 2, 1, 2, 2, 2, 1, 2, 2, 1, 1, 1, 2, 1, 2, 2, 1, 2, 1, 2]
berth_capacities = [2, 5, 4]
tugboat_horsepower = [3252, 894, 3022, 1321]
tugboat_costs = [68.4, 39.7, 73.9, 23.0]
inbound_preparation_time = 1
outbound_preparation_time = 1
max_tugboats_per_service = 2
time_constraint_tolerance = 2
penalty_parameter = 2900.0
objective_weights = [0.111, 0.129, 0.569, 0.191]
