# PSP train | 40_3_4_T12 seed=12
# n=40 J=3 K=4 T=12 H_max=2

vessel_num = 40
berth_num = 3
tugboat_num = 4
time_periods = 12
vessel_sizes = [4, 4, 3, 4, 2, 3, 2, 4, 3, 3, 3, 5, 4, 1, 2, 4, 3, 4, 4, 5, 3, 3, 4, 4, 5, 4, 3, 3, 2, 4, 3, 2, 4, 4, 2, 4, 4, 5, 5, 4]
vessel_etas = [0, 0, 0, 1, 1, 1, 1, 2, 2, 2, 2, 3, 3, 4, 4, 5, 5, 5, 6, 6, 6, 6, 7, 7, 7, 8, 9, 9, 9, 9, 9, 9, 9, 10, 10, 10, 10, 11, 11, 11]
vessel_durations = [1, 2, 1, 2, 1, 1, 2, 2, 1, 2, 1, 1, 1, 2, 1, 2, 2, 2, 1, 1, 1, 2, 1, 1, 1, 1, 2, 1, 2, 2, 1, 1, 1, 1, 2, 2, 2, 1, 1, 1]
vessel_inbound_service_times = [1, 1, 1, 1, 1, 1, 1, 1, 1, 1, 1, 1, 1, 1, 1, 1, 1, 1, 1, 1, 1, 1, 1, 1, 1, 1, 1, 1, 1, 1, 1, 1, 1, 1, 1, 1, 1, 1, 1, 1]
vessel_outbound_service_times = [1, 1, 1, 1, 1, 1, 1, 1, 1, 1, 1, 1, 1, 1, 1, 1, 1, 1, 1, 1, 1, 1, 1, 1, 1, 1, 1, 1, 1, 1, 1, 1, 1, 1, 1, 1, 1, 1, 1, 1]
vessel_priority_weights = [2.73, 2.46, 2.28, 2.01, 1.98, 2.14, 1.21, 2.79, 1.5, 2.32, 2.99, 2.32, 2.38, 1.78, 2.02, 2.43, 2.08, 2.99, 2.62, 2.45, 2.69, 2.42, 2.95, 2.14, 1.86, 2.17, 2.96, 2.75, 2.44, 2.25, 2.95, 2.45, 2.62, 1.94, 2.05, 1.89, 2.1, 2.98, 2.18, 2.42]
vessel_waiting_costs = [40.9, 43.6, 32.0, 50.8, 24.4, 35.3, 23.6, 52.3, 39.4, 33.5, 39.7, 42.0, 54.8, 19.6, 20.9, 46.6, 39.5, 45.8, 43.4, 58.5, 39.6, 33.0, 40.0, 45.6, 52.0, 41.0, 38.1, 40.8, 21.5, 57.7, 28.8, 22.0, 48.9, 45.6, 23.8, 51.1, 57.4, 43.9, 50.9, 49.9]
vessel_jit_costs = [12.6, 13.7, 13.4, 18.4, 7.9, 12.1, 7.8, 17.0, 14.6, 11.1, 12.1, 17.7, 19.7, 6.7, 9.0, 19.3, 12.4, 16.8, 15.5, 24.7, 15.2, 15.3, 12.7, 18.1, 25.3, 18.7, 16.4, 19.6, 8.1, 23.4, 14.3, 7.3, 21.1, 16.8, 10.3, 20.5, 23.7, 20.7, 20.5, 24.3]
vessel_horsepower_requirements = [3773, 3749, 2886, 4435, 1858, 2944, 1754, 4224, 2624, 2667, 2727, 5575, 3906, 937, 1724, 3813, 2508, 4589, 3477, 4425, 2835, 2373, 3533, 3513, 5457, 4119, 3013, 2940, 1660, 3714, 2769, 1450, 4578, 3893, 1606, 3609, 3778, 4707, 5509, 4152]
vessel_early_limits = [2, 2, 1, 1, 1, 2, 1, 1, 1, 2, 2, 1, 1, 2, 1, 1, 2, 2, 1, 2, 2, 2, 2, 2, 2, 2, 2, 1, 2, 1, 1, 1, 1, 1, 1, 1, 1, 1, 2, 2]
vessel_late_limits = [2, 1, 2, 1, 2, 1, 2, 1, 1, 1, 1, 1, 2, 1, 2, 2, 1, 2, 1, 1, 1, 1, 2, 1, 1, 2, 2, 2, 2, 2, 2, 2, 1, 2, 1, 1, 1, 1, 1, 2]
berth_capacities = [2, 5, 4]
tugboat_horsepower = [3438, 853, 1566, 4477]
tugboat_costs = [82.7, 39.9, 34.1, 88.6]
inbound_preparation_time = 1
outbound_preparation_time = 1
max_tugboats_per_service = 2
time_constraint_tolerance = 2
penalty_parameter = 3200.0
objective_weights = [0.1094, 0.134, 0.5806, 0.176]
