# PSP train | 40_3_4_T12 seed=7
# n=40 J=3 K=4 T=12 H_max=2

vessel_num = 40
berth_num = 3
tugboat_num = 4
time_periods = 12
vessel_sizes = [2, 3, 3, 3, 3, 4, 4, 4, 4, 5, 3, 3, 3, 5, 3, 3, 3, 3, 2, 4, 5, 5, 2, 3, 5, 5, 3, 5, 2, 3, 4, 3, 4, 5, 3, 3, 2, 3, 3, 5]
vessel_etas = [0, 0, 1, 2, 2, 2, 2, 2, 2, 2, 3, 3, 3, 4, 4, 4, 4, 5, 5, 5, 6, 6, 6, 6, 7, 8, 8, 8, 8, 9, 9, 9, 9, 10, 10, 10, 10, 11, 11, 11]
vessel_durations = [1, 1, 1, 1, 1, 2, 2, 1, 1, 2, 1, 1, 2, 2, 2, 1, 1, 2, 1, 2, 1, 2, 2, 2, 1, 1, 1, 1, 1, 2, 2, 1, 2, 1, 2, 2, 2, 2, 2, 1]
vessel_inbound_service_times = [1, 1, 1, 1, 1, 1, 1, 1, 1, 1, 1, 1, 1, 1, 1, 1, 1, 1, 1, 1, 1, 1, 1, 1, 1, 1, 1, 1, 1, 1, 1, 1, 1, 1, 1, 1, 1, 1, 1, 1]
vessel_outbound_service_times = [1, 1, 1, 1, 1, 1, 1, 1, 1, 1, 1, 1, 1, 1, 1, 1, 1, 1, 1, 1, 1, 1, 1, 1, 1, 1, 1, 1, 1, 1, 1, 1, 1, 1, 1, 1, 1, 1, 1, 1]
vessel_priority_weights = [2.09, 2.7, 2.18, 2.49, 2.98, 2.62, 2.13, 2.25, 2.53, 2.1, 2.86, 1.26, 2.0, 2.2, 2.27, 2.49, 2.13, 2.29, 1.54, 2.96, 2.96, 2.67, 2.64, 2.19, 2.3, 1.93, 2.06, 2.3, 1.47, 2.15, 2.72, 2.12, 2.4, 2.02, 2.23, 2.93, 2.46, 2.58, 1.66, 1.84]
vessel_waiting_costs = [25.1, 40.1, 32.7, 41.0, 29.8, 44.8, 43.2, 44.0, 46.1, 45.8, 30.5, 28.3, 28.2, 51.0, 34.6, 29.5, 34.1, 39.7, 22.1, 59.6, 56.6, 52.7, 20.7, 29.8, 54.8, 43.3, 39.8, 53.4, 19.7, 34.4, 48.9, 41.5, 50.9, 59.3, 33.0, 33.3, 22.0, 35.1, 31.7, 48.0]
vessel_jit_costs = [7.9, 15.7, 13.4, 14.5, 12.1, 14.4, 13.4, 15.9, 20.8, 18.3, 11.3, 9.9, 12.6, 17.2, 16.8, 13.7, 13.6, 15.0, 9.7, 22.0, 25.0, 20.1, 6.4, 9.4, 19.2, 13.7, 18.9, 19.0, 7.1, 11.4, 17.2, 20.5, 17.8, 21.5, 9.9, 13.2, 7.5, 10.6, 10.1, 14.8]
vessel_horsepower_requirements = [1646, 2363, 2910, 2667, 2944, 3636, 3575, 3730, 4481, 5148, 2705, 2323, 2752, 4884, 2934, 2692, 2383, 2469, 1758, 3429, 4477, 4951, 1784, 3090, 5389, 5567, 3085, 5086, 1802, 2419, 4277, 3028, 3849, 4750, 2660, 2862, 1709, 2381, 3068, 5518]
vessel_early_limits = [2, 1, 1, 1, 2, 2, 2, 2, 1, 2, 1, 2, 1, 1, 1, 1, 2, 1, 2, 1, 1, 1, 2, 1, 1, 2, 2, 1, 2, 1, 1, 1, 1, 1, 2, 1, 2, 1, 1, 2]
vessel_late_limits = [2, 1, 2, 1, 1, 1, 2, 2, 1, 1, 1, 1, 2, 1, 2, 1, 2, 1, 1, 1, 1, 2, 2, 2, 1, 1, 1, 2, 1, 2, 1, 1, 2, 1, 1, 2, 2, 1, 2, 1]
berth_capacities = [3, 4, 5]
tugboat_horsepower = [1504, 3137, 3117, 987]
tugboat_costs = [53.5, 85.4, 92.1, 21.7]
inbound_preparation_time = 1
outbound_preparation_time = 1
max_tugboats_per_service = 2
time_constraint_tolerance = 2
penalty_parameter = 3100.0
objective_weights = [0.1076, 0.1296, 0.6036, 0.1592]
