# PSP train | 40_3_4_T12 seed=13
# n=40 J=3 K=4 T=12 H_max=2

vessel_num = 40
berth_num = 3
tugboat_num = 4
time_periods = 12
vessel_sizes = [4, 2, 5, 3, 3, 5, 4, 5, 3, 2, 4, 5, 2, 3, 5, 5, 3, 3, 3, 3, 5, 4, 5, 3, 5, 4, 2, 5, 4, 2, 2, 4, 5, 4, 4, 1, 2, 3, 3, 3]
vessel_etas = [0, 0, 0, 0, 1, 1, 1, 2, 2, 2, 2, 3, 3, 4, 4, 4, 4, 4, 5, 5, 5, 6, 6, 6, 7, 7, 7, 8, 8, 8, 8, 8, 8, 9, 9, 10, 10, 11, 11, 11]
vessel_durations = [1, 2, 2, 1, 2, 1, 2, 1, 2, 2, 1, 2, 2, 1, 2, 1, 2, 2, 1, 1, 2, 1, 1, 1, 1, 1, 1, 1, 2, 2, 2, 1, 2, 2, 2, 2, 2, 2, 1, 1]
vessel_inbound_service_times = [1, 1, 1, 1, 1, 1, 1, 1, 1, 1, 1, 1, 1, 1, 1, 1, 1, 1, 1, 1, 1, 1, 1, 1, 1, 1, 1, 1, 1, 1, 1, 1, 1, 1, 1, 1, 1, 1, 1, 1]
vessel_outbound_service_times = [1, 1, 1, 1, 1, 1, 1, 1, 1, 1, 1, 1, 1, 1, 1, 1, 1, 1, 1, 1, 1, 1, 1, 1, 1, 1, 1, 1, 1, 1, 1, 1, 1, 1, 1, 1, 1, 1, 1, 1]
vessel_priority_weights = [2.5, 2.42, 2.11, 2.11, 2.71, 1.88, 2.43, 2.55, 2.36, 1.51, 2.39, 2.19, 2.56, 2.72, 2.32, 2.69, 2.3, 1.54, 2.27, 2.48, 2.36, 2.27, 2.84, 2.71, 2.88, 2.05, 2.45, 2.44, 2.25, 2.06, 1.84, 2.3, 2.23, 2.86, 2.28, 1.38, 2.23, 2.99, 2.14, 2.3]
vessel_waiting_costs = [52.4, 22.2, 43.5, 34.0, 31.4, 51.6, 58.1, 54.3, 37.1, 25.1, 45.1, 44.4, 18.5, 29.5, 51.5, 54.2, 32.6, 28.0, 29.2, 39.2, 49.0, 42.8, 50.4, 30.1, 40.4, 55.0, 18.5, 51.3, 58.9, 22.9, 21.9, 56.3, 47.5, 55.8, 48.6, 22.5, 24.9, 35.8, 34.2, 38.5]
vessel_jit_costs = [21.2, 10.1, 19.2, 13.1, 11.2, 21.2, 20.7, 17.3, 12.3, 12.4, 20.8, 16.0, 7.2, 13.0, 19.8, 18.8, 12.2, 13.4, 9.4, 18.2, 18.8, 12.9, 17.6, 14.5, 15.0, 24.7, 8.3, 21.9, 27.1, 10.4, 9.0, 23.9, 14.4, 20.5, 17.4, 8.6, 10.4, 16.3, 13.9, 17.1]
vessel_horsepower_requirements = [3900, 1464, 5972, 2787, 2435, 4867, 4111, 5618, 2345, 1912, 4106, 5484, 1504, 2853, 4482, 5103, 2391, 2569, 2833, 2548, 4955, 4375, 4676, 2803, 5814, 3927, 1606, 5494, 3703, 1786, 1816, 4346, 5330, 4070, 3453, 890, 1952, 2503, 2938, 3009]
vessel_early_limits = [1, 2, 1, 1, 2, 2, 2, 2, 2, 1, 2, 1, 1, 2, 2, 2, 1, 2, 2, 2, 2, 1, 2, 2, 1, 1, 1, 1, 1, 2, 1, 1, 2, 1, 2, 2, 1, 2, 1, 1]
vessel_late_limits = [2, 2, 1, 2, 2, 1, 1, 2, 1, 1, 1, 1, 1, 1, 1, 1, 1, 2, 1, 1, 2, 2, 1, 1, 1, 2, 1, 1, 2, 1, 1, 1, 1, 1, 2, 1, 2, 1, 2, 1]
berth_capacities = [3, 2, 5]
tugboat_horsepower = [2658, 3895, 1704, 982]
tugboat_costs = [67.9, 94.1, 33.9, 21.1]
inbound_preparation_time = 1
outbound_preparation_time = 1
max_tugboats_per_service = 2
time_constraint_tolerance = 2
penalty_parameter = 3100.0
objective_weights = [0.11, 0.1283, 0.5696, 0.1921]
