# PSP train | 40_3_4_T12 seed=2
# n=40 J=3 K=4 T=12 H_max=2

vessel_num = 40
berth_num = 3
tugboat_num = 4
time_periods = 12
vessel_sizes = [5, 4, 4, 5, 5, 3, 4, 4, 4, 3, 3, 3, 4, 3, 4, 5, 5, 3, 4, 4, 2, 3, 5, 5, 3, 3, 3, 3, 5, 4, 5, 2, 3, 3, 3, 4, 3, 1, 5, 3]
vessel_etas = [0, 0, 0, 0, 0, 0, 0, 0, 0, 1, 1, 1, 1, 2, 2, 2, 2, 2, 3, 3, 4, 4, 4, 5, 5, 5, 6, 7, 7, 8, 8, 9, 9, 10, 10, 11, 11, 11, 11, 11]
vessel_durations = [1, 1, 2, 2, 1, 1, 2, 2, 1, 1, 2, 1, 1, 1, 2, 2, 1, 1, 2, 1, 2, 1, 2, 2, 2, 1, 1, 2, 2, 1, 1, 1, 2, 1, 1, 1, 2, 1, 1, 2]
vessel_inbound_service_times = [1, 1, 1, 1, 1, 1, 1, 1, 1, 1, 1, 1, 1, 1, 1, 1, 1, 1, 1, 1, 1, 1, 1, 1, 1, 1, 1, 1, 1, 1, 1, 1, 1, 1, 1, 1, 1, 1, 1, 1]
vessel_outbound_service_times = [1, 1, 1, 1, 1, 1, 1, 1, 1, 1, 1, 1, 1, 1, 1, 1, 1, 1, 1, 1, 1, 1, 1, 1, 1, 1, 1, 1, 1, 1, 1, 1, 1, 1, 1, 1, 1, 1, 1, 1]
vessel_priority_weights = [2.74, 2.42, 2.93, 2.95, 2.27, 2.52, 2.05, 2.74, 2.35, 2.69, 1.41, 2.57, 2.57, 1.92, 2.36, 2.89, 2.96, 1.9, 2.87, 2.4, 2.39, 2.27, 2.41, 2.85, 2.53, 2.5, 2.9, 1.97, 1.92, 2.71, 2.17, 1.85, 2.13, 1.38, 2.28, 2.37, 2.72, 1.9, 2.05, 2.4]
vessel_waiting_costs = [43.1, 49.3, 40.7, 51.3, 53.5, 29.9, 54.2, 45.2, 46.7, 32.4, 35.3, 35.1, 51.9, 30.1, 41.8, 59.0, 50.5, 29.6, 55.7, 44.3, 20.5, 35.0, 49.2, 54.4, 31.0, 30.2, 34.6, 39.8, 42.8, 45.4, 47.6, 24.2, 38.1, 36.1, 32.5, 54.3, 36.9, 23.9, 52.7, 32.3]
vessel_jit_costs = [15.4, 14.8, 19.1, 17.5, 21.4, 13.1, 19.5, 16.4, 22.9, 13.9, 17.1, 12.0, 24.4, 12.1, 12.9, 24.3, 15.8, 12.9, 26.3, 16.4, 7.6, 16.6, 16.1, 27.1, 11.0, 14.4, 15.6, 13.4, 14.0, 18.6, 22.0, 8.6, 16.0, 16.1, 12.3, 23.9, 18.2, 9.7, 16.6, 12.8]
vessel_horsepower_requirements = [4881, 3661, 3930, 4938, 5348, 2370, 4266, 4237, 3604, 2320, 2996, 2723, 4463, 2314, 3432, 4846, 5046, 2880, 4209, 4085, 1842, 2439, 5427, 5641, 2659, 2992, 3020, 2454, 4767, 4574, 5928, 1652, 3025, 2945, 2391, 3605, 2921, 1112, 4426, 2568]
vessel_early_limits = [1, 1, 1, 1, 1, 1, 2, 1, 1, 1, 2, 1, 2, 2, 2, 2, 1, 1, 1, 1, 1, 2, 2, 1, 1, 1, 2, 2, 1, 2, 1, 2, 2, 2, 2, 2, 1, 2, 1, 2]
vessel_late_limits = [2, 2, 2, 1, 1, 2, 2, 2, 1, 1, 1, 1, 1, 2, 1, 2, 2, 1, 2, 1, 2, 2, 2, 2, 1, 1, 1, 1, 2, 2, 2, 2, 2, 2, 1, 1, 2, 2, 2, 2]
berth_capacities = [2, 4, 5]
tugboat_horsepower = [1568, 3355, 3055, 1761]
tugboat_costs = [31.4, 80.0, 99.7, 46.9]
inbound_preparation_time = 1
outbound_preparation_time = 1
max_tugboats_per_service = 2
time_constraint_tolerance = 2
penalty_parameter = 3400.0
objective_weights = [0.1069, 0.1361, 0.5806, 0.1764]
