# PSP train | 40_3_4_T12 seed=17
# n=40 J=3 K=4 T=12 H_max=2

vessel_num = 40
berth_num = 3
tugboat_num = 4
time_periods = 12
vessel_sizes = [5, 4, 4, 3, 5, 2, 4, 4, 5, 5, 4, 2, 4, 5, 5, 2, 3, 2, 5, 5, 3, 3, 2, 5, 5, 1, 2, 4, 3, 4, 3, 4, 4, 5, 4, 5, 5, 5, 3, 5]
vessel_etas = [0, 0, 1, 1, 1, 2, 3, 3, 3, 3, 3, 3, 4, 4, 5, 5, 6, 6, 6, 7, 7, 7, 7, 7, 7, 8, 8, 8, 8, 8, 8, 9, 9, 9, 9, 9, 10, 10, 11, 11]
vessel_durations = [1, 1, 1, 2, 2, 2, 1, 1, 1, 2, 1, 2, 2, 1, 1, 2, 2, 1, 2, 2, 2, 1, 2, 2, 2, 2, 1, 2, 1, 1, 2, 1, 2, 1, 2, 2, 1, 2, 1, 2]
vessel_inbound_service_times = [1, 1, 1, 1, 1, 1, 1, 1, 1, 1, 1, 1, 1, 1, 1, 1, 1, 1, 1, 1, 1, 1, 1, 1, 1, 1, 1, 1, 1, 1, 1, 1, 1, 1, 1, 1, 1, 1, 1, 1]
vessel_outbound_service_times = [1, 1, 1, 1, 1, 1, 1, 1, 1, 1, 1, 1, 1, 1, 1, 1, 1, 1, 1, 1, 1, 1, 1, 1, 1, 1, 1, 1, 1, 1, 1, 1, 1, 1, 1, 1, 1, 1, 1, 1]
vessel_priority_weights = [2.52, 2.44, 2.06, 2.32, 2.84, 2.77, 2.77, 2.34, 1.89, 2.25, 2.37, 1.22, 2.2, 2.37, 2.53, 1.21, 1.83, 2.09, 2.88, 2.54, 2.4, 2.41, 2.21, 2.05, 2.25, 1.93, 2.2, 1.81, 2.73, 2.25, 2.14, 2.97, 2.66, 2.42, 2.09, 1.9, 2.63, 2.76, 2.15, 2.46]
vessel_waiting_costs = [57.0, 51.2, 54.3, 37.5, 53.0, 21.5, 56.8, 51.9, 42.8, 55.8, 52.1, 21.4, 52.7, 46.5, 54.7, 18.1, 35.5, 22.9, 57.3, 43.1, 37.5, 39.9, 26.0, 57.5, 55.9, 24.3, 21.9, 56.0, 36.1, 54.7, 38.8, 46.6, 46.3, 58.7, 56.7, 49.4, 47.3, 41.0, 31.5, 57.8]
vessel_jit_costs = [18.4, 16.2, 26.5, 14.7, 21.7, 9.4, 17.2, 23.6, 14.7, 20.1, 21.4, 8.1, 16.9, 21.0, 26.5, 7.2, 14.0, 7.4, 26.7, 21.2, 16.4, 18.7, 11.3, 25.9, 18.0, 11.2, 8.4, 24.4, 14.9, 23.0, 13.4, 16.1, 16.8, 24.9, 25.5, 19.2, 18.3, 20.2, 11.1, 27.4]
vessel_horsepower_requirements = [5173, 4319, 4320, 2307, 5110, 1710, 3817, 4219, 5523, 5250, 4066, 1917, 3911, 5168, 5312, 1745, 2926, 1725, 5435, 5106, 2544, 2642, 1602, 5966, 5908, 1057, 1625, 4320, 2666, 3804, 2429, 4175, 3838, 5252, 3941, 4720, 4599, 5573, 2576, 4509]
vessel_early_limits = [1, 2, 1, 2, 1, 2, 2, 1, 1, 2, 1, 1, 1, 1, 2, 1, 2, 1, 2, 1, 1, 1, 1, 2, 1, 1, 1, 2, 1, 1, 2, 1, 2, 2, 2, 1, 2, 2, 1, 1]
vessel_late_limits = [2, 2, 1, 2, 2, 1, 2, 1, 1, 2, 2, 1, 2, 2, 1, 1, 1, 2, 1, 1, 2, 2, 2, 1, 2, 2, 1, 2, 1, 2, 1, 2, 2, 1, 1, 2, 1, 2, 1, 1]
berth_capacities = [5, 3, 4]
tugboat_horsepower = [3144, 1304, 3674, 1576]
tugboat_costs = [84.0, 35.9, 73.9, 49.7]
inbound_preparation_time = 1
outbound_preparation_time = 1
max_tugboats_per_service = 2
time_constraint_tolerance = 2
penalty_parameter = 3400.0
objective_weights = [0.1135, 0.1293, 0.5657, 0.1915]
