# PSP train | 40_3_4_T12 seed=29
# n=40 J=3 K=4 T=12 H_max=2

vessel_num = 40
berth_num = 3
tugboat_num = 4
time_periods = 12
vessel_sizes = [4, 5, 3, 4, 4, 5, 4, 4, 5, 4, 5, 4, 5, 2, 5, 3, 4, 3, 4, 3, 4, 4, 5, 3, 4, 1, 3, 3, 5, 3, 3, 3, 1, 2, 4, 5, 4, 4, 4, 4]
vessel_etas = [0, 0, 0, 0, 1, 1, 2, 2, 2, 2, 3, 3, 3, 4, 4, 5, 5, 5, 5, 5, 6, 6, 6, 6, 6, 6, 6, 6, 7, 7, 7, 7, 8, 9, 9, 9, 10, 10, 10, 10]
vessel_durations = [1, 1, 1, 1, 2, 2, 2, 1, 1, 1, 1, 1, 2, 1, 2, 1, 2, 2, 1, 2, 2, 2, 2, 1, 1, 2, 1, 2, 2, 1, 1, 1, 1, 1, 1, 2, 2, 2, 1, 2]
vessel_inbound_service_times = [1, 1, 1, 1, 1, 1, 1, 1, 1, 1, 1, 1, 1, 1, 1, 1, 1, 1, 1, 1, 1, 1, 1, 1, 1, 1, 1, 1, 1, 1, 1, 1, 1, 1, 1, 1, 1, 1, 1, 1]
vessel_outbound_service_times = [1, 1, 1, 1, 1, 1, 1, 1, 1, 1, 1, 1, 1, 1, 1, 1, 1, 1, 1, 1, 1, 1, 1, 1, 1, 1, 1, 1, 1, 1, 1, 1, 1, 1, 1, 1, 1, 1, 1, 1]
vessel_priority_weights = [1.91, 2.3, 2.64, 2.16, 2.32, 2.88, 2.4, 2.08, 2.63, 2.74, 2.33, 2.47, 2.36, 1.93, 2.65, 2.37, 2.16, 2.5, 2.53, 2.31, 2.01, 2.46, 2.38, 2.6, 2.78, 1.52, 2.38, 2.18, 2.39, 2.88, 2.98, 2.01, 1.55, 1.93, 2.59, 2.26, 2.27, 2.33, 2.27, 2.51]
vessel_waiting_costs = [52.9, 53.0, 41.2, 50.9, 41.5, 41.2, 51.1, 58.6, 54.8, 41.0, 43.6, 44.9, 46.8, 22.0, 58.5, 31.5, 50.4, 32.3, 43.3, 30.9, 53.4, 53.3, 58.7, 33.0, 44.8, 23.5, 32.3, 28.6, 49.9, 35.6, 40.4, 31.4, 20.3, 21.7, 56.6, 41.3, 53.3, 43.3, 58.8, 57.0]
vessel_jit_costs = [21.0, 18.8, 16.0, 15.7, 18.8, 19.3, 20.0, 26.8, 16.7, 15.3, 20.3, 13.6, 16.9, 10.7, 23.8, 11.7, 22.4, 16.1, 18.6, 14.5, 25.9, 16.4, 19.2, 11.3, 21.7, 10.1, 15.9, 8.9, 15.5, 13.0, 13.0, 14.5, 10.1, 9.1, 20.3, 15.7, 23.7, 16.1, 27.1, 21.1]
vessel_horsepower_requirements = [3760, 4531, 2414, 4051, 3868, 5074, 3732, 3818, 5925, 4148, 4690, 3834, 5192, 1607, 5891, 2954, 3421, 2549, 3751, 2410, 3733, 3784, 5931, 3063, 4086, 993, 2665, 3094, 4880, 2712, 2441, 2929, 962, 1453, 3554, 4733, 4140, 4114, 3868, 3460]
vessel_early_limits = [2, 2, 2, 1, 2, 2, 1, 1, 2, 2, 1, 1, 2, 2, 1, 1, 2, 2, 2, 2, 1, 2, 2, 2, 2, 2, 2, 1, 1, 1, 1, 2, 2, 2, 1, 1, 2, 2, 1, 2]
vessel_late_limits = [1, 2, 1, 2, 1, 2, 1, 1, 2, 2, 2, 2, 2, 2, 1, 2, 1, 1, 1, 1, 2, 2, 2, 1, 1, 1, 1, 1, 2, 2, 2, 1, 1, 1, 2, 1, 2, 2, 1, 1]
berth_capacities = [3, 5, 3]
tugboat_horsepower = [1034, 1465, 4755, 3199]
tugboat_costs = [28.4, 28.2, 95.1, 65.3]
inbound_preparation_time = 1
outbound_preparation_time = 1
max_tugboats_per_service = 2
time_constraint_tolerance = 2
penalty_parameter = 3200.0
objective_weights = [0.1128, 0.1275, 0.5541, 0.2056]
