# PSP train | 40_3_4_T12 seed=24
# n=40 J=3 K=4 T=12 H_max=2

vessel_num = 40
berth_num = 3
tugboat_num = 4
time_periods = 12
vessel_sizes = [2, 4, 2, 5, 5, 3, 3, 2, 2, 3, 2, 5, 2, 4, 3, 5, 4, 4, 5, 5, 3, 4, 2, 5, 2, 4, 4, 3, 4, 3, 5, 3, 5, 3, 4, 3, 3, 2, 1, 5]
vessel_etas = [0, 0, 0, 0, 0, 0, 1, 1, 1, 2, 2, 2, 2, 3, 3, 3, 4, 4, 5, 5, 6, 6, 6, 6, 6, 7, 7, 7, 7, 7, 8, 8, 9, 10, 10, 10, 10, 11, 11, 11]
vessel_durations = [1, 1, 2, 1, 2, 1, 2, 1, 2, 1, 2, 2, 2, 1, 1, 1, 2, 1, 2, 1, 1, 1, 1, 1, 1, 1, 1, 1, 1, 2, 2, 2, 2, 1, 2, 2, 1, 1, 1, 2]
vessel_inbound_service_times = [1, 1, 1, 1, 1, 1, 1, 1, 1, 1, 1, 1, 1, 1, 1, 1, 1, 1, 1, 1, 1, 1, 1, 1, 1, 1, 1, 1, 1, 1, 1, 1, 1, 1, 1, 1, 1, 1, 1, 1]
vessel_outbound_service_times = [1, 1, 1, 1, 1, 1, 1, 1, 1, 1, 1, 1, 1, 1, 1, 1, 1, 1, 1, 1, 1, 1, 1, 1, 1, 1, 1, 1, 1, 1, 1, 1, 1, 1, 1, 1, 1, 1, 1, 1]
vessel_priority_weights = [1.52, 2.04, 2.21, 2.99, 2.51, 2.22, 2.55, 2.38, 1.49, 2.85, 1.4, 2.81, 2.43, 2.78, 2.45, 1.85, 1.85, 2.43, 2.06, 2.44, 2.75, 2.48, 2.46, 2.35, 2.07, 2.19, 2.45, 2.8, 2.39, 2.97, 2.36, 2.38, 2.75, 2.36, 2.4, 2.28, 1.97, 2.52, 1.51, 2.88]
vessel_waiting_costs = [18.6, 43.8, 25.0, 55.4, 44.4, 32.4, 30.4, 22.4, 22.8, 30.8, 22.1, 52.6, 25.6, 45.9, 41.7, 56.1, 41.0, 42.7, 56.2, 44.2, 32.3, 59.4, 24.8, 48.2, 21.6, 46.3, 59.1, 38.6, 41.4, 33.4, 44.7, 31.9, 53.6, 29.8, 44.0, 29.2, 40.4, 24.6, 19.0, 45.5]
vessel_jit_costs = [6.6, 20.5, 9.1, 22.9, 14.8, 10.3, 12.5, 11.0, 9.9, 11.4, 8.6, 23.8, 12.1, 19.1, 16.9, 27.0, 20.5, 14.4, 26.3, 14.2, 15.8, 21.6, 9.1, 19.4, 9.7, 22.6, 28.3, 11.9, 19.2, 10.7, 13.6, 10.7, 26.8, 9.1, 17.5, 12.5, 17.7, 9.4, 6.7, 20.1]
vessel_horsepower_requirements = [1501, 4328, 1486, 5117, 5049, 2514, 2342, 1564, 1580, 2542, 1852, 5329, 1566, 4508, 2439, 4989, 4180, 3906, 4616, 5122, 2685, 4362, 1730, 4771, 1785, 3655, 3866, 3031, 4135, 2715, 4624, 2534, 5954, 2829, 4202, 2776, 2555, 1636, 979, 4715]
vessel_early_limits = [1, 2, 1, 1, 1, 1, 2, 1, 1, 2, 2, 1, 2, 1, 1, 2, 2, 2, 1, 1, 2, 2, 2, 2, 1, 2, 1, 1, 1, 2, 1, 2, 2, 2, 2, 2, 2, 2, 2, 1]
vessel_late_limits = [1, 2, 2, 2, 1, 1, 1, 1, 2, 1, 1, 2, 2, 2, 2, 1, 1, 1, 2, 1, 2, 1, 1, 1, 1, 1, 2, 1, 1, 1, 1, 1, 1, 2, 2, 1, 1, 1, 2, 1]
berth_capacities = [5, 3, 3]
tugboat_horsepower = [4895, 1390, 3270, 907]
tugboat_costs = [129.0, 26.2, 75.9, 24.1]
inbound_preparation_time = 1
outbound_preparation_time = 1
max_tugboats_per_service = 2
time_constraint_tolerance = 2
penalty_parameter = 3200.0
objective_weights = [0.1082, 0.1409, 0.5838, 0.1671]
