# PSP train | 40_3_4_T12 seed=32
# n=40 J=3 K=4 T=12 H_max=2

vessel_num = 40
berth_num = 3
tugboat_num = 4
time_periods = 12
vessel_sizes = [5, 2, 2, 3, 3, 2, 4, 3, 2, 2, 3, 3, 2, 3, 4, 1, 3, 5, 3, 3, 4, 3, 5, 4, 4, 3, 3, 4, 4, 3, 5, 3, 3, 2, 4, 3, 2, 3, 3, 3]
vessel_etas = [0, 0, 0, 0, 0, 0, 0, 1, 1, 1, 1, 2, 2, 2, 3, 3, 3, 3, 4, 5, 5, 5, 5, 6, 6, 6, 7, 7, 7, 7, 8, 8, 9, 9, 9, 10, 10, 10, 10, 11]
vessel_durations = [1, 1, 1, 2, 1, 2, 1, 1, 1, 2, 1, 1, 1, 2, 2, 2, 1, 2, 2, 2, 1, 1, 2, 2, 1, 1, 1, 2, 2, 2, 1, 2, 2, 2, 2, 1, 2, 1, 1, 1]
vessel_inbound_service_times = [1, 1, 1, 1, 1, 1, 1, 1, 1, 1, 1, 1, 1, 1, 1, 1, 1, 1, 1, 1, 1, 1, 1, 1, 1, 1, 1, 1, 1, 1, 1, 1, 1, 1, 1, 1, 1, 1, 1, 1]
vessel_outbound_service_times = [1, 1, 1, 1, 1, 1, 1, 1, 1, 1, 1, 1, 1, 1, 1, 1, 1, 1, 1, 1, 1, 1, 1, 1, 1, 1, 1, 1, 1, 1, 1, 1, 1, 1, 1, 1, 1, 1, 1, 1]
vessel_priority_weights = [2.2, 2.53, 2.69, 2.13, 2.19, 2.31, 2.78, 1.91, 2.65, 2.47, 2.6, 1.75, 2.63, 2.44, 2.5, 1.69, 2.34, 2.29, 2.87, 2.62, 2.31, 2.01, 2.23, 2.39, 1.83, 2.94, 2.63, 1.92, 2.61, 2.56, 2.01, 2.21, 2.62, 2.44, 2.3, 2.0, 1.59, 1.97, 1.66, 2.11]
vessel_waiting_costs = [50.4, 26.1, 19.5, 38.8, 40.8, 22.9, 41.7, 36.8, 17.7, 24.6, 33.5, 36.6, 21.3, 36.2, 51.0, 24.4, 28.3, 44.9, 31.0, 33.6, 42.1, 34.4, 50.6, 51.2, 54.8, 39.3, 30.5, 44.9, 55.4, 30.4, 54.7, 40.6, 32.0, 25.4, 58.3, 31.5, 24.8, 35.8, 33.8, 28.4]
vessel_jit_costs = [21.2, 11.9, 6.4, 11.7, 12.9, 10.7, 13.4, 16.3, 7.0, 11.2, 10.1, 14.9, 8.9, 14.3, 21.0, 11.2, 12.9, 17.3, 11.2, 13.1, 15.1, 13.0, 15.9, 24.6, 22.5, 14.8, 12.9, 15.9, 22.3, 10.4, 23.5, 18.2, 14.1, 12.1, 19.2, 10.5, 10.9, 12.1, 14.8, 13.6]
vessel_horsepower_requirements = [5626, 1934, 1811, 2317, 2680, 1805, 3849, 2880, 1716, 1596, 2344, 2917, 1713, 2697, 4112, 1144, 2922, 5815, 2651, 2840, 3763, 2485, 4784, 4392, 3609, 2419, 2540, 3572, 3461, 2815, 5340, 3075, 3014, 1796, 4218, 2752, 1542, 2385, 2673, 2738]
vessel_early_limits = [1, 1, 2, 2, 1, 2, 1, 2, 1, 2, 1, 1, 2, 1, 2, 1, 1, 1, 1, 1, 1, 2, 1, 1, 2, 1, 1, 2, 1, 1, 1, 2, 2, 2, 1, 2, 1, 1, 1, 2]
vessel_late_limits = [2, 1, 2, 1, 1, 2, 2, 1, 1, 2, 1, 1, 2, 2, 1, 2, 1, 1, 1, 1, 1, 1, 1, 2, 2, 2, 2, 2, 1, 2, 2, 1, 2, 1, 1, 1, 1, 2, 2, 1]
berth_capacities = [4, 3, 5]
tugboat_horsepower = [1247, 2401, 4558, 1228]
tugboat_costs = [33.2, 61.5, 82.1, 22.9]
inbound_preparation_time = 1
outbound_preparation_time = 1
max_tugboats_per_service = 2
time_constraint_tolerance = 2
penalty_parameter = 2800.0
objective_weights = [0.1112, 0.1293, 0.5709, 0.1886]
