# PSP train | 40_3_4_T12 seed=11
# n=40 J=3 K=4 T=12 H_max=2

vessel_num = 40
berth_num = 3
tugboat_num = 4
time_periods = 12
vessel_sizes = [4, 3, 5, 5, 4, 5, 1, 3, 3, 5, 2, 5, 5, 5, 5, 4, 1, 3, 3, 3, 5, 4, 4, 3, 4, 3, 3, 2, 5, 2, 5, 2, 5, 2, 2, 2, 5, 3, 5, 4]
vessel_etas = [0, 0, 0, 1, 1, 1, 2, 2, 2, 2, 2, 3, 3, 3, 3, 3, 4, 4, 5, 5, 6, 6, 6, 7, 7, 7, 8, 8, 9, 9, 9, 9, 9, 9, 10, 10, 10, 11, 11, 11]
vessel_durations = [2, 1, 1, 2, 1, 1, 2, 2, 1, 2, 2, 1, 2, 1, 1, 2, 2, 1, 2, 1, 2, 2, 2, 1, 2, 1, 2, 1, 1, 2, 2, 2, 1, 2, 1, 1, 1, 2, 2, 1]
vessel_inbound_service_times = [1, 1, 1, 1, 1, 1, 1, 1, 1, 1, 1, 1, 1, 1, 1, 1, 1, 1, 1, 1, 1, 1, 1, 1, 1, 1, 1, 1, 1, 1, 1, 1, 1, 1, 1, 1, 1, 1, 1, 1]
vessel_outbound_service_times = [1, 1, 1, 1, 1, 1, 1, 1, 1, 1, 1, 1, 1, 1, 1, 1, 1, 1, 1, 1, 1, 1, 1, 1, 1, 1, 1, 1, 1, 1, 1, 1, 1, 1, 1, 1, 1, 1, 1, 1]
vessel_priority_weights = [2.03, 2.22, 1.86, 1.96, 2.33, 2.72, 1.57, 1.28, 2.3, 2.5, 2.38, 2.83, 2.71, 2.39, 2.35, 2.56, 1.31, 2.31, 2.56, 2.19, 2.0, 2.72, 2.15, 2.27, 2.89, 2.27, 2.35, 2.17, 2.58, 2.62, 1.99, 2.32, 2.99, 1.81, 2.45, 2.68, 2.25, 2.27, 2.21, 2.32]
vessel_waiting_costs = [58.7, 35.3, 48.4, 45.2, 59.5, 43.1, 20.1, 31.4, 35.0, 57.0, 23.9, 57.6, 52.7, 52.3, 57.3, 44.4, 22.4, 29.9, 36.8, 30.5, 57.8, 55.6, 41.9, 29.9, 47.8, 41.2, 37.9, 23.1, 41.9, 20.7, 47.2, 23.2, 60.0, 24.7, 17.8, 23.0, 49.6, 29.6, 43.2, 53.5]
vessel_jit_costs = [28.4, 11.4, 14.8, 19.9, 18.3, 13.0, 8.9, 12.6, 14.6, 24.2, 10.5, 17.5, 24.5, 21.3, 23.3, 15.2, 9.3, 14.4, 13.6, 12.8, 19.6, 18.8, 20.0, 9.5, 18.5, 16.8, 12.9, 10.6, 17.3, 9.6, 20.8, 8.6, 28.0, 9.8, 8.1, 11.1, 16.8, 9.9, 15.4, 22.3]
vessel_horsepower_requirements = [4465, 2867, 4561, 4515, 4141, 4456, 888, 2369, 2644, 4481, 1756, 5272, 5528, 4465, 4443, 4101, 978, 2519, 2654, 2756, 5701, 3464, 4555, 2320, 4314, 2781, 2478, 1879, 5342, 1682, 4916, 1910, 5120, 1859, 1796, 1741, 5490, 2439, 5450, 4514]
vessel_early_limits = [2, 1, 1, 1, 1, 1, 1, 2, 1, 1, 2, 1, 2, 1, 2, 1, 2, 1, 1, 1, 2, 2, 2, 2, 1, 1, 2, 1, 2, 2, 1, 2, 1, 1, 1, 2, 2, 1, 2, 1]
vessel_late_limits = [2, 2, 1, 1, 1, 1, 1, 1, 1, 2, 1, 2, 2, 2, 2, 1, 2, 2, 2, 1, 2, 1, 2, 1, 1, 1, 1, 2, 1, 2, 1, 2, 2, 1, 2, 2, 1, 2, 1, 2]
berth_capacities = [3, 3, 5]
tugboat_horsepower = [3134, 1351, 3406, 1269]
tugboat_costs = [69.9, 29.9, 73.6, 38.0]
inbound_preparation_time = 1
outbound_preparation_time = 1
max_tugboats_per_service = 2
time_constraint_tolerance = 2
penalty_parameter = 3000.0
objective_weights = [0.1135, 0.1262, 0.5661, 0.1942]
