# PSP train | 40_3_4_T12 seed=28
# n=40 J=3 K=4 T=12 H_max=2

vessel_num = 40
berth_num = 3
tugboat_num = 4
time_periods = 12
vessel_sizes = [5, 4, 4, 4, 3, 4, 5, 4, 2, 3, 4, 5, 2, 5, 3, 3, 3, 3, 3, 3, 4, 2, 3, 3, 1, 4, 3, 3, 4, 5, 5, 4, 3, 3, 1, 4, 2, 4, 4, 5]
vessel_etas = [0, 1, 1, 1, 1, 1, 2, 2, 3, 3, 3, 4, 5, 5, 5, 5, 5, 6, 6, 6, 6, 6, 6, 7, 7, 7, 8, 8, 8, 8, 8, 8, 9, 9, 10, 11, 11, 11, 11, 11]
vessel_durations = [1, 1, 1, 2, 1, 1, 1, 1, 2, 2, 2, 2, 2, 2, 2, 2, 1, 2, 2, 1, 1, 1, 1, 2, 1, 1, 2, 1, 1, 2, 1, 1, 2, 2, 2, 1, 1, 1, 1, 1]
vessel_inbound_service_times = [1, 1, 1, 1, 1, 1, 1, 1, 1, 1, 1, 1, 1, 1, 1, 1, 1, 1, 1, 1, 1, 1, 1, 1, 1, 1, 1, 1, 1, 1, 1, 1, 1, 1, 1, 1, 1, 1, 1, 1]
vessel_outbound_service_times = [1, 1, 1, 1, 1, 1, 1, 1, 1, 1, 1, 1, 1, 1, 1, 1, 1, 1, 1, 1, 1, 1, 1, 1, 1, 1, 1, 1, 1, 1, 1, 1, 1, 1, 1, 1, 1, 1, 1, 1]
vessel_priority_weights = [2.62, 2.76, 2.06, 2.43, 2.51, 2.61, 2.44, 2.36, 2.14, 1.94, 2.99, 2.68, 2.18, 2.57, 2.69, 2.22, 2.29, 1.36, 2.34, 2.7, 2.31, 2.73, 1.82, 1.81, 1.78, 2.37, 2.09, 2.26, 2.24, 2.09, 2.73, 2.54, 2.79, 2.38, 1.74, 2.23, 1.65, 1.86, 2.15, 2.11]
vessel_waiting_costs = [45.5, 40.3, 46.6, 45.7, 29.3, 50.5, 55.7, 40.3, 22.8, 41.4, 58.4, 42.6, 26.3, 51.4, 29.7, 35.8, 30.2, 33.0, 28.6, 39.2, 57.1, 21.8, 30.2, 32.1, 24.8, 47.1, 30.2, 39.8, 48.3, 52.9, 58.0, 46.7, 34.1, 32.7, 18.1, 58.2, 24.7, 56.9, 48.9, 59.2]
vessel_jit_costs = [15.0, 14.2, 16.5, 14.7, 9.5, 21.8, 23.2, 12.3, 8.4, 17.6, 19.9, 14.2, 10.9, 22.3, 11.7, 11.4, 9.4, 10.1, 13.2, 12.5, 18.3, 8.2, 11.5, 10.1, 11.3, 18.9, 13.6, 15.2, 19.7, 26.0, 28.8, 21.8, 12.2, 10.8, 9.0, 20.9, 8.1, 19.1, 15.8, 20.4]
vessel_horsepower_requirements = [5800, 3895, 3947, 3824, 2815, 3812, 5933, 3818, 1635, 2733, 4599, 5650, 1716, 5771, 2379, 2634, 2931, 2851, 2744, 2895, 4450, 1610, 2305, 3095, 967, 3829, 2843, 2721, 4397, 4988, 5717, 3402, 2869, 3031, 1126, 4223, 1651, 4106, 3616, 5447]
vessel_early_limits = [1, 2, 1, 2, 1, 1, 2, 2, 2, 2, 1, 1, 1, 2, 1, 2, 2, 2, 1, 2, 2, 2, 2, 2, 2, 1, 1, 1, 2, 2, 1, 2, 1, 2, 2, 1, 2, 2, 1, 2]
vessel_late_limits = [1, 1, 1, 2, 2, 1, 2, 2, 1, 1, 2, 2, 1, 2, 2, 2, 2, 2, 2, 2, 1, 2, 2, 2, 2, 1, 1, 2, 2, 1, 1, 1, 2, 2, 2, 1, 2, 1, 1, 1]
berth_capacities = [5, 3, 3]
tugboat_horsepower = [1404, 3452, 1525, 4949]
tugboat_costs = [23.0, 70.6, 33.6, 129.8]
inbound_preparation_time = 1
outbound_preparation_time = 1
max_tugboats_per_service = 2
time_constraint_tolerance = 2
penalty_parameter = 3200.0
objective_weights = [0.1081, 0.1316, 0.5982, 0.1621]
