# PSP train | 40_3_4_T12 seed=27
# n=40 J=3 K=4 T=12 H_max=2

vessel_num = 40
berth_num = 3
tugboat_num = 4
time_periods = 12
vessel_sizes = [3, 5, 1, 3, 4, 5, 1, 4, 4, 5, 3, 3, 4, 3, 4, 3, 5, 4, 4, 2, 3, 5, 3, 3, 4, 3, 3, 5, 3, 4, 3, 5, 3, 2, 1, 4, 2, 4, 4, 3]
vessel_etas = [0, 0, 1, 1, 1, 1, 2, 2, 2, 2, 3, 3, 3, 3, 3, 3, 3, 4, 4, 4, 4, 5, 5, 5, 6, 6, 6, 7, 7, 7, 7, 8, 8, 9, 9, 9, 10, 10, 11, 11]
vessel_durations = [2, 1, 1, 1, 2, 2, 1, 1, 1, 1, 2, 2, 1, 2, 2, 1, 1, 2, 1, 1, 1, 1, 2, 1, 1, 2, 2, 1, 2, 1, 1, 2, 2, 1, 2, 2, 2, 2, 2, 2]
vessel_inbound_service_times = [1, 1, 1, 1, 1, 1, 1, 1, 1, 1, 1, 1, 1, 1, 1, 1, 1, 1, 1, 1, 1, 1, 1, 1, 1, 1, 1, 1, 1, 1, 1, 1, 1, 1, 1, 1, 1, 1, 1, 1]
vessel_outbound_service_times = [1, 1, 1, 1, 1, 1, 1, 1, 1, 1, 1, 1, 1, 1, 1, 1, 1, 1, 1, 1, 1, 1, 1, 1, 1, 1, 1, 1, 1, 1, 1, 1, 1, 1, 1, 1, 1, 1, 1, 1]
vessel_priority_weights = [2.26, 2.13, 1.51, 2.88, 2.82, 2.36, 1.37, 2.99, 2.3, 2.66, 2.7, 2.34, 2.01, 2.7, 2.4, 1.92, 2.24, 2.97, 2.46, 2.28, 2.13, 1.86, 2.29, 2.23, 2.18, 2.59, 2.69, 2.58, 2.28, 2.86, 1.59, 1.9, 2.14, 2.25, 1.47, 2.35, 2.41, 2.23, 2.33, 2.78]
vessel_waiting_costs = [35.9, 44.4, 20.3, 36.9, 50.0, 57.1, 22.1, 55.4, 58.4, 55.7, 38.8, 30.4, 49.9, 39.3, 53.5, 33.9, 53.5, 57.6, 49.1, 25.1, 33.9, 51.7, 35.5, 39.2, 54.2, 36.4, 40.9, 48.3, 40.0, 44.3, 41.8, 56.2, 34.9, 21.5, 18.6, 55.3, 20.7, 48.9, 59.2, 37.9]
vessel_jit_costs = [17.4, 14.6, 9.0, 14.3, 21.8, 17.5, 6.8, 22.1, 25.6, 22.1, 13.6, 12.7, 20.4, 16.1, 23.4, 15.6, 22.6, 24.9, 17.2, 12.3, 14.2, 23.1, 15.6, 13.8, 24.7, 17.8, 14.3, 23.0, 13.7, 14.7, 13.0, 25.3, 10.9, 10.6, 7.2, 19.3, 8.4, 21.1, 17.8, 14.4]
vessel_horsepower_requirements = [2917, 4509, 954, 2889, 3593, 5845, 1116, 3535, 4403, 5767, 2806, 2487, 4031, 2725, 4493, 2396, 5688, 4335, 3625, 1618, 2583, 4459, 2799, 3050, 4428, 2696, 2366, 4999, 2637, 4257, 2812, 5434, 2863, 1455, 1124, 3665, 1923, 3827, 4460, 2896]
vessel_early_limits = [1, 2, 1, 2, 2, 1, 2, 2, 1, 1, 2, 2, 2, 2, 1, 1, 2, 1, 2, 2, 1, 1, 2, 2, 1, 2, 2, 1, 1, 2, 1, 2, 2, 1, 1, 1, 2, 2, 2, 2]
vessel_late_limits = [2, 2, 2, 1, 1, 2, 1, 2, 1, 2, 1, 2, 1, 2, 2, 2, 2, 1, 1, 2, 2, 1, 1, 2, 2, 2, 1, 1, 2, 1, 2, 1, 2, 2, 1, 1, 2, 1, 2, 2]
berth_capacities = [5, 2, 3]
tugboat_horsepower = [1438, 4509, 1603, 2587]
tugboat_costs = [38.4, 121.7, 39.2, 54.3]
inbound_preparation_time = 1
outbound_preparation_time = 1
max_tugboats_per_service = 2
time_constraint_tolerance = 2
penalty_parameter = 3400.0
objective_weights = [0.1091, 0.1323, 0.5805, 0.178]
