# PSP train | 40_3_4_T12 seed=5
# n=40 J=3 K=4 T=12 H_max=2

vessel_num = 40
berth_num = 3
tugboat_num = 4
time_periods = 12
vessel_sizes = [3, 3, 4, 4, 3, 3, 4, 3, 2, 5, 3, 2, 3, 3, 2, 5, 2, 4, 3, 5, 3, 5, 4, 3, 2, 5, 4, 4, 1, 5, 5, 1, 3, 3, 1, 3, 3, 2, 4, 5]
vessel_etas = [0, 0, 0, 0, 1, 1, 1, 1, 1, 2, 2, 2, 2, 3, 3, 3, 3, 3, 4, 4, 5, 5, 6, 7, 7, 7, 7, 8, 8, 8, 8, 8, 8, 8, 9, 9, 10, 10, 10, 11]
vessel_durations = [1, 1, 2, 2, 2, 1, 1, 1, 1, 2, 2, 1, 1, 1, 1, 1, 2, 1, 2, 1, 2, 2, 2, 2, 1, 1, 1, 2, 2, 2, 2, 2, 2, 2, 2, 2, 1, 1, 2, 2]
vessel_inbound_service_times = [1, 1, 1, 1, 1, 1, 1, 1, 1, 1, 1, 1, 1, 1, 1, 1, 1, 1, 1, 1, 1, 1, 1, 1, 1, 1, 1, 1, 1, 1, 1, 1, 1, 1, 1, 1, 1, 1, 1, 1]
vessel_outbound_service_times = [1, 1, 1, 1, 1, 1, 1, 1, 1, 1, 1, 1, 1, 1, 1, 1, 1, 1, 1, 1, 1, 1, 1, 1, 1, 1, 1, 1, 1, 1, 1, 1, 1, 1, 1, 1, 1, 1, 1, 1]
vessel_priority_weights = [2.39, 2.01, 2.3, 2.83, 2.38, 2.14, 2.21, 1.98, 2.27, 2.25, 2.06, 2.37, 2.43, 2.04, 2.47, 2.62, 2.27, 2.63, 2.67, 2.36, 1.93, 2.6, 2.29, 1.76, 2.52, 1.92, 2.55, 2.27, 1.38, 2.25, 2.49, 1.74, 2.7, 2.8, 1.46, 2.77, 2.85, 2.67, 1.9, 2.75]
vessel_waiting_costs = [39.6, 38.0, 47.4, 50.3, 37.6, 30.1, 46.6, 32.8, 18.9, 45.7, 30.3, 21.9, 31.0, 34.6, 22.5, 49.3, 23.4, 46.9, 28.2, 43.0, 32.8, 49.5, 55.8, 28.7, 18.9, 50.9, 45.2, 43.6, 24.7, 46.2, 56.8, 23.0, 28.1, 32.1, 21.0, 28.2, 28.6, 20.7, 44.8, 58.0]
vessel_jit_costs = [17.1, 17.5, 16.4, 20.7, 17.7, 12.9, 15.7, 13.5, 8.8, 22.4, 9.7, 7.4, 14.0, 14.3, 8.7, 20.8, 10.2, 23.1, 8.9, 18.5, 13.4, 18.7, 23.5, 12.3, 9.2, 21.6, 18.1, 13.5, 11.0, 17.0, 27.4, 8.1, 13.9, 10.1, 6.4, 13.4, 10.4, 8.7, 13.6, 22.6]
vessel_horsepower_requirements = [2456, 2919, 3918, 4591, 3050, 2561, 4328, 2372, 1632, 5515, 2870, 1760, 2414, 2961, 1521, 4865, 1768, 3425, 2600, 5358, 2543, 4463, 4362, 2961, 1689, 4422, 3666, 4211, 1084, 4631, 5005, 871, 2893, 2464, 968, 2893, 3085, 1511, 4356, 5105]
vessel_early_limits = [1, 2, 1, 1, 2, 2, 2, 2, 1, 1, 2, 2, 2, 1, 1, 2, 2, 2, 2, 2, 2, 1, 2, 1, 1, 1, 2, 1, 2, 2, 2, 1, 2, 1, 1, 2, 2, 1, 2, 1]
vessel_late_limits = [1, 2, 1, 2, 2, 1, 1, 1, 2, 2, 2, 2, 2, 2, 1, 2, 2, 2, 1, 2, 2, 2, 2, 1, 1, 1, 1, 1, 1, 2, 1, 2, 1, 1, 2, 2, 1, 1, 2, 2]
berth_capacities = [3, 5, 3]
tugboat_horsepower = [2502, 1619, 1367, 4013]
tugboat_costs = [53.9, 30.1, 37.8, 81.4]
inbound_preparation_time = 1
outbound_preparation_time = 1
max_tugboats_per_service = 2
time_constraint_tolerance = 2
penalty_parameter = 2800.0
objective_weights = [0.1136, 0.1296, 0.5666, 0.1901]
