# PSP train | 40_3_4_T12 seed=26
# n=40 J=3 K=4 T=12 H_max=2

vessel_num = 40
berth_num = 3
tugboat_num = 4
time_periods = 12
vessel_sizes = [3, 3, 4, 5, 2, 4, 3, 4, 4, 3, 5, 4, 4, 3, 3, 2, 4, 4, 2, 4, 2, 5, 2, 5, 5, 1, 5, 3, 5, 5, 3, 3, 1, 5, 5, 2, 2, 5, 2, 3]
vessel_etas = [0, 0, 0, 1, 1, 1, 1, 1, 2, 2, 2, 3, 3, 3, 3, 3, 4, 4, 5, 5, 5, 5, 6, 6, 6, 6, 6, 7, 8, 8, 8, 9, 9, 10, 10, 10, 11, 11, 11, 11]
vessel_durations = [2, 1, 1, 1, 1, 1, 2, 2, 1, 2, 2, 1, 2, 2, 1, 1, 2, 2, 2, 2, 2, 1, 1, 2, 2, 2, 2, 2, 2, 2, 2, 1, 2, 2, 2, 2, 1, 1, 1, 1]
vessel_inbound_service_times = [1, 1, 1, 1, 1, 1, 1, 1, 1, 1, 1, 1, 1, 1, 1, 1, 1, 1, 1, 1, 1, 1, 1, 1, 1, 1, 1, 1, 1, 1, 1, 1, 1, 1, 1, 1, 1, 1, 1, 1]
vessel_outbound_service_times = [1, 1, 1, 1, 1, 1, 1, 1, 1, 1, 1, 1, 1, 1, 1, 1, 1, 1, 1, 1, 1, 1, 1, 1, 1, 1, 1, 1, 1, 1, 1, 1, 1, 1, 1, 1, 1, 1, 1, 1]
vessel_priority_weights = [2.32, 2.73, 2.77, 1.82, 1.9, 2.1, 2.99, 2.22, 2.37, 2.68, 1.83, 2.23, 2.57, 2.08, 2.71, 2.68, 2.4, 2.49, 2.04, 1.94, 2.05, 2.7, 2.03, 2.36, 2.01, 1.97, 2.19, 2.82, 2.18, 2.93, 2.13, 2.83, 1.74, 2.64, 2.07, 2.3, 2.75, 1.94, 2.1, 1.97]
vessel_waiting_costs = [34.5, 28.4, 42.4, 49.4, 20.3, 57.7, 37.1, 45.4, 40.2, 41.1, 57.6, 40.9, 55.0, 37.9, 29.0, 24.2, 53.3, 49.5, 20.1, 43.4, 23.3, 58.2, 19.0, 55.7, 56.9, 26.0, 53.6, 41.7, 44.0, 45.7, 35.1, 37.3, 17.6, 48.6, 51.8, 17.7, 21.0, 48.6, 25.9, 32.5]
vessel_jit_costs = [10.4, 12.1, 19.2, 17.8, 10.0, 20.8, 13.4, 18.1, 14.9, 18.9, 18.3, 19.6, 19.1, 15.7, 11.1, 9.7, 21.2, 22.7, 8.4, 13.8, 7.1, 24.3, 8.2, 20.0, 23.5, 10.5, 20.8, 20.3, 15.0, 14.4, 11.4, 14.3, 5.5, 16.4, 24.1, 8.8, 7.5, 18.1, 9.6, 12.6]
vessel_horsepower_requirements = [2832, 3070, 3736, 5274, 1725, 4472, 2958, 3516, 3850, 2774, 4543, 3642, 3915, 2773, 3076, 1746, 3856, 3561, 1499, 4121, 1555, 5735, 1764, 5799, 4747, 1150, 4898, 3078, 5270, 5345, 2674, 2664, 997, 5052, 5148, 1855, 1478, 5118, 1663, 2852]
vessel_early_limits = [1, 1, 1, 2, 1, 2, 2, 2, 2, 2, 1, 1, 1, 1, 1, 2, 2, 1, 1, 1, 1, 2, 2, 2, 1, 1, 1, 1, 1, 1, 1, 1, 2, 2, 2, 2, 2, 1, 1, 1]
vessel_late_limits = [1, 1, 1, 1, 1, 1, 2, 2, 1, 1, 1, 2, 2, 2, 2, 1, 2, 1, 1, 1, 2, 2, 1, 1, 2, 1, 1, 1, 2, 1, 1, 1, 2, 2, 2, 2, 1, 2, 2, 1]
berth_capacities = [3, 5, 3]
tugboat_horsepower = [2299, 1426, 3748, 1217]
tugboat_costs = [42.8, 26.6, 74.1, 35.7]
inbound_preparation_time = 1
outbound_preparation_time = 1
max_tugboats_per_service = 2
time_constraint_tolerance = 2
penalty_parameter = 2900.0
objective_weights = [0.1102, 0.1192, 0.5535, 0.2172]
