# PSP train | 40_3_4_T12 seed=37
# n=40 J=3 K=4 T=12 H_max=2

vessel_num = 40
berth_num = 3
tugboat_num = 4
time_periods = 12
vessel_sizes = [4, 3, 4, 2, 3, 3, 3, 4, 3, 3, 5, 3, 5, 5, 3, 3, 5, 3, 2, 5, 3, 3, 2, 5, 4, 3, 2, 5, 5, 4, 3, 3, 2, 3, 4, 5, 5, 3, 4, 4]
vessel_etas = [0, 0, 1, 1, 1, 1, 2, 2, 3, 3, 3, 3, 3, 3, 3, 4, 4, 5, 5, 6, 6, 7, 7, 7, 7, 7, 7, 8, 8, 8, 9, 9, 9, 9, 9, 10, 10, 10, 11, 11]
vessel_durations = [1, 1, 1, 1, 1, 1, 1, 1, 2, 1, 1, 2, 2, 1, 2, 2, 1, 1, 1, 1, 2, 2, 2, 1, 2, 1, 2, 2, 2, 2, 2, 1, 1, 2, 1, 1, 2, 2, 1, 1]
vessel_inbound_service_times = [1, 1, 1, 1, 1, 1, 1, 1, 1, 1, 1, 1, 1, 1, 1, 1, 1, 1, 1, 1, 1, 1, 1, 1, 1, 1, 1, 1, 1, 1, 1, 1, 1, 1, 1, 1, 1, 1, 1, 1]
vessel_outbound_service_times = [1, 1, 1, 1, 1, 1, 1, 1, 1, 1, 1, 1, 1, 1, 1, 1, 1, 1, 1, 1, 1, 1, 1, 1, 1, 1, 1, 1, 1, 1, 1, 1, 1, 1, 1, 1, 1, 1, 1, 1]
vessel_priority_weights = [2.89, 2.06, 2.47, 1.86, 2.34, 2.45, 1.96, 2.68, 2.18, 2.71, 2.36, 2.07, 2.47, 2.27, 1.42, 2.3, 2.28, 2.34, 2.1, 1.95, 2.49, 2.03, 2.14, 2.44, 2.96, 2.78, 1.59, 2.07, 2.82, 2.98, 1.85, 1.9, 2.54, 2.14, 1.88, 1.91, 1.85, 2.47, 2.46, 2.5]
vessel_waiting_costs = [51.2, 36.0, 56.4, 22.8, 39.6, 38.7, 38.6, 45.6, 39.5, 40.6, 58.2, 28.5, 45.9, 52.0, 33.8, 33.4, 55.0, 34.9, 19.8, 56.5, 35.6, 29.7, 18.9, 59.9, 45.4, 37.2, 25.3, 46.7, 41.1, 48.9, 38.2, 32.8, 18.8, 39.6, 51.7, 51.5, 48.5, 28.7, 57.4, 49.5]
vessel_jit_costs = [24.7, 13.2, 17.8, 10.6, 15.7, 17.2, 12.3, 22.6, 13.7, 18.0, 25.5, 12.8, 20.3, 25.8, 13.1, 10.4, 25.2, 11.2, 6.9, 21.8, 11.6, 10.0, 7.2, 27.8, 16.2, 17.4, 9.2, 20.9, 19.6, 22.0, 14.9, 13.6, 6.9, 12.0, 23.6, 21.6, 23.1, 14.2, 23.1, 17.4]
vessel_horsepower_requirements = [3604, 2905, 3625, 1491, 3059, 2447, 2749, 3742, 2579, 2586, 4934, 2707, 5631, 5644, 2834, 2311, 5440, 2473, 1953, 5579, 3098, 2857, 1945, 5298, 3873, 2465, 1570, 5078, 4901, 3983, 2796, 3034, 1889, 2335, 3985, 5897, 4562, 2858, 4350, 3421]
vessel_early_limits = [1, 1, 1, 1, 1, 2, 1, 1, 2, 2, 1, 1, 1, 2, 1, 1, 1, 2, 1, 2, 2, 1, 1, 1, 1, 1, 2, 2, 1, 2, 1, 1, 1, 2, 1, 2, 2, 2, 2, 1]
vessel_late_limits = [1, 2, 2, 1, 2, 2, 2, 1, 1, 1, 2, 1, 2, 1, 1, 2, 1, 2, 1, 2, 2, 1, 2, 1, 1, 2, 2, 1, 1, 2, 1, 2, 1, 2, 1, 1, 1, 2, 1, 2]
berth_capacities = [2, 4, 5]
tugboat_horsepower = [908, 2468, 906, 4892]
tugboat_costs = [23.3, 60.2, 33.5, 86.9]
inbound_preparation_time = 1
outbound_preparation_time = 1
max_tugboats_per_service = 2
time_constraint_tolerance = 2
penalty_parameter = 3000.0
objective_weights = [0.1163, 0.1314, 0.5474, 0.2049]
