# PSP train | 40_3_4_T12 seed=34
# n=40 J=3 K=4 T=12 H_max=2

vessel_num = 40
berth_num = 3
tugboat_num = 4
time_periods = 12
vessel_sizes = [5, 3, 3, 3, 2, 3, 3, 3, 3, 5, 3, 3, 3, 3, 3, 2, 3, 3, 4, 2, 5, 5, 4, 3, 3, 5, 3, 3, 5, 4, 4, 4, 5, 2, 3, 4, 2, 3, 2, 3]
vessel_etas = [0, 1, 1, 2, 2, 2, 2, 2, 2, 3, 4, 4, 5, 6, 6, 6, 6, 6, 6, 7, 7, 7, 7, 7, 7, 7, 8, 8, 8, 8, 9, 9, 9, 9, 9, 10, 11, 11, 11, 11]
vessel_durations = [2, 2, 2, 2, 2, 2, 2, 2, 1, 1, 1, 1, 2, 2, 1, 2, 2, 2, 2, 2, 2, 2, 1, 2, 1, 2, 1, 2, 2, 2, 1, 1, 2, 2, 1, 2, 2, 2, 2, 1]
vessel_inbound_service_times = [1, 1, 1, 1, 1, 1, 1, 1, 1, 1, 1, 1, 1, 1, 1, 1, 1, 1, 1, 1, 1, 1, 1, 1, 1, 1, 1, 1, 1, 1, 1, 1, 1, 1, 1, 1, 1, 1, 1, 1]
vessel_outbound_service_times = [1, 1, 1, 1, 1, 1, 1, 1, 1, 1, 1, 1, 1, 1, 1, 1, 1, 1, 1, 1, 1, 1, 1, 1, 1, 1, 1, 1, 1, 1, 1, 1, 1, 1, 1, 1, 1, 1, 1, 1]
vessel_priority_weights = [2.61, 2.34, 2.36, 2.41, 2.13, 2.21, 2.8, 2.91, 2.28, 2.76, 2.62, 2.21, 2.22, 2.23, 1.62, 1.95, 2.87, 2.12, 2.02, 1.81, 2.3, 2.49, 2.69, 2.05, 2.29, 2.02, 2.84, 2.84, 1.85, 2.47, 2.0, 2.4, 2.1, 2.63, 2.28, 2.96, 1.95, 2.54, 2.42, 2.21]
vessel_waiting_costs = [54.9, 39.2, 33.7, 30.5, 19.6, 35.4, 33.4, 37.5, 30.2, 54.6, 38.5, 38.0, 36.4, 34.0, 38.3, 24.9, 40.8, 37.0, 41.5, 17.6, 53.5, 59.6, 51.9, 41.5, 32.9, 42.4, 39.3, 34.7, 59.4, 52.6, 52.6, 51.6, 41.4, 19.0, 35.5, 43.7, 18.7, 28.8, 25.8, 38.8]
vessel_jit_costs = [19.7, 18.0, 14.0, 14.2, 8.6, 12.5, 11.8, 16.1, 9.5, 25.4, 17.8, 18.9, 14.7, 16.4, 16.2, 7.8, 17.1, 17.0, 14.3, 6.1, 20.6, 21.9, 23.7, 13.1, 11.1, 16.9, 12.2, 16.7, 24.2, 24.1, 21.4, 17.3, 18.1, 5.9, 17.5, 17.7, 7.4, 11.1, 9.5, 16.0]
vessel_horsepower_requirements = [4728, 3090, 2840, 3069, 1640, 2886, 2466, 3062, 3088, 4803, 2998, 2818, 2891, 2535, 2672, 1532, 3022, 2421, 3654, 1627, 4985, 4729, 4044, 2600, 2790, 5225, 2727, 2951, 5371, 4268, 4239, 3650, 5759, 1830, 3103, 4256, 1927, 3021, 1527, 2924]
vessel_early_limits = [1, 1, 2, 2, 2, 1, 2, 2, 2, 2, 1, 1, 1, 2, 1, 1, 2, 2, 2, 1, 1, 2, 2, 1, 2, 2, 1, 1, 1, 2, 1, 2, 2, 2, 2, 2, 2, 2, 2, 2]
vessel_late_limits = [1, 1, 1, 2, 1, 1, 1, 2, 2, 2, 1, 2, 2, 2, 2, 2, 1, 2, 1, 1, 2, 1, 2, 2, 1, 2, 1, 1, 1, 1, 1, 2, 1, 2, 2, 2, 2, 2, 2, 1]
berth_capacities = [2, 5, 3]
tugboat_horsepower = [1391, 2758, 3302, 1398]
tugboat_costs = [33.6, 57.2, 85.8, 26.7]
inbound_preparation_time = 1
outbound_preparation_time = 1
max_tugboats_per_service = 2
time_constraint_tolerance = 2
penalty_parameter = 3100.0
objective_weights = [0.1079, 0.1236, 0.5655, 0.203]
