# PSP train | 40_3_4_T12 seed=9
# n=40 J=3 K=4 T=12 H_max=2

vessel_num = 40
berth_num = 3
tugboat_num = 4
time_periods = 12
vessel_sizes = [1, 4, 5, 2, 2, 4, 4, 5, 2, 5, 3, 2, 4, 4, 4, 4, 5, 5, 5, 1, 2, 5, 3, 3, 3, 3, 2, 4, 3, 3, 4, 4, 3, 2, 3, 4, 3, 4, 5, 3]
vessel_etas = [0, 0, 0, 0, 1, 1, 1, 1, 1, 2, 2, 2, 2, 3, 3, 4, 4, 4, 4, 4, 5, 5, 5, 6, 6, 6, 6, 7, 8, 8, 8, 8, 9, 9, 10, 10, 10, 11, 11, 11]
vessel_durations = [1, 2, 2, 1, 2, 1, 1, 2, 1, 2, 2, 1, 2, 2, 1, 2, 1, 1, 1, 1, 1, 1, 2, 1, 1, 1, 2, 1, 2, 1, 1, 2, 1, 1, 1, 2, 1, 2, 1, 2]
vessel_inbound_service_times = [1, 1, 1, 1, 1, 1, 1, 1, 1, 1, 1, 1, 1, 1, 1, 1, 1, 1, 1, 1, 1, 1, 1, 1, 1, 1, 1, 1, 1, 1, 1, 1, 1, 1, 1, 1, 1, 1, 1, 1]
vessel_outbound_service_times = [1, 1, 1, 1, 1, 1, 1, 1, 1, 1, 1, 1, 1, 1, 1, 1, 1, 1, 1, 1, 1, 1, 1, 1, 1, 1, 1, 1, 1, 1, 1, 1, 1, 1, 1, 1, 1, 1, 1, 1]
vessel_priority_weights = [1.24, 2.4, 2.26, 2.11, 2.56, 2.31, 2.96, 2.51, 2.26, 2.95, 1.94, 2.14, 2.69, 2.0, 2.33, 2.42, 2.25, 2.23, 2.42, 1.8, 2.1, 2.57, 2.61, 2.15, 2.43, 2.1, 2.4, 2.44, 2.31, 2.42, 2.16, 1.9, 1.75, 2.34, 2.24, 1.94, 2.47, 2.34, 2.21, 1.78]
vessel_waiting_costs = [21.6, 55.0, 48.5, 25.0, 17.7, 41.0, 47.1, 47.4, 25.4, 54.5, 29.4, 22.8, 45.2, 49.4, 55.2, 53.2, 44.5, 40.6, 51.7, 23.4, 23.8, 47.9, 39.5, 34.5, 32.4, 40.4, 23.2, 58.5, 38.6, 35.0, 40.7, 42.8, 38.5, 23.5, 35.2, 45.2, 38.8, 50.7, 54.8, 34.5]
vessel_jit_costs = [8.0, 18.0, 19.5, 10.3, 7.3, 18.6, 17.6, 21.8, 9.8, 18.4, 9.8, 10.9, 15.8, 20.0, 16.7, 19.5, 22.2, 18.0, 25.5, 8.6, 8.7, 15.1, 13.8, 15.1, 15.2, 17.9, 10.7, 22.0, 18.4, 16.3, 20.3, 16.4, 18.0, 10.0, 14.1, 16.9, 18.2, 25.3, 23.5, 16.8]
vessel_horsepower_requirements = [956, 3688, 5845, 1805, 1495, 3732, 4335, 5516, 1894, 4624, 2990, 1635, 4239, 3771, 4520, 4058, 5399, 4685, 4665, 1089, 1576, 4631, 2914, 2334, 2391, 2913, 1551, 4564, 2706, 2851, 3575, 3555, 3077, 1481, 2447, 4197, 2623, 4026, 4978, 2478]
vessel_early_limits = [1, 2, 1, 2, 2, 1, 1, 2, 2, 1, 2, 2, 1, 1, 2, 2, 1, 1, 1, 1, 1, 2, 2, 1, 1, 1, 2, 2, 1, 1, 2, 1, 1, 2, 1, 2, 2, 1, 2, 2]
vessel_late_limits = [2, 2, 2, 1, 2, 1, 2, 2, 1, 1, 1, 1, 1, 1, 2, 1, 2, 2, 1, 1, 1, 1, 2, 2, 2, 2, 2, 2, 2, 2, 1, 2, 2, 1, 1, 2, 1, 1, 1, 1]
berth_capacities = [5, 4, 2]
tugboat_horsepower = [1358, 4522, 2730, 852]
tugboat_costs = [31.6, 106.9, 73.3, 35.2]
inbound_preparation_time = 1
outbound_preparation_time = 1
max_tugboats_per_service = 2
time_constraint_tolerance = 2
penalty_parameter = 3100.0
objective_weights = [0.1144, 0.1393, 0.5754, 0.1709]
