# PSP train | 40_3_4_T12 seed=33
# n=40 J=3 K=4 T=12 H_max=2

vessel_num = 40
berth_num = 3
tugboat_num = 4
time_periods = 12
vessel_sizes = [4, 3, 5, 3, 4, 3, 4, 5, 3, 3, 4, 1, 5, 2, 3, 3, 2, 5, 3, 5, 4, 4, 5, 2, 2, 4, 4, 3, 2, 3, 2, 2, 4, 3, 4, 3, 5, 5, 5, 5]
vessel_etas = [0, 0, 0, 1, 1, 1, 1, 1, 2, 3, 3, 3, 3, 4, 4, 5, 5, 5, 5, 6, 6, 6, 7, 8, 8, 9, 9, 9, 9, 9, 9, 9, 10, 10, 10, 10, 10, 11, 11, 11]
vessel_durations = [1, 2, 1, 1, 2, 2, 1, 1, 1, 2, 1, 1, 2, 1, 1, 1, 2, 2, 1, 2, 1, 1, 1, 2, 1, 1, 1, 1, 2, 1, 2, 2, 1, 1, 1, 2, 1, 2, 1, 1]
vessel_inbound_service_times = [1, 1, 1, 1, 1, 1, 1, 1, 1, 1, 1, 1, 1, 1, 1, 1, 1, 1, 1, 1, 1, 1, 1, 1, 1, 1, 1, 1, 1, 1, 1, 1, 1, 1, 1, 1, 1, 1, 1, 1]
vessel_outbound_service_times = [1, 1, 1, 1, 1, 1, 1, 1, 1, 1, 1, 1, 1, 1, 1, 1, 1, 1, 1, 1, 1, 1, 1, 1, 1, 1, 1, 1, 1, 1, 1, 1, 1, 1, 1, 1, 1, 1, 1, 1]
vessel_priority_weights = [2.92, 2.98, 2.93, 2.02, 2.6, 2.28, 2.5, 2.95, 2.28, 1.63, 2.97, 1.58, 2.69, 2.29, 2.16, 2.63, 2.54, 2.08, 1.88, 2.74, 2.95, 2.45, 2.26, 2.65, 2.12, 2.58, 1.8, 2.85, 1.59, 2.32, 1.81, 2.05, 2.45, 2.26, 2.68, 2.37, 2.33, 2.34, 2.58, 2.26]
vessel_waiting_costs = [40.6, 30.0, 50.8, 34.6, 40.4, 40.7, 51.1, 40.6, 28.3, 29.2, 43.0, 24.0, 46.4, 24.1, 37.1, 36.0, 20.4, 55.8, 29.9, 44.5, 49.2, 51.8, 46.8, 18.2, 18.9, 55.5, 42.4, 29.9, 18.1, 37.2, 17.9, 20.6, 47.6, 35.1, 47.6, 37.8, 45.2, 57.1, 48.6, 48.9]
vessel_jit_costs = [13.6, 13.0, 16.5, 11.8, 18.7, 17.0, 19.7, 16.6, 11.0, 9.9, 14.2, 11.9, 21.6, 9.7, 12.2, 12.3, 9.9, 27.6, 9.6, 16.9, 15.5, 18.2, 18.8, 8.4, 6.7, 17.8, 15.8, 12.2, 8.9, 16.5, 7.3, 9.7, 17.6, 14.2, 15.2, 13.7, 20.1, 23.6, 22.0, 17.4]
vessel_horsepower_requirements = [3682, 2987, 5053, 2928, 4094, 2379, 4248, 5083, 2447, 2608, 3951, 863, 5098, 1709, 3093, 2613, 1771, 4993, 2687, 5972, 4565, 3407, 4788, 1574, 1940, 4322, 4118, 2543, 1593, 2358, 1871, 1750, 4021, 2691, 4162, 2977, 5516, 5263, 5510, 4744]
vessel_early_limits = [1, 1, 1, 2, 2, 2, 1, 2, 1, 2, 2, 1, 1, 1, 2, 2, 2, 2, 1, 2, 2, 2, 1, 1, 2, 1, 2, 2, 2, 1, 1, 1, 2, 2, 1, 2, 1, 2, 1, 1]
vessel_late_limits = [1, 1, 2, 2, 1, 1, 1, 2, 1, 1, 2, 2, 2, 1, 1, 2, 2, 1, 1, 1, 1, 2, 2, 2, 2, 2, 2, 2, 1, 2, 2, 1, 2, 1, 2, 2, 2, 1, 2, 1]
berth_capacities = [5, 4, 3]
tugboat_horsepower = [1540, 3975, 1155, 3045]
tugboat_costs = [47.9, 94.2, 22.2, 62.7]
inbound_preparation_time = 1
outbound_preparation_time = 1
max_tugboats_per_service = 2
time_constraint_tolerance = 2
penalty_parameter = 3000.0
objective_weights = [0.1085, 0.1344, 0.5773, 0.1798]
