# PSP train | 40_3_4_T12 seed=6
# n=40 J=3 K=4 T=12 H_max=2

vessel_num = 40
berth_num = 3
tugboat_num = 4
time_periods = 12
vessel_sizes = [2, 3, 4, 5, 5, 3, 3, 3, 4, 2, 4, 3, 1, 5, 1, 2, 4, 2, 3, 3, 3, 4, 4, 3, 4, 3, 2, 5, 3, 3, 4, 4, 5, 3, 5, 4, 3, 2, 5, 5]
vessel_etas = [2, 2, 3, 4, 4, 4, 4, 4, 4, 5, 5, 5, 5, 5, 6, 6, 6, 6, 6, 7, 7, 7, 7, 7, 7, 7, 7, 8, 8, 9, 9, 9, 9, 9, 10, 10, 10, 10, 11, 11]
vessel_durations = [1, 1, 1, 2, 2, 1, 1, 2, 2, 1, 1, 2, 1, 1, 1, 1, 1, 1, 1, 2, 2, 1, 2, 1, 2, 1, 2, 1, 1, 1, 1, 1, 1, 2, 2, 1, 2, 2, 1, 2]
vessel_inbound_service_times = [1, 1, 1, 1, 1, 1, 1, 1, 1, 1, 1, 1, 1, 1, 1, 1, 1, 1, 1, 1, 1, 1, 1, 1, 1, 1, 1, 1, 1, 1, 1, 1, 1, 1, 1, 1, 1, 1, 1, 1]
vessel_outbound_service_times = [1, 1, 1, 1, 1, 1, 1, 1, 1, 1, 1, 1, 1, 1, 1, 1, 1, 1, 1, 1, 1, 1, 1, 1, 1, 1, 1, 1, 1, 1, 1, 1, 1, 1, 1, 1, 1, 1, 1, 1]
vessel_priority_weights = [2.67, 2.29, 2.42, 2.86, 2.84, 2.42, 2.65, 2.16, 2.36, 2.48, 2.81, 2.78, 1.72, 2.5, 1.82, 2.49, 2.29, 2.07, 2.29, 2.38, 2.24, 2.14, 2.42, 2.2, 2.93, 2.05, 2.3, 2.75, 1.69, 2.21, 2.47, 2.73, 2.67, 2.25, 2.75, 1.87, 1.92, 2.11, 2.48, 2.48]
vessel_waiting_costs = [26.4, 36.3, 53.0, 41.3, 42.2, 38.1, 35.1, 37.6, 41.7, 23.5, 47.0, 38.2, 19.1, 52.6, 24.1, 18.6, 49.1, 22.6, 41.6, 40.8, 28.0, 40.6, 49.1, 31.8, 47.7, 29.4, 20.9, 42.9, 34.6, 28.3, 56.8, 48.9, 59.9, 37.5, 41.4, 54.1, 41.8, 21.5, 50.8, 50.9]
vessel_jit_costs = [12.4, 17.2, 24.4, 13.5, 17.8, 12.6, 11.3, 17.1, 20.7, 7.6, 15.6, 18.5, 6.4, 24.8, 9.4, 7.9, 22.6, 10.1, 17.7, 14.5, 13.3, 20.2, 15.3, 14.1, 20.3, 13.7, 9.8, 18.6, 13.2, 11.5, 18.2, 14.8, 29.6, 14.9, 13.4, 24.8, 19.7, 7.5, 18.8, 24.3]
vessel_horsepower_requirements = [1538, 2898, 4264, 5179, 4497, 3036, 2927, 2488, 4377, 1926, 4368, 2550, 866, 4742, 888, 1714, 3856, 1953, 2685, 2955, 3001, 3481, 3465, 2389, 3645, 2961, 1862, 5479, 2526, 2647, 4393, 3871, 5777, 2435, 4780, 4205, 2453, 1608, 4430, 5734]
vessel_early_limits = [2, 2, 2, 1, 2, 2, 1, 1, 2, 2, 2, 1, 2, 2, 2, 1, 1, 1, 1, 1, 1, 1, 1, 1, 1, 1, 1, 2, 2, 2, 2, 1, 1, 2, 2, 1, 1, 2, 2, 2]
vessel_late_limits = [1, 2, 1, 1, 1, 2, 1, 1, 2, 2, 2, 1, 2, 1, 2, 1, 2, 2, 2, 1, 1, 1, 2, 2, 2, 2, 1, 2, 1, 1, 1, 2, 1, 2, 1, 1, 2, 2, 1, 1]
berth_capacities = [5, 2, 3]
tugboat_horsepower = [1735, 3257, 1732, 3042]
tugboat_costs = [43.0, 91.1, 42.2, 74.6]
inbound_preparation_time = 1
outbound_preparation_time = 1
max_tugboats_per_service = 2
time_constraint_tolerance = 2
penalty_parameter = 3200.0
objective_weights = [0.1091, 0.1409, 0.5761, 0.1739]
