# PSP train | 40_3_4_T12 seed=31
# n=40 J=3 K=4 T=12 H_max=2

vessel_num = 40
berth_num = 3
tugboat_num = 4
time_periods = 12
vessel_sizes = [3, 3, 3, 3, 2, 3, 4, 3, 4, 1, 4, 3, 4, 4, 2, 4, 3, 5, 3, 5, 3, 3, 3, 3, 2, 5, 3, 5, 5, 4, 3, 4, 3, 4, 1, 3, 3, 4, 4, 3]
vessel_etas = [0, 0, 0, 0, 1, 1, 2, 2, 2, 3, 3, 3, 3, 3, 4, 4, 4, 5, 6, 6, 7, 7, 7, 7, 7, 8, 8, 8, 8, 8, 8, 9, 9, 9, 9, 9, 11, 11, 11, 11]
vessel_durations = [2, 2, 1, 2, 2, 1, 2, 2, 1, 2, 2, 2, 1, 1, 2, 1, 2, 1, 2, 1, 2, 1, 2, 1, 2, 2, 2, 2, 2, 1, 2, 1, 2, 2, 1, 2, 1, 1, 1, 1]
vessel_inbound_service_times = [1, 1, 1, 1, 1, 1, 1, 1, 1, 1, 1, 1, 1, 1, 1, 1, 1, 1, 1, 1, 1, 1, 1, 1, 1, 1, 1, 1, 1, 1, 1, 1, 1, 1, 1, 1, 1, 1, 1, 1]
vessel_outbound_service_times = [1, 1, 1, 1, 1, 1, 1, 1, 1, 1, 1, 1, 1, 1, 1, 1, 1, 1, 1, 1, 1, 1, 1, 1, 1, 1, 1, 1, 1, 1, 1, 1, 1, 1, 1, 1, 1, 1, 1, 1]
vessel_priority_weights = [2.46, 1.5, 2.31, 2.09, 2.39, 2.82, 2.26, 2.58, 2.22, 1.74, 2.79, 2.52, 2.5, 2.36, 1.27, 2.67, 1.95, 2.81, 2.99, 2.27, 2.72, 2.73, 1.95, 2.39, 2.26, 2.56, 2.63, 2.17, 2.18, 2.31, 2.77, 2.31, 2.27, 1.82, 1.22, 2.46, 2.38, 2.47, 1.89, 2.39]
vessel_waiting_costs = [41.7, 31.3, 33.8, 41.5, 18.5, 30.3, 53.0, 35.6, 45.8, 24.0, 44.9, 41.5, 55.5, 48.5, 23.3, 54.2, 31.4, 40.4, 36.4, 58.0, 30.6, 34.4, 37.8, 31.9, 26.0, 57.7, 37.1, 48.3, 54.5, 50.7, 36.3, 48.4, 37.8, 57.1, 21.9, 35.7, 35.1, 47.9, 55.1, 29.2]
vessel_jit_costs = [17.2, 11.7, 13.6, 15.8, 5.9, 10.9, 19.5, 13.5, 20.8, 7.7, 21.1, 16.4, 22.4, 24.2, 11.5, 23.1, 10.8, 18.0, 15.8, 20.7, 10.6, 12.3, 18.4, 11.8, 9.2, 21.3, 12.6, 19.7, 16.5, 20.6, 16.9, 19.5, 18.5, 25.9, 8.9, 10.7, 10.9, 22.6, 20.9, 10.2]
vessel_horsepower_requirements = [2421, 2338, 2684, 3092, 1577, 2329, 4059, 2362, 3771, 1002, 3958, 3090, 4575, 4360, 1728, 3498, 2630, 5052, 2854, 5321, 2535, 2877, 2519, 3064, 1729, 5619, 2529, 4978, 5754, 4035, 2816, 3693, 2910, 3646, 1049, 2447, 2479, 4399, 4161, 2507]
vessel_early_limits = [1, 2, 1, 2, 2, 1, 1, 1, 2, 2, 2, 2, 2, 2, 2, 1, 1, 1, 1, 2, 1, 2, 1, 2, 2, 1, 2, 2, 1, 1, 1, 2, 1, 1, 1, 1, 2, 2, 1, 2]
vessel_late_limits = [2, 1, 1, 1, 2, 2, 1, 1, 2, 1, 2, 2, 1, 2, 1, 1, 1, 1, 2, 2, 2, 1, 2, 2, 1, 1, 2, 2, 1, 1, 1, 2, 2, 2, 2, 1, 2, 2, 2, 1]
berth_capacities = [5, 3, 3]
tugboat_horsepower = [937, 3429, 1678, 3708]
tugboat_costs = [36.3, 62.6, 30.5, 62.1]
inbound_preparation_time = 1
outbound_preparation_time = 1
max_tugboats_per_service = 2
time_constraint_tolerance = 2
penalty_parameter = 3000.0
objective_weights = [0.1117, 0.1231, 0.5524, 0.2127]
