# PSP train | 40_3_4_T12 seed=36
# n=40 J=3 K=4 T=12 H_max=2

vessel_num = 40
berth_num = 3
tugboat_num = 4
time_periods = 12
vessel_sizes = [4, 1, 4, 4, 3, 3, 3, 3, 4, 5, 3, 2, 4, 4, 5, 2, 2, 4, 3, 4, 3, 5, 4, 5, 3, 4, 3, 4, 5, 4, 4, 4, 4, 3, 5, 2, 5, 3, 4, 4]
vessel_etas = [0, 0, 1, 1, 1, 1, 2, 2, 2, 2, 3, 3, 4, 4, 5, 5, 5, 5, 5, 5, 6, 6, 6, 6, 6, 6, 7, 7, 7, 8, 8, 8, 9, 9, 9, 9, 10, 10, 10, 11]
vessel_durations = [1, 2, 2, 1, 1, 2, 1, 1, 1, 1, 1, 1, 2, 1, 1, 2, 1, 1, 2, 2, 2, 2, 2, 2, 2, 2, 1, 2, 1, 1, 2, 1, 1, 2, 2, 1, 2, 2, 2, 1]
vessel_inbound_service_times = [1, 1, 1, 1, 1, 1, 1, 1, 1, 1, 1, 1, 1, 1, 1, 1, 1, 1, 1, 1, 1, 1, 1, 1, 1, 1, 1, 1, 1, 1, 1, 1, 1, 1, 1, 1, 1, 1, 1, 1]
vessel_outbound_service_times = [1, 1, 1, 1, 1, 1, 1, 1, 1, 1, 1, 1, 1, 1, 1, 1, 1, 1, 1, 1, 1, 1, 1, 1, 1, 1, 1, 1, 1, 1, 1, 1, 1, 1, 1, 1, 1, 1, 1, 1]
vessel_priority_weights = [2.91, 1.75, 2.07, 2.23, 2.35, 2.09, 2.14, 2.24, 2.65, 2.26, 2.4, 2.24, 2.36, 2.44, 1.92, 1.97, 1.27, 2.45, 2.62, 2.25, 2.6, 2.6, 2.9, 2.03, 2.36, 2.13, 2.97, 2.75, 2.5, 2.48, 2.3, 2.25, 1.9, 1.56, 2.5, 2.58, 2.72, 2.14, 2.33, 2.86]
vessel_waiting_costs = [54.7, 20.5, 51.4, 42.9, 37.8, 40.2, 39.0, 33.4, 44.2, 57.9, 40.7, 21.1, 58.8, 54.7, 44.3, 18.1, 24.6, 41.5, 40.3, 52.9, 37.0, 46.8, 51.1, 45.2, 35.4, 58.2, 29.2, 56.0, 54.4, 47.6, 53.9, 51.8, 46.6, 34.5, 59.6, 18.5, 52.7, 38.2, 48.2, 60.0]
vessel_jit_costs = [22.1, 7.4, 22.5, 16.4, 14.9, 20.0, 11.8, 10.4, 20.8, 22.9, 16.1, 6.6, 21.7, 16.6, 20.5, 8.8, 10.4, 18.4, 19.4, 21.9, 13.4, 18.8, 17.6, 15.0, 16.6, 20.1, 10.5, 17.7, 20.5, 16.8, 25.9, 16.3, 16.2, 10.5, 23.4, 6.2, 23.6, 11.6, 14.6, 27.3]
vessel_horsepower_requirements = [3636, 1111, 4199, 3880, 2702, 3015, 2625, 2683, 3850, 4964, 3092, 1819, 4347, 4491, 5715, 1731, 1785, 3809, 2807, 3513, 2419, 5786, 3443, 5186, 2694, 3947, 2302, 4154, 4464, 3445, 3697, 3429, 4377, 2487, 5154, 1712, 5748, 2601, 4413, 3764]
vessel_early_limits = [1, 1, 2, 2, 2, 2, 1, 2, 1, 2, 2, 2, 1, 1, 2, 2, 2, 1, 2, 2, 1, 1, 1, 1, 2, 2, 1, 2, 1, 1, 1, 1, 2, 1, 2, 1, 2, 1, 1, 1]
vessel_late_limits = [1, 1, 1, 1, 2, 2, 2, 1, 1, 2, 2, 1, 2, 1, 1, 2, 2, 1, 1, 1, 1, 2, 1, 2, 1, 1, 1, 2, 1, 1, 1, 1, 2, 2, 2, 2, 2, 2, 2, 1]
berth_capacities = [5, 3, 3]
tugboat_horsepower = [1634, 3734, 2944, 1678]
tugboat_costs = [32.1, 87.5, 43.1, 42.8]
inbound_preparation_time = 1
outbound_preparation_time = 1
max_tugboats_per_service = 2
time_constraint_tolerance = 2
penalty_parameter = 3200.0
objective_weights = [0.1108, 0.1223, 0.5554, 0.2114]
