# PSP train | 40_3_4_T12 seed=42
# n=40 J=3 K=4 T=12 H_max=2

vessel_num = 40
berth_num = 3
tugboat_num = 4
time_periods = 12
vessel_sizes = [4, 2, 4, 5, 4, 4, 4, 3, 4, 5, 5, 4, 4, 2, 1, 5, 3, 2, 5, 4, 4, 5, 4, 5, 4, 3, 3, 3, 3, 2, 3, 3, 3, 5, 4, 5, 5, 3, 4, 3]
vessel_etas = [0, 0, 0, 1, 1, 1, 2, 2, 2, 2, 3, 4, 4, 4, 4, 4, 5, 5, 6, 7, 7, 8, 8, 8, 8, 8, 8, 8, 8, 9, 9, 9, 10, 10, 10, 10, 10, 11, 11, 11]
vessel_durations = [2, 1, 2, 1, 2, 1, 1, 1, 2, 2, 2, 2, 2, 1, 1, 2, 1, 2, 1, 2, 1, 1, 2, 2, 1, 1, 2, 1, 1, 1, 2, 2, 1, 2, 1, 1, 2, 1, 2, 1]
vessel_inbound_service_times = [1, 1, 1, 1, 1, 1, 1, 1, 1, 1, 1, 1, 1, 1, 1, 1, 1, 1, 1, 1, 1, 1, 1, 1, 1, 1, 1, 1, 1, 1, 1, 1, 1, 1, 1, 1, 1, 1, 1, 1]
vessel_outbound_service_times = [1, 1, 1, 1, 1, 1, 1, 1, 1, 1, 1, 1, 1, 1, 1, 1, 1, 1, 1, 1, 1, 1, 1, 1, 1, 1, 1, 1, 1, 1, 1, 1, 1, 1, 1, 1, 1, 1, 1, 1]
vessel_priority_weights = [2.38, 2.69, 2.67, 2.76, 2.14, 1.87, 2.23, 2.31, 2.38, 2.29, 2.42, 1.86, 2.22, 1.5, 1.75, 2.42, 2.79, 2.54, 2.42, 2.18, 2.06, 2.68, 2.2, 2.36, 2.75, 1.75, 2.22, 2.81, 2.47, 2.3, 2.37, 1.4, 2.76, 2.27, 1.87, 1.85, 1.89, 2.31, 1.99, 2.74]
vessel_waiting_costs = [48.7, 20.4, 50.2, 51.5, 54.2, 58.5, 54.4, 37.4, 41.4, 46.6, 57.0, 46.0, 48.2, 20.2, 21.3, 53.5, 36.6, 22.4, 45.7, 51.6, 49.3, 44.3, 58.0, 43.4, 50.3, 32.7, 38.5, 31.1, 28.3, 21.8, 29.0, 36.8, 37.7, 44.9, 40.1, 55.4, 48.5, 41.4, 41.0, 39.9]
vessel_jit_costs = [21.7, 8.6, 18.9, 18.1, 16.3, 23.8, 24.4, 13.9, 17.9, 16.9, 25.3, 16.6, 18.3, 6.6, 10.4, 25.7, 13.2, 6.7, 17.6, 22.2, 19.1, 17.5, 26.6, 13.8, 21.5, 15.2, 16.7, 10.6, 9.9, 10.2, 11.1, 12.5, 15.0, 19.4, 18.1, 17.8, 16.3, 16.7, 14.3, 15.6]
vessel_horsepower_requirements = [4029, 1819, 4525, 5880, 3647, 4534, 3868, 2580, 4368, 5145, 4544, 3789, 4347, 1778, 1098, 5196, 2728, 1940, 5616, 3540, 4585, 4838, 4014, 5692, 4114, 2743, 2565, 2914, 2552, 1446, 2859, 2853, 2337, 5816, 3884, 5928, 5856, 2499, 3448, 3086]
vessel_early_limits = [1, 1, 1, 1, 2, 2, 1, 1, 2, 1, 1, 1, 1, 1, 1, 1, 2, 2, 1, 1, 1, 2, 2, 1, 2, 2, 1, 2, 2, 2, 1, 1, 2, 2, 2, 1, 2, 2, 1, 2]
vessel_late_limits = [2, 1, 2, 1, 2, 1, 1, 1, 1, 2, 1, 1, 2, 1, 2, 1, 2, 1, 1, 1, 1, 2, 1, 2, 1, 1, 1, 2, 2, 1, 2, 1, 1, 1, 1, 1, 1, 1, 1, 1]
berth_capacities = [5, 4, 3]
tugboat_horsepower = [1349, 3227, 1139, 4391]
tugboat_costs = [23.6, 98.5, 25.3, 85.4]
inbound_preparation_time = 1
outbound_preparation_time = 1
max_tugboats_per_service = 2
time_constraint_tolerance = 2
penalty_parameter = 3200.0
objective_weights = [0.1124, 0.1299, 0.5729, 0.1848]
