# PSP train | 40_3_4_T12 seed=16
# n=40 J=3 K=4 T=12 H_max=2

vessel_num = 40
berth_num = 3
tugboat_num = 4
time_periods = 12
vessel_sizes = [4, 5, 5, 3, 4, 3, 5, 3, 4, 4, 3, 3, 3, 3, 4, 3, 4, 2, 2, 3, 3, 3, 2, 3, 3, 4, 5, 4, 4, 3, 4, 4, 4, 5, 3, 3, 4, 4, 3, 3]
vessel_etas = [0, 0, 0, 1, 1, 1, 1, 2, 2, 2, 2, 2, 3, 3, 3, 3, 3, 4, 4, 4, 5, 6, 6, 6, 6, 6, 6, 6, 6, 6, 7, 7, 7, 8, 8, 10, 10, 10, 10, 11]
vessel_durations = [2, 1, 2, 2, 1, 2, 1, 1, 1, 1, 2, 2, 1, 1, 1, 2, 2, 1, 2, 2, 1, 1, 1, 2, 1, 1, 1, 2, 2, 2, 2, 1, 2, 1, 1, 1, 1, 2, 1, 1]
vessel_inbound_service_times = [1, 1, 1, 1, 1, 1, 1, 1, 1, 1, 1, 1, 1, 1, 1, 1, 1, 1, 1, 1, 1, 1, 1, 1, 1, 1, 1, 1, 1, 1, 1, 1, 1, 1, 1, 1, 1, 1, 1, 1]
vessel_outbound_service_times = [1, 1, 1, 1, 1, 1, 1, 1, 1, 1, 1, 1, 1, 1, 1, 1, 1, 1, 1, 1, 1, 1, 1, 1, 1, 1, 1, 1, 1, 1, 1, 1, 1, 1, 1, 1, 1, 1, 1, 1]
vessel_priority_weights = [2.16, 2.7, 2.4, 1.73, 2.02, 2.04, 2.76, 1.72, 2.12, 2.2, 2.85, 2.14, 2.29, 2.67, 2.21, 2.46, 2.06, 2.43, 2.57, 2.83, 2.56, 1.72, 2.36, 2.01, 2.17, 2.01, 2.77, 2.68, 2.53, 1.46, 2.57, 2.58, 1.98, 2.68, 2.72, 2.44, 2.73, 2.48, 2.35, 2.71]
vessel_waiting_costs = [48.8, 50.2, 41.8, 31.4, 43.5, 31.1, 40.7, 39.7, 49.4, 47.5, 32.1, 41.6, 28.0, 41.6, 52.7, 40.3, 58.3, 17.8, 22.1, 41.3, 28.2, 32.5, 23.7, 31.3, 31.9, 46.5, 44.9, 46.0, 57.3, 30.2, 50.2, 47.7, 41.6, 47.3, 31.4, 29.6, 54.4, 57.6, 40.2, 30.6]
vessel_jit_costs = [19.9, 24.3, 13.7, 11.0, 14.5, 12.3, 20.2, 13.9, 24.2, 17.4, 13.8, 15.9, 13.8, 17.8, 15.9, 19.8, 25.2, 5.7, 9.3, 15.7, 8.8, 11.8, 10.8, 15.5, 14.1, 17.2, 17.9, 23.0, 21.7, 10.8, 23.3, 16.4, 15.2, 19.0, 13.2, 10.0, 22.9, 24.1, 15.5, 14.7]
vessel_horsepower_requirements = [3653, 4848, 5902, 3040, 4224, 2760, 5229, 2935, 4452, 3679, 2389, 2485, 2387, 2882, 3487, 2420, 4286, 1932, 1840, 2962, 2709, 2962, 1785, 2825, 2752, 3703, 5904, 4556, 4222, 2309, 3718, 3422, 4146, 4990, 2404, 2298, 4259, 3726, 2369, 2388]
vessel_early_limits = [2, 1, 1, 1, 1, 1, 1, 1, 1, 2, 1, 1, 1, 1, 1, 2, 2, 1, 1, 2, 2, 2, 1, 1, 1, 2, 2, 2, 1, 1, 1, 1, 2, 1, 2, 2, 1, 1, 2, 1]
vessel_late_limits = [2, 2, 1, 2, 2, 1, 2, 2, 2, 2, 1, 1, 2, 1, 2, 2, 2, 1, 2, 1, 1, 2, 1, 1, 2, 1, 2, 2, 2, 2, 2, 2, 2, 1, 1, 1, 2, 2, 2, 2]
berth_capacities = [5, 3, 4]
tugboat_horsepower = [1133, 3101, 4424, 1606]
tugboat_costs = [25.0, 61.0, 128.9, 38.8]
inbound_preparation_time = 1
outbound_preparation_time = 1
max_tugboats_per_service = 2
time_constraint_tolerance = 2
penalty_parameter = 3300.0
objective_weights = [0.1085, 0.1373, 0.5798, 0.1744]
