# PSP train | 40_3_4_T12 seed=3
# n=40 J=3 K=4 T=12 H_max=2

vessel_num = 40
berth_num = 3
tugboat_num = 4
time_periods = 12
vessel_sizes = [5, 3, 5, 3, 5, 5, 1, 4, 4, 3, 3, 3, 3, 3, 3, 4, 5, 4, 5, 5, 3, 4, 3, 4, 5, 4, 2, 5, 2, 3, 5, 3, 4, 3, 5, 3, 3, 3, 4, 3]
vessel_etas = [0, 0, 0, 1, 2, 2, 3, 4, 4, 4, 4, 5, 5, 5, 5, 5, 6, 6, 6, 6, 6, 6, 6, 7, 8, 8, 8, 8, 8, 9, 9, 9, 9, 9, 10, 10, 10, 10, 11, 11]
vessel_durations = [2, 2, 2, 2, 1, 2, 2, 2, 1, 1, 2, 2, 2, 2, 1, 1, 2, 1, 2, 1, 2, 2, 1, 1, 1, 2, 1, 2, 2, 1, 2, 2, 1, 1, 2, 1, 1, 1, 2, 2]
vessel_inbound_service_times = [1, 1, 1, 1, 1, 1, 1, 1, 1, 1, 1, 1, 1, 1, 1, 1, 1, 1, 1, 1, 1, 1, 1, 1, 1, 1, 1, 1, 1, 1, 1, 1, 1, 1, 1, 1, 1, 1, 1, 1]
vessel_outbound_service_times = [1, 1, 1, 1, 1, 1, 1, 1, 1, 1, 1, 1, 1, 1, 1, 1, 1, 1, 1, 1, 1, 1, 1, 1, 1, 1, 1, 1, 1, 1, 1, 1, 1, 1, 1, 1, 1, 1, 1, 1]
vessel_priority_weights = [2.51, 2.35, 2.11, 1.41, 1.83, 2.58, 1.25, 2.47, 2.19, 2.42, 2.77, 1.87, 2.38, 2.67, 1.72, 1.95, 2.58, 2.13, 2.58, 2.44, 2.71, 2.54, 2.74, 2.46, 2.4, 2.08, 2.56, 2.25, 2.69, 2.33, 2.11, 2.46, 2.3, 2.5, 2.89, 2.41, 2.93, 1.83, 2.41, 2.55]
vessel_waiting_costs = [51.7, 29.9, 42.9, 41.1, 50.8, 53.4, 22.8, 59.7, 46.1, 39.3, 36.0, 34.8, 33.9, 37.8, 36.1, 53.0, 59.9, 59.0, 57.6, 58.2, 37.1, 41.4, 31.6, 55.5, 52.4, 40.7, 19.1, 43.7, 24.6, 31.7, 40.7, 38.3, 40.6, 33.3, 52.9, 34.9, 32.5, 29.1, 48.8, 31.5]
vessel_jit_costs = [24.4, 13.5, 17.3, 19.3, 23.2, 25.2, 9.5, 28.5, 16.3, 13.4, 12.5, 16.5, 14.9, 12.9, 17.3, 16.2, 18.8, 26.9, 17.8, 27.8, 16.9, 14.2, 15.1, 18.2, 22.8, 19.8, 5.9, 13.9, 8.0, 15.3, 15.9, 14.1, 14.9, 10.5, 23.7, 11.3, 15.5, 11.2, 19.8, 12.8]
vessel_horsepower_requirements = [5931, 2552, 4799, 2402, 4908, 5650, 890, 3647, 4096, 2825, 2724, 2299, 3066, 2417, 2885, 4430, 5673, 3525, 4770, 5707, 2927, 3512, 2789, 4044, 5158, 3661, 1636, 5182, 1454, 2524, 5564, 2978, 3693, 2970, 4472, 2332, 2872, 2760, 4539, 3060]
vessel_early_limits = [2, 1, 1, 2, 1, 1, 2, 2, 1, 2, 2, 1, 1, 1, 1, 1, 2, 2, 1, 1, 1, 2, 1, 2, 2, 2, 1, 2, 2, 1, 2, 1, 1, 1, 2, 2, 1, 1, 2, 1]
vessel_late_limits = [2, 2, 2, 2, 2, 1, 1, 1, 2, 2, 2, 1, 2, 2, 2, 1, 1, 2, 1, 2, 2, 1, 1, 1, 2, 1, 1, 1, 2, 2, 2, 2, 2, 1, 1, 1, 2, 1, 2, 2]
berth_capacities = [5, 3, 3]
tugboat_horsepower = [1718, 1210, 3319, 2816]
tugboat_costs = [42.4, 29.7, 87.9, 73.3]
inbound_preparation_time = 1
outbound_preparation_time = 1
max_tugboats_per_service = 2
time_constraint_tolerance = 2
penalty_parameter = 3300.0
objective_weights = [0.1102, 0.1287, 0.5696, 0.1915]
