# PSP train | 40_3_4_T12 seed=43
# n=40 J=3 K=4 T=12 H_max=2

vessel_num = 40
berth_num = 3
tugboat_num = 4
time_periods = 12
vessel_sizes = [3, 2, 5, 2, 4, 2, 3, 3, 3, 4, 5, 3, 3, 4, 4, 5, 5, 4, 3, 3, 4, 3, 2, 3, 3, 2, 4, 5, 3, 3, 4, 4, 2, 3, 3, 4, 3, 3, 3, 5]
vessel_etas = [0, 0, 0, 0, 0, 0, 1, 1, 2, 2, 2, 3, 3, 3, 3, 3, 3, 3, 4, 4, 5, 5, 5, 5, 6, 6, 6, 7, 7, 8, 8, 8, 8, 8, 8, 9, 9, 10, 11, 11]
vessel_durations = [2, 1, 1, 2, 1, 1, 1, 2, 2, 1, 1, 2, 2, 2, 2, 2, 2, 1, 1, 2, 2, 2, 1, 1, 2, 1, 1, 1, 1, 1, 2, 2, 1, 1, 2, 2, 2, 2, 2, 1]
vessel_inbound_service_times = [1, 1, 1, 1, 1, 1, 1, 1, 1, 1, 1, 1, 1, 1, 1, 1, 1, 1, 1, 1, 1, 1, 1, 1, 1, 1, 1, 1, 1, 1, 1, 1, 1, 1, 1, 1, 1, 1, 1, 1]
vessel_outbound_service_times = [1, 1, 1, 1, 1, 1, 1, 1, 1, 1, 1, 1, 1, 1, 1, 1, 1, 1, 1, 1, 1, 1, 1, 1, 1, 1, 1, 1, 1, 1, 1, 1, 1, 1, 1, 1, 1, 1, 1, 1]
vessel_priority_weights = [2.01, 2.54, 2.91, 1.97, 2.35, 1.3, 1.82, 2.21, 2.49, 2.3, 2.28, 2.33, 2.97, 2.76, 2.68, 2.26, 1.99, 2.52, 2.06, 2.46, 2.53, 2.5, 2.7, 2.39, 2.29, 2.78, 2.53, 2.03, 2.56, 2.43, 2.69, 2.74, 2.62, 2.13, 2.4, 2.7, 2.17, 1.55, 2.88, 2.55]
vessel_waiting_costs = [35.6, 20.8, 58.4, 22.0, 42.2, 21.8, 36.4, 34.9, 41.6, 42.2, 50.2, 38.6, 38.3, 53.2, 55.6, 40.7, 40.3, 54.9, 37.1, 36.4, 48.3, 40.7, 20.4, 37.9, 35.0, 20.3, 57.8, 59.2, 30.1, 37.5, 45.3, 59.9, 25.8, 32.2, 36.4, 52.8, 29.0, 37.4, 37.4, 41.3]
vessel_jit_costs = [13.6, 8.1, 23.3, 7.4, 16.2, 7.5, 12.9, 13.3, 15.1, 20.7, 22.2, 18.5, 17.4, 24.9, 26.2, 17.3, 14.4, 25.9, 12.3, 14.1, 14.6, 14.2, 8.6, 15.7, 11.7, 9.6, 18.7, 21.7, 10.4, 11.9, 18.8, 28.3, 8.2, 14.3, 14.8, 23.8, 12.3, 17.4, 14.8, 13.3]
vessel_horsepower_requirements = [3011, 1662, 5092, 1547, 3959, 1559, 2878, 3065, 2923, 3784, 5366, 2748, 2661, 4068, 4166, 4791, 4785, 3921, 2610, 2680, 4396, 2753, 1628, 2385, 2627, 1769, 3900, 5042, 2702, 2937, 4306, 3466, 1681, 2531, 2399, 3633, 2866, 2584, 2922, 4937]
vessel_early_limits = [1, 1, 2, 1, 2, 1, 1, 2, 1, 1, 1, 2, 1, 2, 2, 2, 1, 2, 1, 2, 1, 1, 1, 2, 2, 1, 1, 1, 2, 2, 2, 1, 2, 2, 2, 1, 1, 2, 1, 2]
vessel_late_limits = [1, 2, 1, 1, 2, 2, 2, 2, 1, 1, 2, 2, 2, 2, 1, 1, 1, 1, 2, 1, 1, 1, 1, 1, 1, 1, 1, 1, 2, 2, 1, 2, 1, 2, 2, 1, 1, 2, 1, 2]
berth_capacities = [5, 2, 4]
tugboat_horsepower = [3628, 927, 1566, 1761]
tugboat_costs = [90.2, 21.6, 31.1, 48.5]
inbound_preparation_time = 1
outbound_preparation_time = 1
max_tugboats_per_service = 2
time_constraint_tolerance = 2
penalty_parameter = 3000.0
objective_weights = [0.1102, 0.1245, 0.5485, 0.2168]
