# PSP train | 40_3_4_T12 seed=14
# n=40 J=3 K=4 T=12 H_max=2

vessel_num = 40
berth_num = 3
tugboat_num = 4
time_periods = 12
vessel_sizes = [4, 3, 4, 3, 4, 3, 3, 2, 3, 2, 5, 2, 3, 5, 5, 4, 4, 4, 3, 4, 4, 4, 3, 4, 2, 3, 3, 3, 5, 5, 4, 5, 2, 4, 1, 4, 2, 3, 4, 2]
vessel_etas = [0, 0, 0, 0, 1, 2, 2, 2, 3, 3, 3, 3, 3, 3, 4, 4, 4, 4, 5, 5, 5, 5, 5, 6, 6, 7, 7, 8, 8, 8, 8, 8, 8, 9, 9, 9, 10, 10, 11, 11]
vessel_durations = [1, 1, 2, 1, 2, 1, 2, 1, 1, 2, 2, 2, 1, 2, 2, 2, 1, 1, 1, 2, 1, 2, 2, 2, 1, 1, 1, 2, 1, 1, 2, 1, 1, 1, 2, 2, 2, 1, 1, 2]
vessel_inbound_service_times = [1, 1, 1, 1, 1, 1, 1, 1, 1, 1, 1, 1, 1, 1, 1, 1, 1, 1, 1, 1, 1, 1, 1, 1, 1, 1, 1, 1, 1, 1, 1, 1, 1, 1, 1, 1, 1, 1, 1, 1]
vessel_outbound_service_times = [1, 1, 1, 1, 1, 1, 1, 1, 1, 1, 1, 1, 1, 1, 1, 1, 1, 1, 1, 1, 1, 1, 1, 1, 1, 1, 1, 1, 1, 1, 1, 1, 1, 1, 1, 1, 1, 1, 1, 1]
vessel_priority_weights = [2.43, 2.32, 2.57, 2.41, 2.42, 2.42, 2.4, 2.02, 1.89, 2.34, 2.21, 1.68, 2.41, 2.42, 2.71, 2.13, 2.52, 1.94, 2.36, 2.16, 2.49, 1.82, 1.99, 2.43, 2.22, 2.33, 2.69, 2.21, 2.73, 2.05, 2.17, 2.62, 2.1, 2.08, 1.41, 2.49, 1.57, 2.73, 2.33, 1.39]
vessel_waiting_costs = [42.3, 30.8, 55.5, 31.9, 46.7, 28.7, 30.5, 24.8, 31.8, 24.3, 49.9, 19.4, 31.6, 59.4, 51.7, 58.4, 48.1, 50.6, 32.5, 56.7, 53.1, 41.3, 30.6, 49.9, 24.3, 36.0, 29.1, 36.4, 53.2, 59.0, 57.8, 56.1, 21.0, 54.1, 20.1, 42.5, 18.7, 41.0, 49.7, 21.7]
vessel_jit_costs = [14.6, 13.4, 17.0, 11.1, 15.3, 10.2, 12.5, 10.6, 12.6, 10.9, 16.5, 8.7, 15.5, 20.2, 22.3, 23.3, 19.0, 25.2, 13.3, 17.8, 26.4, 13.7, 10.7, 22.1, 7.3, 16.9, 9.3, 12.4, 21.5, 27.2, 22.2, 20.5, 8.7, 19.1, 6.8, 21.1, 8.7, 17.6, 15.5, 6.6]
vessel_horsepower_requirements = [3938, 2511, 3504, 2426, 3700, 2774, 2358, 1869, 2433, 1846, 4928, 1906, 2595, 4997, 5317, 3808, 4464, 3553, 2489, 3552, 3619, 4419, 2576, 4467, 1633, 2429, 2476, 2408, 5035, 4996, 3557, 5511, 1486, 4368, 912, 3602, 1829, 2656, 3536, 1523]
vessel_early_limits = [2, 1, 1, 2, 1, 1, 1, 1, 2, 2, 1, 1, 2, 2, 1, 2, 1, 1, 1, 1, 1, 2, 2, 1, 2, 1, 2, 2, 2, 1, 1, 2, 2, 1, 1, 2, 2, 1, 1, 1]
vessel_late_limits = [1, 1, 2, 2, 1, 2, 2, 1, 1, 2, 2, 2, 2, 1, 1, 2, 2, 2, 1, 1, 2, 2, 1, 1, 2, 1, 2, 2, 1, 2, 2, 1, 1, 1, 2, 2, 1, 1, 1, 2]
berth_capacities = [4, 5, 3]
tugboat_horsepower = [1021, 974, 2107, 4650]
tugboat_costs = [30.2, 21.2, 45.0, 99.6]
inbound_preparation_time = 1
outbound_preparation_time = 1
max_tugboats_per_service = 2
time_constraint_tolerance = 2
penalty_parameter = 2900.0
objective_weights = [0.1145, 0.1257, 0.56, 0.1998]
