# PSP train | 40_3_4_T12 seed=40
# n=40 J=3 K=4 T=12 H_max=2

vessel_num = 40
berth_num = 3
tugboat_num = 4
time_periods = 12
vessel_sizes = [3, 3, 3, 4, 3, 4, 4, 3, 4, 4, 3, 4, 4, 3, 5, 1, 5, 4, 4, 3, 4, 5, 3, 3, 3, 4, 4, 3, 2, 5, 2, 3, 5, 3, 2, 3, 5, 1, 5, 4]
vessel_etas = [0, 0, 0, 0, 0, 0, 1, 2, 2, 3, 4, 4, 4, 4, 4, 5, 5, 5, 6, 6, 7, 8, 8, 8, 8, 8, 8, 8, 9, 9, 9, 9, 9, 10, 10, 10, 10, 11, 11, 11]
vessel_durations = [1, 1, 2, 2, 2, 2, 1, 1, 2, 1, 2, 2, 1, 1, 2, 2, 2, 1, 1, 2, 2, 2, 2, 2, 2, 1, 2, 2, 1, 2, 1, 1, 2, 1, 2, 1, 1, 2, 2, 1]
vessel_inbound_service_times = [1, 1, 1, 1, 1, 1, 1, 1, 1, 1, 1, 1, 1, 1, 1, 1, 1, 1, 1, 1, 1, 1, 1, 1, 1, 1, 1, 1, 1, 1, 1, 1, 1, 1, 1, 1, 1, 1, 1, 1]
vessel_outbound_service_times = [1, 1, 1, 1, 1, 1, 1, 1, 1, 1, 1, 1, 1, 1, 1, 1, 1, 1, 1, 1, 1, 1, 1, 1, 1, 1, 1, 1, 1, 1, 1, 1, 1, 1, 1, 1, 1, 1, 1, 1]
vessel_priority_weights = [2.81, 2.09, 1.51, 2.76, 2.39, 2.97, 2.01, 2.34, 2.73, 2.31, 2.23, 2.12, 2.66, 2.02, 2.73, 1.26, 2.92, 1.96, 2.88, 2.14, 2.73, 2.02, 2.25, 2.7, 2.49, 2.9, 2.86, 2.43, 2.15, 1.85, 2.38, 2.35, 2.38, 2.5, 2.37, 1.56, 2.23, 1.84, 2.45, 2.16]
vessel_waiting_costs = [29.5, 41.4, 32.1, 46.3, 42.0, 58.7, 41.4, 33.6, 57.0, 49.1, 36.7, 40.0, 49.4, 39.2, 42.0, 25.3, 42.7, 42.5, 48.1, 33.8, 49.4, 44.6, 32.5, 34.0, 39.6, 54.1, 44.6, 33.4, 24.1, 45.0, 23.1, 37.5, 52.1, 35.5, 23.2, 37.6, 43.9, 20.8, 49.9, 45.7]
vessel_jit_costs = [10.0, 17.2, 12.5, 15.1, 17.3, 26.1, 16.2, 14.3, 22.0, 23.4, 14.0, 19.8, 21.9, 12.9, 17.9, 10.1, 15.4, 14.2, 18.4, 15.5, 19.2, 14.3, 13.8, 13.7, 13.2, 25.7, 17.7, 12.6, 10.1, 14.8, 8.4, 13.6, 20.6, 12.4, 7.9, 14.1, 17.9, 9.4, 23.5, 21.6]
vessel_horsepower_requirements = [2463, 2639, 2324, 3941, 2868, 4140, 3419, 2869, 3637, 3854, 2596, 4503, 3723, 3069, 4903, 1029, 5522, 4018, 4389, 2411, 4075, 4593, 2423, 2759, 2642, 3931, 4426, 2324, 1774, 5079, 1670, 2543, 4876, 2349, 1821, 2602, 5550, 986, 5699, 3848]
vessel_early_limits = [2, 2, 1, 2, 2, 1, 1, 1, 1, 1, 1, 2, 1, 1, 2, 2, 1, 1, 2, 1, 2, 1, 2, 2, 2, 1, 1, 1, 1, 1, 2, 1, 1, 1, 2, 2, 2, 1, 1, 2]
vessel_late_limits = [1, 1, 2, 2, 2, 2, 1, 1, 1, 1, 1, 2, 2, 2, 2, 2, 1, 2, 1, 1, 1, 2, 1, 2, 1, 1, 2, 2, 1, 2, 2, 2, 1, 1, 1, 1, 2, 1, 1, 2]
berth_capacities = [3, 5, 3]
tugboat_horsepower = [4129, 2457, 1020, 1242]
tugboat_costs = [105.1, 59.5, 30.1, 21.6]
inbound_preparation_time = 1
outbound_preparation_time = 1
max_tugboats_per_service = 2
time_constraint_tolerance = 2
penalty_parameter = 3100.0
objective_weights = [0.111, 0.1265, 0.567, 0.1955]
