# PSP train | 40_3_4_T12 seed=18
# n=40 J=3 K=4 T=12 H_max=2

vessel_num = 40
berth_num = 3
tugboat_num = 4
time_periods = 12
vessel_sizes = [4, 5, 5, 5, 1, 4, 4, 4, 4, 3, 5, 3, 5, 5, 4, 3, 2, 4, 3, 4, 3, 3, 2, 4, 3, 5, 5, 4, 1, 4, 4, 5, 5, 3, 3, 2, 4, 3, 3, 2]
vessel_etas = [0, 0, 1, 1, 1, 2, 2, 2, 2, 2, 2, 2, 3, 3, 3, 4, 4, 4, 4, 5, 5, 5, 6, 6, 6, 7, 7, 7, 8, 8, 8, 9, 9, 9, 9, 10, 11, 11, 11, 11]
vessel_durations = [1, 1, 2, 1, 2, 2, 1, 2, 1, 1, 1, 2, 2, 1, 2, 2, 1, 2, 2, 2, 1, 2, 1, 1, 1, 2, 2, 2, 2, 2, 2, 2, 1, 1, 1, 1, 1, 2, 1, 1]
vessel_inbound_service_times = [1, 1, 1, 1, 1, 1, 1, 1, 1, 1, 1, 1, 1, 1, 1, 1, 1, 1, 1, 1, 1, 1, 1, 1, 1, 1, 1, 1, 1, 1, 1, 1, 1, 1, 1, 1, 1, 1, 1, 1]
vessel_outbound_service_times = [1, 1, 1, 1, 1, 1, 1, 1, 1, 1, 1, 1, 1, 1, 1, 1, 1, 1, 1, 1, 1, 1, 1, 1, 1, 1, 1, 1, 1, 1, 1, 1, 1, 1, 1, 1, 1, 1, 1, 1]
vessel_priority_weights = [2.47, 2.74, 2.3, 2.6, 1.63, 2.38, 2.18, 2.48, 2.55, 2.34, 1.9, 2.96, 2.29, 2.2, 1.99, 1.51, 2.2, 2.68, 2.34, 2.38, 1.85, 2.79, 2.73, 2.44, 2.11, 1.88, 2.91, 2.2, 1.95, 2.44, 2.37, 2.36, 2.61, 2.12, 1.93, 2.47, 2.36, 2.89, 2.3, 2.39]
vessel_waiting_costs = [55.8, 56.5, 41.7, 58.6, 19.0, 53.5, 42.6, 50.6, 56.7, 41.4, 46.8, 40.6, 41.0, 44.1, 46.6, 36.6, 18.4, 45.0, 38.4, 52.3, 39.4, 29.6, 18.1, 46.7, 34.4, 57.7, 45.8, 44.7, 25.4, 45.2, 46.4, 40.3, 55.6, 36.9, 39.8, 23.4, 43.7, 32.4, 32.2, 19.3]
vessel_jit_costs = [19.0, 17.3, 17.7, 24.8, 9.2, 16.1, 16.1, 20.9, 24.0, 15.8, 20.2, 15.7, 15.4, 21.1, 18.2, 11.4, 7.4, 14.0, 17.2, 17.0, 19.7, 12.9, 5.8, 23.0, 14.0, 21.8, 14.5, 18.9, 12.6, 19.6, 19.1, 19.6, 25.1, 13.9, 16.0, 8.3, 19.4, 10.0, 12.4, 6.3]
vessel_horsepower_requirements = [4111, 4979, 4603, 5841, 1135, 4045, 4484, 4442, 4147, 2846, 5888, 2569, 5392, 5833, 3743, 2859, 1487, 4060, 2682, 3529, 2559, 2663, 1624, 3773, 2423, 5113, 5002, 4254, 955, 3791, 4105, 5589, 5486, 3071, 2863, 1810, 3934, 3023, 2315, 1500]
vessel_early_limits = [1, 2, 2, 2, 2, 1, 2, 2, 1, 1, 1, 2, 1, 2, 1, 2, 1, 1, 1, 1, 1, 1, 1, 1, 1, 1, 2, 2, 2, 2, 2, 1, 2, 2, 2, 2, 2, 2, 1, 2]
vessel_late_limits = [2, 1, 2, 1, 2, 2, 2, 1, 2, 1, 1, 1, 2, 2, 1, 1, 2, 2, 1, 1, 2, 1, 2, 1, 1, 1, 2, 2, 1, 2, 2, 2, 1, 2, 2, 1, 2, 2, 2, 2]
berth_capacities = [3, 5, 4]
tugboat_horsepower = [1030, 1663, 4290, 1104]
tugboat_costs = [28.1, 31.8, 100.7, 26.4]
inbound_preparation_time = 1
outbound_preparation_time = 1
max_tugboats_per_service = 2
time_constraint_tolerance = 2
penalty_parameter = 3000.0
objective_weights = [0.1122, 0.1232, 0.5439, 0.2208]
