# PSP train | 40_3_4_T12 seed=25
# n=40 J=3 K=4 T=12 H_max=2

vessel_num = 40
berth_num = 3
tugboat_num = 4
time_periods = 12
vessel_sizes = [3, 4, 5, 4, 4, 1, 5, 4, 3, 4, 3, 2, 4, 5, 5, 5, 4, 5, 4, 3, 2, 3, 3, 5, 5, 3, 2, 5, 3, 3, 5, 2, 3, 2, 5, 3, 3, 4, 2, 3]
vessel_etas = [0, 0, 1, 1, 1, 1, 1, 1, 1, 1, 1, 2, 2, 2, 2, 3, 3, 4, 4, 4, 5, 5, 6, 7, 8, 8, 8, 9, 9, 9, 9, 10, 10, 10, 11, 11, 11, 11, 11, 11]
vessel_durations = [2, 1, 2, 1, 2, 1, 2, 2, 1, 1, 2, 1, 2, 1, 1, 1, 1, 2, 2, 2, 2, 2, 2, 2, 1, 2, 1, 2, 2, 2, 1, 1, 2, 2, 2, 1, 1, 1, 2, 1]
vessel_inbound_service_times = [1, 1, 1, 1, 1, 1, 1, 1, 1, 1, 1, 1, 1, 1, 1, 1, 1, 1, 1, 1, 1, 1, 1, 1, 1, 1, 1, 1, 1, 1, 1, 1, 1, 1, 1, 1, 1, 1, 1, 1]
vessel_outbound_service_times = [1, 1, 1, 1, 1, 1, 1, 1, 1, 1, 1, 1, 1, 1, 1, 1, 1, 1, 1, 1, 1, 1, 1, 1, 1, 1, 1, 1, 1, 1, 1, 1, 1, 1, 1, 1, 1, 1, 1, 1]
vessel_priority_weights = [2.37, 2.05, 2.89, 2.71, 1.85, 1.94, 2.41, 2.39, 1.8, 2.23, 2.37, 1.37, 2.23, 2.45, 2.11, 2.54, 2.19, 2.75, 2.81, 2.64, 2.66, 2.61, 2.89, 1.91, 2.58, 2.91, 2.79, 2.74, 2.18, 2.5, 2.21, 2.34, 2.01, 2.07, 2.25, 2.34, 2.23, 2.28, 2.67, 1.35]
vessel_waiting_costs = [32.8, 41.0, 51.8, 59.6, 56.6, 18.4, 42.3, 49.4, 35.0, 49.7, 33.1, 24.5, 58.2, 43.1, 44.7, 58.8, 53.2, 41.6, 59.6, 37.3, 21.9, 28.3, 32.0, 58.8, 42.2, 40.0, 18.9, 48.2, 32.5, 41.3, 55.6, 18.5, 32.7, 23.2, 44.0, 35.2, 30.1, 52.4, 20.7, 36.1]
vessel_jit_costs = [15.3, 17.4, 24.7, 25.1, 24.9, 5.9, 19.1, 18.3, 17.1, 23.2, 14.3, 8.2, 19.7, 21.3, 17.3, 20.1, 23.6, 13.4, 27.7, 15.9, 10.6, 10.1, 13.7, 20.6, 14.7, 17.0, 8.3, 15.0, 15.3, 15.6, 27.1, 6.3, 12.0, 11.5, 15.6, 15.7, 12.4, 23.8, 7.5, 13.5]
vessel_horsepower_requirements = [2351, 3404, 4536, 4011, 4252, 1148, 5873, 3618, 2370, 4208, 2356, 1702, 4183, 5295, 5059, 5963, 4096, 4840, 3635, 2723, 1891, 2869, 2363, 4629, 5733, 2825, 1637, 5388, 2871, 2818, 5866, 1742, 2971, 1896, 5885, 2997, 2886, 4510, 1466, 2777]
vessel_early_limits = [2, 1, 2, 2, 1, 1, 1, 1, 2, 2, 2, 1, 1, 2, 2, 1, 1, 2, 1, 1, 1, 1, 2, 1, 1, 2, 2, 1, 1, 2, 1, 1, 2, 1, 2, 2, 2, 1, 1, 2]
vessel_late_limits = [2, 2, 2, 1, 2, 1, 1, 2, 1, 1, 1, 1, 1, 2, 1, 2, 1, 1, 1, 2, 1, 1, 1, 1, 1, 2, 1, 1, 2, 1, 2, 2, 1, 1, 2, 1, 2, 1, 2, 2]
berth_capacities = [5, 3, 3]
tugboat_horsepower = [1136, 4178, 2048, 1252]
tugboat_costs = [27.7, 81.3, 73.1, 36.2]
inbound_preparation_time = 1
outbound_preparation_time = 1
max_tugboats_per_service = 2
time_constraint_tolerance = 2
penalty_parameter = 3100.0
objective_weights = [0.113, 0.1296, 0.5597, 0.1977]
