# PSP train | 40_3_4_T12 seed=10
# n=40 J=3 K=4 T=12 H_max=2

vessel_num = 40
berth_num = 3
tugboat_num = 4
time_periods = 12
vessel_sizes = [5, 4, 3, 4, 1, 4, 5, 4, 3, 3, 5, 5, 5, 4, 2, 5, 3, 2, 3, 3, 3, 4, 3, 3, 5, 2, 3, 4, 2, 5, 5, 4, 3, 3, 4, 2, 2, 5, 4, 4]
vessel_etas = [0, 0, 0, 1, 1, 1, 1, 2, 2, 2, 4, 5, 5, 5, 5, 6, 6, 6, 6, 7, 7, 7, 7, 7, 7, 7, 7, 8, 8, 8, 8, 8, 8, 8, 9, 9, 10, 11, 11, 11]
vessel_durations = [1, 2, 2, 2, 1, 2, 2, 2, 1, 1, 2, 2, 2, 2, 2, 1, 2, 1, 2, 2, 2, 2, 2, 1, 2, 1, 1, 1, 2, 2, 2, 2, 1, 1, 1, 2, 2, 1, 1, 1]
vessel_inbound_service_times = [1, 1, 1, 1, 1, 1, 1, 1, 1, 1, 1, 1, 1, 1, 1, 1, 1, 1, 1, 1, 1, 1, 1, 1, 1, 1, 1, 1, 1, 1, 1, 1, 1, 1, 1, 1, 1, 1, 1, 1]
vessel_outbound_service_times = [1, 1, 1, 1, 1, 1, 1, 1, 1, 1, 1, 1, 1, 1, 1, 1, 1, 1, 1, 1, 1, 1, 1, 1, 1, 1, 1, 1, 1, 1, 1, 1, 1, 1, 1, 1, 1, 1, 1, 1]
vessel_priority_weights = [2.03, 2.26, 2.78, 2.74, 1.41, 2.86, 2.12, 2.12, 2.48, 2.68, 2.06, 2.49, 2.85, 2.53, 1.4, 1.91, 2.48, 2.35, 2.62, 1.94, 2.75, 2.76, 2.54, 2.57, 3.0, 2.03, 1.34, 2.66, 2.76, 1.8, 2.23, 2.34, 2.24, 2.02, 1.85, 2.12, 1.31, 2.41, 2.54, 2.18]
vessel_waiting_costs = [54.3, 42.8, 29.3, 45.6, 20.3, 50.7, 52.4, 40.1, 41.1, 40.3, 41.2, 41.2, 40.3, 57.2, 18.9, 50.3, 34.7, 21.7, 30.0, 30.2, 37.8, 43.6, 34.6, 36.3, 54.0, 22.0, 41.5, 57.1, 25.4, 54.8, 41.1, 46.7, 28.7, 40.9, 54.0, 17.9, 20.8, 49.6, 53.2, 42.1]
vessel_jit_costs = [23.5, 15.0, 8.9, 22.0, 9.2, 18.1, 19.2, 14.1, 16.6, 13.3, 12.8, 14.1, 13.3, 26.8, 5.8, 22.2, 13.6, 10.4, 11.4, 13.0, 17.5, 17.5, 10.7, 12.1, 26.8, 8.2, 18.8, 21.5, 12.5, 19.9, 12.8, 18.9, 12.1, 12.9, 16.6, 5.4, 7.2, 20.5, 25.9, 20.7]
vessel_horsepower_requirements = [5736, 3904, 2461, 4116, 899, 3944, 5668, 3582, 2729, 2814, 5907, 4591, 5639, 4212, 1602, 4812, 2883, 1734, 2415, 2701, 3018, 4267, 2738, 2663, 4877, 1599, 3072, 4358, 1523, 4638, 5488, 4191, 2891, 2932, 4281, 1765, 1593, 5548, 3512, 4288]
vessel_early_limits = [1, 2, 1, 2, 2, 2, 1, 1, 2, 2, 2, 2, 2, 2, 1, 1, 1, 1, 1, 2, 1, 1, 1, 1, 1, 2, 1, 1, 1, 1, 1, 1, 1, 1, 1, 2, 1, 2, 1, 1]
vessel_late_limits = [1, 2, 2, 1, 1, 1, 2, 2, 2, 2, 2, 2, 1, 1, 1, 2, 2, 1, 1, 1, 2, 2, 1, 2, 2, 1, 2, 2, 2, 1, 2, 1, 2, 1, 1, 2, 1, 2, 1, 1]
berth_capacities = [3, 3, 5]
tugboat_horsepower = [3108, 1185, 2939, 1392]
tugboat_costs = [67.4, 28.0, 56.1, 39.1]
inbound_preparation_time = 1
outbound_preparation_time = 1
max_tugboats_per_service = 2
time_constraint_tolerance = 2
penalty_parameter = 2900.0
objective_weights = [0.1135, 0.1214, 0.5571, 0.208]
