# PSP train | 40_3_4_T12 seed=4
# n=40 J=3 K=4 T=12 H_max=2

vessel_num = 40
berth_num = 3
tugboat_num = 4
time_periods = 12
vessel_sizes = [3, 4, 3, 4, 4, 3, 4, 5, 4, 2, 1, 3, 3, 5, 1, 2, 5, 4, 3, 4, 2, 4, 4, 4, 5, 3, 3, 4, 3, 5, 3, 3, 4, 3, 5, 3, 5, 2, 3, 4]
vessel_etas = [0, 0, 0, 0, 0, 1, 1, 1, 2, 2, 2, 3, 3, 3, 3, 3, 3, 4, 4, 5, 5, 5, 6, 6, 6, 7, 7, 7, 7, 7, 7, 8, 8, 9, 9, 9, 9, 10, 10, 11]
vessel_durations = [1, 2, 2, 2, 1, 2, 2, 2, 2, 2, 1, 1, 2, 1, 1, 2, 2, 2, 2, 1, 2, 1, 2, 2, 1, 1, 2, 2, 1, 2, 1, 1, 2, 2, 2, 1, 2, 1, 2, 1]
vessel_inbound_service_times = [1, 1, 1, 1, 1, 1, 1, 1, 1, 1, 1, 1, 1, 1, 1, 1, 1, 1, 1, 1, 1, 1, 1, 1, 1, 1, 1, 1, 1, 1, 1, 1, 1, 1, 1, 1, 1, 1, 1, 1]
vessel_outbound_service_times = [1, 1, 1, 1, 1, 1, 1, 1, 1, 1, 1, 1, 1, 1, 1, 1, 1, 1, 1, 1, 1, 1, 1, 1, 1, 1, 1, 1, 1, 1, 1, 1, 1, 1, 1, 1, 1, 1, 1, 1]
vessel_priority_weights = [2.5, 2.7, 2.38, 2.22, 2.15, 2.12, 2.37, 2.49, 2.16, 1.8, 1.87, 2.15, 2.52, 2.39, 1.92, 2.24, 2.97, 2.84, 2.44, 2.12, 2.06, 2.38, 2.84, 2.51, 1.94, 2.86, 2.27, 2.39, 2.73, 2.52, 2.44, 2.42, 1.86, 2.33, 2.29, 2.86, 2.04, 1.71, 1.97, 1.86]
vessel_waiting_costs = [35.8, 54.5, 35.0, 56.9, 41.4, 40.2, 47.8, 57.2, 47.7, 17.8, 17.8, 30.1, 39.9, 44.6, 21.8, 19.2, 59.9, 58.4, 33.3, 56.7, 18.5, 58.2, 52.9, 52.0, 52.6, 40.0, 32.3, 52.5, 39.7, 57.9, 37.2, 36.5, 59.7, 29.1, 50.0, 36.4, 44.0, 24.5, 37.8, 59.6]
vessel_jit_costs = [15.7, 22.4, 11.6, 22.6, 13.8, 14.1, 20.9, 20.9, 18.3, 8.5, 8.8, 10.0, 18.5, 18.3, 9.7, 8.9, 26.4, 28.5, 15.6, 23.7, 7.8, 21.0, 25.4, 16.0, 18.5, 17.3, 15.5, 19.3, 19.0, 27.6, 16.4, 14.8, 22.1, 12.9, 20.5, 12.7, 13.8, 11.8, 12.2, 27.7]
vessel_horsepower_requirements = [2957, 3475, 2722, 4557, 3590, 2967, 4093, 4511, 4351, 1553, 1045, 2870, 3007, 5162, 893, 1564, 5691, 3801, 2675, 4093, 1506, 4242, 3508, 4202, 5307, 2497, 2632, 3441, 2893, 5803, 3015, 2845, 4297, 3004, 5467, 3068, 4724, 1528, 3064, 3649]
vessel_early_limits = [2, 1, 1, 1, 2, 2, 1, 2, 1, 1, 1, 1, 1, 1, 2, 2, 1, 2, 1, 2, 1, 1, 1, 2, 2, 2, 2, 2, 1, 1, 1, 1, 2, 1, 1, 2, 2, 1, 1, 2]
vessel_late_limits = [1, 1, 1, 2, 2, 2, 2, 1, 1, 1, 2, 2, 1, 1, 1, 2, 1, 1, 1, 2, 2, 1, 1, 2, 1, 2, 1, 1, 1, 2, 2, 2, 2, 2, 1, 1, 1, 1, 1, 1]
berth_capacities = [5, 4, 2]
tugboat_horsepower = [1518, 4248, 1446, 3323]
tugboat_costs = [46.4, 127.6, 37.6, 88.8]
inbound_preparation_time = 1
outbound_preparation_time = 1
max_tugboats_per_service = 2
time_constraint_tolerance = 2
penalty_parameter = 3700.0
objective_weights = [0.106, 0.1359, 0.5989, 0.1592]
