# PSP train | 40_3_4_T12 seed=35
# n=40 J=3 K=4 T=12 H_max=2

vessel_num = 40
berth_num = 3
tugboat_num = 4
time_periods = 12
vessel_sizes = [4, 5, 5, 3, 3, 3, 4, 3, 5, 3, 4, 5, 4, 5, 3, 3, 4, 5, 4, 3, 4, 5, 3, 3, 4, 4, 5, 1, 2, 3, 5, 5, 3, 3, 4, 3, 4, 5, 5, 4]
vessel_etas = [0, 0, 1, 1, 1, 2, 3, 3, 3, 3, 4, 5, 5, 5, 5, 5, 5, 5, 5, 5, 6, 6, 6, 6, 7, 7, 7, 8, 8, 9, 9, 9, 9, 10, 10, 10, 11, 11, 11, 11]
vessel_durations = [1, 1, 1, 1, 1, 2, 2, 2, 2, 2, 1, 2, 2, 1, 2, 1, 1, 2, 1, 2, 1, 1, 1, 1, 2, 1, 2, 2, 2, 2, 1, 1, 2, 2, 1, 2, 1, 2, 1, 2]
vessel_inbound_service_times = [1, 1, 1, 1, 1, 1, 1, 1, 1, 1, 1, 1, 1, 1, 1, 1, 1, 1, 1, 1, 1, 1, 1, 1, 1, 1, 1, 1, 1, 1, 1, 1, 1, 1, 1, 1, 1, 1, 1, 1]
vessel_outbound_service_times = [1, 1, 1, 1, 1, 1, 1, 1, 1, 1, 1, 1, 1, 1, 1, 1, 1, 1, 1, 1, 1, 1, 1, 1, 1, 1, 1, 1, 1, 1, 1, 1, 1, 1, 1, 1, 1, 1, 1, 1]
vessel_priority_weights = [2.43, 2.72, 2.37, 2.56, 2.65, 2.58, 2.29, 2.4, 2.3, 2.21, 2.06, 2.41, 2.07, 2.19, 1.96, 2.19, 2.39, 2.94, 2.38, 2.11, 2.2, 2.5, 1.33, 1.68, 2.5, 2.77, 2.47, 1.73, 1.67, 2.16, 1.89, 1.94, 2.93, 2.44, 2.77, 2.34, 2.41, 2.42, 2.38, 2.43]
vessel_waiting_costs = [47.6, 49.8, 46.7, 41.4, 37.3, 35.2, 56.6, 32.4, 58.2, 35.5, 59.1, 52.1, 46.6, 40.9, 30.4, 40.1, 46.5, 41.3, 44.6, 30.9, 53.3, 45.7, 33.9, 40.8, 46.3, 47.1, 55.1, 23.6, 22.9, 39.9, 46.6, 54.7, 40.1, 34.4, 42.3, 37.0, 49.0, 59.2, 54.2, 48.1]
vessel_jit_costs = [17.3, 24.3, 21.2, 17.8, 18.0, 17.6, 23.9, 10.4, 23.2, 13.4, 20.0, 21.3, 20.1, 15.8, 10.9, 16.1, 19.6, 13.4, 19.7, 11.1, 26.5, 20.8, 14.0, 13.2, 15.0, 17.9, 23.2, 7.6, 8.8, 19.7, 14.8, 26.6, 16.3, 12.2, 20.1, 15.1, 21.9, 28.7, 17.1, 22.8]
vessel_horsepower_requirements = [3766, 4836, 5599, 2630, 2473, 2367, 4045, 2762, 5536, 2574, 3503, 5747, 4371, 4426, 2485, 2727, 4183, 5421, 3818, 2954, 4133, 5540, 2763, 2840, 3431, 3897, 5077, 1038, 1542, 2909, 4804, 5065, 2647, 2494, 3669, 2385, 4181, 5162, 5125, 4399]
vessel_early_limits = [1, 2, 1, 1, 2, 1, 1, 2, 1, 2, 1, 1, 1, 2, 2, 1, 1, 2, 1, 1, 2, 2, 1, 2, 1, 2, 2, 2, 1, 2, 2, 1, 2, 1, 2, 2, 1, 2, 2, 1]
vessel_late_limits = [1, 2, 1, 1, 2, 2, 2, 1, 2, 1, 2, 2, 2, 1, 2, 1, 1, 2, 2, 2, 1, 2, 1, 2, 1, 2, 2, 1, 1, 2, 1, 1, 1, 1, 2, 2, 1, 1, 1, 2]
berth_capacities = [5, 3, 3]
tugboat_horsepower = [2846, 1258, 3059, 1471]
tugboat_costs = [54.8, 33.4, 99.8, 36.3]
inbound_preparation_time = 1
outbound_preparation_time = 1
max_tugboats_per_service = 2
time_constraint_tolerance = 2
penalty_parameter = 3300.0
objective_weights = [0.1141, 0.1296, 0.5526, 0.2036]
