# PSP train | 40_3_4_T12 seed=30
# n=40 J=3 K=4 T=12 H_max=2

vessel_num = 40
berth_num = 3
tugboat_num = 4
time_periods = 12
vessel_sizes = [3, 5, 5, 5, 3, 4, 4, 4, 3, 2, 3, 3, 3, 3, 5, 5, 5, 4, 3, 1, 3, 4, 5, 5, 5, 4, 3, 2, 4, 3, 5, 3, 3, 3, 2, 4, 2, 4, 4, 3]
vessel_etas = [0, 0, 0, 0, 0, 1, 1, 1, 2, 2, 2, 2, 3, 3, 4, 4, 4, 5, 5, 5, 5, 5, 6, 6, 6, 6, 7, 7, 7, 7, 7, 8, 8, 9, 9, 9, 9, 10, 10, 11]
vessel_durations = [2, 2, 1, 2, 2, 2, 1, 2, 2, 1, 2, 2, 2, 1, 1, 2, 1, 2, 2, 1, 2, 2, 1, 1, 1, 1, 1, 1, 1, 1, 2, 1, 2, 1, 1, 2, 2, 1, 2, 2]
vessel_inbound_service_times = [1, 1, 1, 1, 1, 1, 1, 1, 1, 1, 1, 1, 1, 1, 1, 1, 1, 1, 1, 1, 1, 1, 1, 1, 1, 1, 1, 1, 1, 1, 1, 1, 1, 1, 1, 1, 1, 1, 1, 1]
vessel_outbound_service_times = [1, 1, 1, 1, 1, 1, 1, 1, 1, 1, 1, 1, 1, 1, 1, 1, 1, 1, 1, 1, 1, 1, 1, 1, 1, 1, 1, 1, 1, 1, 1, 1, 1, 1, 1, 1, 1, 1, 1, 1]
vessel_priority_weights = [1.38, 2.0, 2.86, 2.43, 2.22, 2.24, 2.76, 2.15, 2.2, 2.75, 2.23, 2.93, 2.41, 2.52, 2.22, 2.99, 2.85, 2.98, 1.34, 1.86, 2.57, 2.71, 1.99, 2.62, 2.48, 2.2, 1.97, 2.42, 2.41, 1.43, 2.15, 2.72, 2.21, 2.09, 2.38, 1.89, 2.38, 1.88, 2.27, 2.84]
vessel_waiting_costs = [35.0, 47.1, 44.5, 46.3, 29.5, 53.5, 40.3, 51.0, 34.1, 25.9, 29.7, 32.9, 34.9, 37.3, 47.7, 49.5, 42.8, 54.7, 29.1, 25.9, 28.1, 58.3, 46.6, 53.2, 56.4, 50.1, 39.8, 24.5, 48.9, 41.0, 47.6, 31.7, 28.8, 41.3, 20.0, 41.2, 18.2, 40.5, 53.4, 36.6]
vessel_jit_costs = [13.4, 21.1, 20.1, 15.0, 11.1, 25.1, 19.4, 16.0, 11.5, 9.9, 9.2, 11.0, 14.2, 14.4, 18.8, 15.7, 13.6, 24.4, 10.0, 11.6, 10.9, 25.9, 21.7, 26.2, 17.9, 22.4, 18.2, 8.5, 16.9, 20.4, 17.7, 10.2, 9.2, 18.2, 9.9, 19.8, 6.6, 15.7, 25.2, 11.2]
vessel_horsepower_requirements = [2635, 5396, 4745, 4810, 2441, 3788, 3451, 3646, 2864, 1732, 2787, 2820, 2359, 2369, 5640, 5538, 4651, 4194, 2374, 931, 2822, 3442, 5709, 4564, 5496, 3922, 2312, 1561, 4081, 2703, 4499, 2883, 2436, 2695, 1506, 4052, 1925, 3988, 4023, 2730]
vessel_early_limits = [1, 1, 1, 2, 1, 2, 1, 2, 2, 1, 1, 2, 2, 1, 2, 1, 2, 1, 2, 1, 1, 2, 2, 1, 1, 1, 2, 1, 2, 1, 1, 2, 2, 2, 1, 1, 2, 2, 1, 1]
vessel_late_limits = [1, 1, 1, 2, 1, 1, 2, 2, 2, 1, 1, 1, 2, 1, 1, 1, 2, 1, 2, 2, 1, 1, 2, 1, 1, 1, 1, 1, 1, 2, 2, 1, 1, 2, 1, 1, 1, 2, 1, 1]
berth_capacities = [3, 5, 4]
tugboat_horsepower = [1641, 1209, 2889, 3927]
tugboat_costs = [54.3, 29.7, 53.9, 90.9]
inbound_preparation_time = 1
outbound_preparation_time = 1
max_tugboats_per_service = 2
time_constraint_tolerance = 2
penalty_parameter = 3200.0
objective_weights = [0.1089, 0.1302, 0.5747, 0.1862]
