# PSP train | 60_5_8_T12 seed=38
# n=60 J=5 K=8 T=12 H_max=2

vessel_num = 60
berth_num = 5
tugboat_num = 8
time_periods = 12
vessel_sizes = [5, 5, 4, 4, 4, 5, 4, 4, 3, 5, 5, 5, 2, 2, 2, 4, 5, 3, 5, 5, 2, 3, 4, 4, 5, 5, 3, 1, 4, 4, 2, 4, 3, 4, 4, 5, 1, 5, 4, 2, 3, 3, 5, 4, 3, 4, 1, 3, 5, 5, 2, 3, 4, 5, 5, 3, 3, 3, 4, 2]
vessel_etas = [0, 0, 0, 0, 0, 0, 1, 1, 1, 1, 1, 2, 2, 2, 2, 3, 3, 3, 3, 4, 4, 4, 4, 4, 4, 4, 4, 5, 5, 5, 6, 6, 6, 6, 6, 7, 7, 7, 7, 7, 8, 8, 8, 8, 9, 9, 9, 9, 10, 10, 10, 10, 10, 10, 10, 11, 11, 11, 11, 11]
vessel_durations = [1, 1, 2, 2, 2, 2, 1, 1, 1, 1, 1, 2, 1, 1, 1, 2, 1, 1, 1, 2, 1, 1, 2, 2, 2, 1, 1, 2, 1, 2, 1, 1, 2, 1, 2, 2, 2, 2, 2, 1, 2, 1, 2, 2, 1, 1, 2, 1, 1, 2, 2, 1, 2, 1, 1, 2, 2, 2, 2, 1]
vessel_inbound_service_times = [1, 1, 1, 1, 1, 1, 1, 1, 1, 1, 1, 1, 1, 1, 1, 1, 1, 1, 1, 1, 1, 1, 1, 1, 1, 1, 1, 1, 1, 1, 1, 1, 1, 1, 1, 1, 1, 1, 1, 1, 1, 1, 1, 1, 1, 1, 1, 1, 1, 1, 1, 1, 1, 1, 1, 1, 1, 1, 1, 1]
vessel_outbound_service_times = [1, 1, 1, 1, 1, 1, 1, 1, 1, 1, 1, 1, 1, 1, 1, 1, 1, 1, 1, 1, 1, 1, 1, 1, 1, 1, 1, 1, 1, 1, 1, 1, 1, 1, 1, 1, 1, 1, 1, 1, 1, 1, 1, 1, 1, 1, 1, 1, 1, 1, 1, 1, 1, 1, 1, 1, 1, 1, 1, 1]
vessel_priority_weights = [2.27, 2.6, 2.14, 2.21, 2.46, 1.98, 2.76, 2.41, 1.82, 1.91, 2.54, 2.49, 1.99, 1.69, 2.62, 2.54, 1.85, 2.56, 2.2, 2.52, 2.12, 2.29, 2.24, 2.79, 2.31, 2.5, 2.52, 1.82, 2.5, 2.29, 2.72, 2.43, 2.01, 2.23, 1.98, 2.45, 1.62, 2.34, 2.43, 2.3, 2.58, 2.15, 2.28, 2.31, 2.91, 2.47, 1.63, 2.21, 2.11, 2.46, 2.27, 2.06, 1.86, 2.93, 2.4, 2.48, 1.9, 2.36, 2.35, 1.76]
vessel_waiting_costs = [57.2, 57.5, 40.2, 42.3, 47.6, 48.8, 57.3, 56.5, 31.1, 50.8, 44.3, 54.4, 19.8, 20.2, 24.8, 52.9, 55.5, 32.9, 53.8, 46.1, 18.7, 41.9, 54.4, 56.3, 52.4, 42.7, 36.0, 22.7, 49.5, 47.8, 18.8, 57.0, 33.3, 43.2, 51.9, 51.6, 24.8, 45.5, 52.5, 19.4, 38.4, 30.9, 50.8, 53.0, 35.7, 47.1, 23.5, 40.7, 52.9, 56.5, 23.3, 29.5, 50.0, 40.2, 58.6, 36.7, 31.2, 33.7, 52.3, 25.4]
vessel_jit_costs = [26.6, 22.2, 19.5, 14.0, 15.2, 16.6, 21.3, 23.0, 14.1, 19.0, 15.5, 23.2, 8.6, 9.8, 9.5, 18.8, 18.6, 16.2, 23.3, 21.8, 7.3, 19.2, 18.9, 26.1, 21.8, 15.4, 17.6, 7.2, 18.4, 16.6, 8.7, 22.6, 14.7, 17.0, 16.9, 18.9, 10.2, 21.1, 19.6, 8.5, 15.8, 9.7, 16.6, 16.6, 14.1, 17.0, 9.9, 16.1, 16.7, 28.0, 8.5, 11.8, 17.9, 13.1, 24.4, 13.7, 11.6, 16.0, 19.3, 8.5]
vessel_horsepower_requirements = [5642, 4538, 3422, 3947, 3555, 5023, 4206, 4191, 2819, 4630, 4535, 5820, 1457, 1883, 1875, 4180, 4506, 2929, 5811, 5872, 1706, 2561, 4263, 4089, 4424, 5101, 2672, 1119, 3819, 3544, 1950, 4113, 3080, 3489, 3624, 5670, 1000, 5704, 4017, 1525, 2629, 2959, 5482, 4055, 2863, 4120, 868, 2811, 4892, 5273, 1650, 2600, 4141, 5533, 4821, 2622, 2956, 2642, 3605, 1630]
vessel_early_limits = [2, 2, 2, 1, 2, 2, 2, 2, 2, 2, 1, 1, 2, 2, 1, 1, 1, 1, 2, 2, 1, 2, 1, 2, 2, 2, 1, 1, 1, 1, 1, 2, 1, 1, 1, 2, 1, 2, 1, 2, 2, 2, 1, 1, 2, 2, 2, 1, 1, 2, 1, 1, 1, 1, 1, 2, 1, 1, 1, 1]
vessel_late_limits = [2, 2, 1, 1, 1, 1, 1, 2, 2, 1, 1, 1, 2, 2, 2, 2, 1, 2, 1, 1, 2, 2, 1, 2, 2, 2, 2, 1, 2, 2, 1, 1, 2, 2, 2, 1, 1, 2, 1, 1, 2, 2, 2, 2, 2, 1, 2, 1, 1, 2, 2, 2, 2, 2, 1, 1, 2, 2, 2, 2]
berth_capacities = [5, 2, 3, 3, 4]
tugboat_horsepower = [2845, 1056, 911, 1535, 1575, 3972, 3776, 3143]
tugboat_costs = [71.2, 25.7, 30.0, 47.3, 45.8, 63.2, 77.4, 62.2]
inbound_preparation_time = 1
outbound_preparation_time = 1
max_tugboats_per_service = 2
time_constraint_tolerance = 2
penalty_parameter = 3100.0
objective_weights = [0.1133, 0.1261, 0.5609, 0.1996]
