# PSP train | 60_5_8_T12 seed=14
# n=60 J=5 K=8 T=12 H_max=2

vessel_num = 60
berth_num = 5
tugboat_num = 8
time_periods = 12
vessel_sizes = [3, 3, 2, 4, 3, 5, 4, 4, 3, 3, 3, 4, 1, 5, 3, 4, 3, 3, 2, 5, 4, 3, 4, 4, 3, 2, 3, 4, 3, 3, 3, 2, 4, 5, 5, 4, 1, 4, 5, 3, 5, 2, 1, 5, 2, 4, 3, 3, 3, 4, 4, 5, 4, 3, 3, 4, 3, 4, 5, 3]
vessel_etas = [0, 0, 0, 0, 0, 0, 0, 0, 1, 1, 1, 1, 1, 1, 1, 2, 2, 2, 2, 2, 2, 3, 3, 4, 4, 4, 4, 4, 5, 5, 5, 6, 6, 6, 7, 7, 7, 7, 7, 8, 8, 8, 9, 9, 9, 9, 10, 10, 10, 10, 10, 10, 10, 10, 10, 10, 10, 11, 11, 11]
vessel_durations = [1, 2, 2, 2, 2, 1, 1, 1, 2, 1, 1, 2, 2, 1, 1, 1, 2, 1, 1, 2, 1, 1, 1, 2, 2, 1, 1, 1, 2, 2, 1, 1, 1, 1, 2, 2, 1, 2, 2, 1, 2, 1, 2, 2, 1, 2, 1, 1, 2, 1, 2, 2, 2, 2, 2, 2, 1, 2, 2, 1]
vessel_inbound_service_times = [1, 1, 1, 1, 1, 1, 1, 1, 1, 1, 1, 1, 1, 1, 1, 1, 1, 1, 1, 1, 1, 1, 1, 1, 1, 1, 1, 1, 1, 1, 1, 1, 1, 1, 1, 1, 1, 1, 1, 1, 1, 1, 1, 1, 1, 1, 1, 1, 1, 1, 1, 1, 1, 1, 1, 1, 1, 1, 1, 1]
vessel_outbound_service_times = [1, 1, 1, 1, 1, 1, 1, 1, 1, 1, 1, 1, 1, 1, 1, 1, 1, 1, 1, 1, 1, 1, 1, 1, 1, 1, 1, 1, 1, 1, 1, 1, 1, 1, 1, 1, 1, 1, 1, 1, 1, 1, 1, 1, 1, 1, 1, 1, 1, 1, 1, 1, 1, 1, 1, 1, 1, 1, 1, 1]
vessel_priority_weights = [1.88, 1.99, 1.99, 2.49, 2.3, 2.05, 2.75, 2.57, 2.64, 2.9, 2.69, 2.52, 1.23, 1.95, 1.82, 2.15, 2.19, 2.0, 2.31, 2.62, 2.52, 2.73, 2.43, 2.49, 2.56, 2.15, 2.02, 2.12, 1.61, 2.1, 2.41, 2.5, 2.32, 2.91, 1.92, 2.22, 1.38, 2.16, 2.09, 2.21, 2.73, 2.46, 1.82, 2.71, 2.79, 2.12, 2.42, 2.32, 2.42, 2.46, 2.92, 2.21, 2.35, 1.98, 2.21, 2.22, 2.33, 2.36, 2.17, 1.95]
vessel_waiting_costs = [32.0, 28.6, 22.9, 47.8, 33.5, 46.7, 55.0, 56.5, 32.5, 40.9, 35.8, 58.9, 20.6, 58.5, 37.4, 49.0, 31.8, 41.2, 25.2, 42.8, 51.9, 40.2, 55.1, 58.8, 39.3, 21.0, 29.4, 50.0, 31.3, 40.5, 41.0, 24.0, 55.1, 55.3, 46.2, 59.2, 19.9, 47.9, 55.4, 38.2, 51.1, 19.2, 25.3, 59.4, 17.9, 59.2, 41.2, 40.1, 41.7, 51.0, 44.2, 57.4, 57.4, 28.4, 33.8, 43.4, 30.3, 46.3, 43.2, 31.7]
vessel_jit_costs = [12.5, 12.8, 8.9, 15.5, 10.8, 16.8, 19.9, 26.4, 14.3, 12.7, 14.7, 28.5, 10.1, 21.1, 11.9, 24.1, 11.4, 15.5, 11.2, 13.6, 24.8, 19.5, 23.2, 26.0, 14.9, 7.6, 14.3, 18.2, 15.5, 15.8, 18.3, 10.4, 26.0, 23.3, 17.8, 21.0, 9.3, 17.2, 21.7, 19.1, 19.9, 9.2, 9.0, 23.8, 8.1, 19.8, 20.0, 16.8, 19.3, 20.2, 14.7, 17.7, 18.7, 13.1, 14.0, 17.3, 12.7, 20.9, 20.7, 11.2]
vessel_horsepower_requirements = [2421, 3036, 1934, 4297, 2499, 5484, 3553, 3788, 2935, 2688, 2636, 3672, 878, 5175, 2429, 3763, 2408, 2602, 1589, 5656, 3799, 2377, 4368, 3649, 3030, 1452, 2656, 3536, 2451, 2469, 2441, 1562, 4545, 4526, 5419, 4331, 1102, 4053, 4550, 2749, 5588, 1837, 1045, 4799, 1862, 3511, 2689, 2630, 3038, 3505, 4508, 5879, 4016, 3083, 2781, 4421, 2378, 4600, 4420, 2855]
vessel_early_limits = [2, 2, 1, 1, 2, 1, 1, 1, 1, 2, 1, 1, 1, 2, 1, 2, 2, 2, 1, 1, 1, 2, 1, 1, 2, 2, 1, 1, 1, 2, 1, 1, 1, 1, 2, 2, 2, 2, 1, 2, 1, 1, 2, 2, 1, 2, 1, 1, 1, 2, 2, 1, 1, 1, 2, 1, 1, 1, 2, 1]
vessel_late_limits = [1, 2, 2, 1, 2, 2, 2, 1, 1, 1, 2, 2, 1, 2, 1, 2, 2, 1, 2, 2, 2, 1, 1, 2, 2, 2, 1, 1, 2, 1, 1, 1, 2, 1, 2, 1, 1, 2, 2, 2, 2, 1, 2, 2, 2, 1, 1, 1, 1, 1, 1, 1, 1, 2, 2, 1, 1, 1, 2, 1]
berth_capacities = [5, 2, 3, 3, 2]
tugboat_horsepower = [2281, 1206, 3780, 1138, 2673, 933, 996, 4505]
tugboat_costs = [44.3, 38.1, 74.2, 21.3, 50.8, 30.1, 25.4, 113.5]
inbound_preparation_time = 1
outbound_preparation_time = 1
max_tugboats_per_service = 2
time_constraint_tolerance = 2
penalty_parameter = 3000.0
objective_weights = [0.116, 0.1266, 0.5474, 0.21]
