# PSP train | 60_5_8_T12 seed=12
# n=60 J=5 K=8 T=12 H_max=2

vessel_num = 60
berth_num = 5
tugboat_num = 8
time_periods = 12
vessel_sizes = [5, 5, 1, 4, 3, 3, 4, 5, 1, 2, 3, 3, 3, 4, 3, 3, 3, 4, 4, 4, 5, 5, 3, 2, 4, 1, 4, 4, 2, 1, 1, 5, 4, 3, 5, 3, 3, 4, 2, 3, 5, 5, 5, 4, 4, 5, 2, 3, 3, 5, 3, 3, 2, 3, 3, 5, 4, 4, 4, 5]
vessel_etas = [0, 0, 0, 1, 1, 1, 1, 1, 1, 2, 2, 2, 2, 3, 3, 3, 3, 4, 4, 4, 4, 5, 5, 5, 5, 5, 5, 6, 6, 6, 6, 6, 6, 7, 8, 8, 8, 8, 9, 9, 9, 9, 9, 9, 10, 10, 10, 10, 10, 10, 10, 10, 11, 11, 11, 11, 11, 11, 11, 11]
vessel_durations = [2, 2, 1, 2, 1, 1, 2, 1, 1, 1, 2, 1, 2, 1, 1, 1, 1, 2, 1, 2, 1, 2, 1, 2, 1, 2, 2, 2, 1, 2, 2, 1, 1, 1, 2, 2, 2, 2, 1, 1, 1, 1, 2, 2, 1, 2, 1, 2, 2, 1, 1, 2, 2, 2, 1, 1, 2, 2, 1, 2]
vessel_inbound_service_times = [1, 1, 1, 1, 1, 1, 1, 1, 1, 1, 1, 1, 1, 1, 1, 1, 1, 1, 1, 1, 1, 1, 1, 1, 1, 1, 1, 1, 1, 1, 1, 1, 1, 1, 1, 1, 1, 1, 1, 1, 1, 1, 1, 1, 1, 1, 1, 1, 1, 1, 1, 1, 1, 1, 1, 1, 1, 1, 1, 1]
vessel_outbound_service_times = [1, 1, 1, 1, 1, 1, 1, 1, 1, 1, 1, 1, 1, 1, 1, 1, 1, 1, 1, 1, 1, 1, 1, 1, 1, 1, 1, 1, 1, 1, 1, 1, 1, 1, 1, 1, 1, 1, 1, 1, 1, 1, 1, 1, 1, 1, 1, 1, 1, 1, 1, 1, 1, 1, 1, 1, 1, 1, 1, 1]
vessel_priority_weights = [1.93, 2.89, 1.93, 2.38, 2.26, 2.29, 2.59, 2.86, 1.81, 2.18, 2.48, 2.73, 2.22, 2.04, 2.86, 2.65, 2.23, 2.27, 2.22, 2.18, 2.2, 2.85, 2.08, 2.37, 2.13, 1.6, 2.42, 2.49, 2.62, 1.96, 1.7, 2.52, 1.82, 2.48, 2.19, 2.19, 2.51, 2.96, 2.14, 2.66, 2.31, 2.61, 2.42, 2.29, 2.41, 1.98, 1.34, 1.98, 2.21, 2.7, 2.03, 2.99, 2.6, 2.56, 2.63, 2.73, 2.92, 2.27, 2.05, 1.92]
vessel_waiting_costs = [51.2, 56.8, 19.7, 55.6, 40.4, 41.4, 54.9, 59.7, 20.0, 19.5, 32.7, 41.8, 37.7, 57.2, 39.6, 34.9, 30.3, 58.1, 47.8, 43.8, 42.7, 50.6, 41.8, 23.3, 45.1, 21.7, 49.0, 53.1, 19.1, 22.6, 22.7, 54.0, 52.5, 28.6, 57.0, 30.0, 40.0, 59.9, 19.6, 41.6, 59.4, 50.3, 50.5, 45.0, 51.0, 50.9, 17.9, 34.3, 41.5, 55.4, 37.4, 28.3, 22.3, 35.8, 37.1, 56.8, 50.2, 41.4, 48.1, 59.6]
vessel_jit_costs = [16.8, 27.5, 8.1, 26.6, 12.8, 17.5, 27.4, 22.0, 6.2, 7.3, 13.9, 15.2, 18.1, 24.3, 17.2, 16.1, 10.3, 23.6, 17.6, 21.2, 18.6, 22.4, 13.5, 8.0, 14.2, 10.5, 15.6, 25.6, 9.0, 7.6, 7.2, 24.0, 22.7, 11.3, 25.6, 14.5, 15.7, 24.7, 9.5, 19.1, 28.4, 21.1, 21.5, 17.0, 24.6, 21.1, 7.5, 13.9, 17.7, 22.8, 16.2, 9.2, 8.5, 11.4, 16.4, 26.3, 23.0, 13.8, 22.5, 18.0]
vessel_horsepower_requirements = [5695, 5355, 1034, 3851, 2916, 2712, 4117, 4768, 1103, 1924, 2560, 2642, 2482, 4470, 2511, 2495, 3087, 4498, 4204, 4249, 5970, 5963, 2405, 1460, 4343, 894, 3650, 3868, 1832, 949, 986, 5277, 4522, 2678, 5699, 2440, 2823, 4394, 1589, 2948, 5358, 5216, 5447, 3450, 3710, 5267, 1716, 3092, 2444, 4677, 2841, 2741, 1875, 2852, 2638, 5254, 4144, 3635, 3762, 4998]
vessel_early_limits = [1, 1, 1, 2, 2, 1, 1, 2, 1, 2, 1, 2, 2, 1, 1, 1, 1, 2, 1, 2, 1, 2, 1, 1, 2, 1, 1, 1, 2, 2, 2, 2, 1, 2, 1, 2, 2, 2, 2, 1, 2, 2, 1, 2, 2, 2, 2, 1, 1, 2, 2, 1, 2, 2, 1, 1, 1, 1, 1, 1]
vessel_late_limits = [2, 2, 1, 2, 2, 1, 2, 2, 2, 2, 1, 2, 2, 2, 2, 1, 1, 2, 1, 2, 2, 2, 1, 1, 1, 2, 2, 1, 2, 2, 2, 2, 2, 2, 1, 2, 1, 1, 1, 2, 2, 2, 2, 1, 2, 2, 1, 1, 1, 1, 1, 1, 2, 2, 1, 2, 2, 1, 1, 1]
berth_capacities = [3, 2, 4, 5, 3]
tugboat_horsepower = [973, 1753, 4564, 1922, 4547, 821, 2388, 1777]
tugboat_costs = [27.1, 31.0, 95.1, 51.8, 111.1, 31.1, 40.3, 45.6]
inbound_preparation_time = 1
outbound_preparation_time = 1
max_tugboats_per_service = 2
time_constraint_tolerance = 2
penalty_parameter = 3200.0
objective_weights = [0.1126, 0.1305, 0.5526, 0.2042]
