# PSP train | 60_5_8_T12 seed=36
# n=60 J=5 K=8 T=12 H_max=2

vessel_num = 60
berth_num = 5
tugboat_num = 8
time_periods = 12
vessel_sizes = [4, 2, 4, 2, 2, 3, 3, 3, 5, 4, 4, 1, 3, 3, 5, 3, 3, 4, 4, 2, 5, 2, 3, 3, 3, 3, 3, 4, 4, 4, 4, 4, 5, 3, 3, 3, 3, 3, 5, 5, 5, 4, 5, 4, 2, 2, 3, 4, 3, 5, 5, 3, 1, 3, 4, 4, 5, 4, 5, 5]
vessel_etas = [0, 0, 0, 0, 0, 1, 1, 1, 1, 2, 2, 2, 2, 2, 2, 2, 3, 3, 3, 3, 4, 4, 4, 4, 4, 5, 5, 5, 5, 5, 6, 6, 6, 6, 6, 6, 6, 7, 7, 8, 8, 8, 8, 8, 9, 9, 10, 10, 11, 11, 11, 11, 11, 11, 11, 11, 11, 11, 11, 11]
vessel_durations = [2, 1, 2, 1, 2, 1, 1, 2, 2, 2, 2, 1, 2, 2, 2, 2, 1, 2, 1, 1, 1, 1, 2, 2, 1, 1, 2, 2, 2, 1, 1, 1, 2, 1, 2, 1, 2, 1, 2, 1, 2, 2, 2, 2, 1, 1, 1, 1, 2, 2, 1, 1, 2, 1, 2, 1, 2, 2, 1, 2]
vessel_inbound_service_times = [1, 1, 1, 1, 1, 1, 1, 1, 1, 1, 1, 1, 1, 1, 1, 1, 1, 1, 1, 1, 1, 1, 1, 1, 1, 1, 1, 1, 1, 1, 1, 1, 1, 1, 1, 1, 1, 1, 1, 1, 1, 1, 1, 1, 1, 1, 1, 1, 1, 1, 1, 1, 1, 1, 1, 1, 1, 1, 1, 1]
vessel_outbound_service_times = [1, 1, 1, 1, 1, 1, 1, 1, 1, 1, 1, 1, 1, 1, 1, 1, 1, 1, 1, 1, 1, 1, 1, 1, 1, 1, 1, 1, 1, 1, 1, 1, 1, 1, 1, 1, 1, 1, 1, 1, 1, 1, 1, 1, 1, 1, 1, 1, 1, 1, 1, 1, 1, 1, 1, 1, 1, 1, 1, 1]
vessel_priority_weights = [2.86, 2.11, 2.33, 2.38, 2.22, 2.71, 1.56, 2.31, 2.6, 2.9, 1.86, 1.3, 2.0, 1.34, 2.46, 2.62, 2.33, 2.25, 2.31, 2.73, 3.0, 1.4, 2.24, 2.59, 2.6, 2.28, 2.01, 2.1, 2.45, 2.84, 2.6, 1.92, 2.33, 2.55, 2.4, 2.97, 2.55, 2.34, 2.12, 2.07, 2.18, 2.91, 2.72, 2.25, 2.24, 2.43, 2.59, 2.12, 2.77, 1.92, 2.26, 2.53, 1.72, 1.45, 2.48, 2.23, 1.86, 2.65, 2.5, 2.46]
vessel_waiting_costs = [43.3, 24.1, 45.5, 20.7, 25.1, 33.7, 37.3, 41.5, 59.3, 50.8, 54.7, 23.0, 30.6, 34.4, 44.0, 39.8, 40.5, 57.2, 43.0, 24.1, 49.3, 22.0, 35.2, 28.0, 36.1, 32.7, 35.0, 47.6, 58.4, 48.6, 40.3, 48.1, 57.8, 28.7, 37.2, 39.0, 32.2, 34.1, 54.0, 47.6, 42.9, 42.2, 45.3, 49.6, 21.8, 21.7, 35.8, 46.4, 32.3, 56.4, 54.6, 33.7, 17.9, 33.9, 42.5, 54.7, 42.2, 45.0, 46.3, 53.7]
vessel_jit_costs = [13.1, 10.7, 21.4, 6.6, 10.1, 12.4, 17.9, 20.2, 20.2, 20.1, 20.8, 10.2, 12.6, 14.2, 16.1, 19.0, 15.2, 27.6, 19.5, 9.4, 19.5, 7.4, 15.8, 9.1, 14.4, 14.9, 16.7, 20.9, 20.0, 17.0, 15.9, 24.0, 22.5, 11.0, 13.5, 14.5, 13.5, 11.0, 23.5, 14.7, 20.9, 14.3, 14.8, 24.3, 8.4, 8.5, 15.5, 14.6, 14.7, 24.5, 19.8, 14.0, 5.6, 11.0, 17.4, 16.6, 14.3, 15.1, 21.7, 17.9]
vessel_horsepower_requirements = [4318, 1679, 3715, 1768, 1731, 2976, 2499, 2807, 4533, 3649, 4399, 1027, 3078, 2694, 5934, 2886, 2575, 3451, 3420, 1878, 5436, 1836, 2506, 2996, 2879, 2830, 2959, 4012, 4413, 3764, 4309, 4451, 4889, 3097, 2718, 3021, 2823, 2774, 5916, 4574, 4598, 3817, 4680, 3451, 1770, 1461, 2665, 4063, 2531, 5784, 4966, 2568, 894, 2413, 4193, 3665, 5618, 3520, 5234, 5247]
vessel_early_limits = [2, 1, 1, 2, 2, 2, 1, 2, 2, 1, 1, 1, 2, 2, 2, 1, 2, 2, 1, 1, 1, 1, 2, 1, 2, 1, 2, 1, 1, 1, 2, 1, 2, 2, 2, 2, 2, 1, 1, 2, 1, 1, 2, 2, 1, 2, 1, 1, 2, 2, 2, 1, 1, 2, 2, 1, 1, 2, 1, 1]
vessel_late_limits = [1, 1, 1, 1, 2, 2, 1, 1, 1, 1, 2, 1, 2, 1, 1, 1, 2, 1, 2, 2, 2, 2, 2, 2, 2, 2, 2, 2, 2, 1, 2, 1, 2, 2, 1, 2, 2, 1, 2, 1, 1, 2, 1, 2, 1, 1, 2, 2, 1, 2, 1, 2, 1, 1, 2, 1, 2, 1, 1, 1]
berth_capacities = [5, 2, 3, 2, 3]
tugboat_horsepower = [2033, 1011, 4850, 1501, 1503, 4772, 3234, 1429]
tugboat_costs = [73.3, 32.9, 126.7, 31.1, 32.4, 107.6, 80.4, 31.9]
inbound_preparation_time = 1
outbound_preparation_time = 1
max_tugboats_per_service = 2
time_constraint_tolerance = 2
penalty_parameter = 3300.0
objective_weights = [0.108, 0.1325, 0.5915, 0.168]
