# PSP train | 60_5_8_T12 seed=18
# n=60 J=5 K=8 T=12 H_max=2

vessel_num = 60
berth_num = 5
tugboat_num = 8
time_periods = 12
vessel_sizes = [3, 3, 4, 5, 5, 4, 5, 3, 3, 3, 2, 2, 5, 5, 4, 1, 5, 2, 4, 3, 3, 5, 5, 3, 3, 5, 5, 2, 3, 3, 3, 4, 3, 4, 3, 4, 4, 3, 3, 4, 4, 4, 5, 5, 4, 4, 5, 3, 5, 4, 3, 2, 5, 1, 3, 4, 3, 3, 4, 4]
vessel_etas = [0, 0, 0, 1, 1, 1, 1, 1, 1, 1, 1, 2, 2, 2, 2, 3, 3, 3, 3, 3, 3, 3, 4, 4, 4, 4, 5, 5, 5, 5, 5, 6, 6, 6, 7, 7, 7, 7, 7, 8, 8, 8, 8, 8, 8, 8, 9, 9, 10, 10, 10, 10, 10, 10, 10, 10, 11, 11, 11, 11]
vessel_durations = [2, 1, 2, 2, 1, 1, 2, 1, 2, 2, 1, 2, 1, 2, 1, 1, 1, 2, 2, 1, 2, 1, 2, 1, 1, 1, 1, 1, 2, 2, 1, 2, 1, 2, 2, 1, 1, 2, 2, 2, 2, 1, 2, 2, 2, 1, 1, 1, 1, 1, 1, 2, 1, 2, 2, 1, 2, 2, 1, 1]
vessel_inbound_service_times = [1, 1, 1, 1, 1, 1, 1, 1, 1, 1, 1, 1, 1, 1, 1, 1, 1, 1, 1, 1, 1, 1, 1, 1, 1, 1, 1, 1, 1, 1, 1, 1, 1, 1, 1, 1, 1, 1, 1, 1, 1, 1, 1, 1, 1, 1, 1, 1, 1, 1, 1, 1, 1, 1, 1, 1, 1, 1, 1, 1]
vessel_outbound_service_times = [1, 1, 1, 1, 1, 1, 1, 1, 1, 1, 1, 1, 1, 1, 1, 1, 1, 1, 1, 1, 1, 1, 1, 1, 1, 1, 1, 1, 1, 1, 1, 1, 1, 1, 1, 1, 1, 1, 1, 1, 1, 1, 1, 1, 1, 1, 1, 1, 1, 1, 1, 1, 1, 1, 1, 1, 1, 1, 1, 1]
vessel_priority_weights = [2.1, 1.82, 2.47, 1.88, 2.14, 2.63, 2.74, 1.91, 2.12, 2.3, 2.38, 2.72, 2.29, 2.77, 2.98, 1.69, 2.91, 2.79, 2.32, 2.89, 2.15, 2.36, 2.18, 1.86, 2.96, 2.08, 2.66, 2.62, 2.18, 2.44, 2.45, 2.24, 2.79, 2.44, 2.82, 2.37, 2.43, 2.14, 1.28, 1.91, 2.2, 2.36, 2.6, 2.39, 2.86, 2.61, 1.9, 2.27, 2.61, 2.41, 2.34, 2.35, 2.28, 1.61, 1.97, 2.65, 2.21, 1.93, 2.29, 1.89]
vessel_waiting_costs = [35.9, 33.2, 40.9, 43.8, 59.5, 54.3, 55.4, 28.3, 37.2, 34.6, 21.7, 26.1, 46.0, 40.0, 57.3, 25.0, 47.1, 25.1, 57.7, 31.1, 32.3, 57.8, 45.1, 28.5, 35.7, 41.1, 56.3, 20.5, 38.3, 38.3, 28.0, 59.5, 29.4, 40.2, 33.0, 42.9, 53.6, 33.2, 36.2, 43.0, 52.1, 53.0, 55.1, 54.4, 58.6, 50.0, 46.7, 39.3, 50.2, 42.5, 38.5, 23.6, 49.3, 17.8, 40.9, 51.4, 35.9, 37.1, 49.3, 48.0]
vessel_jit_costs = [12.1, 14.6, 16.2, 14.4, 27.4, 17.3, 18.4, 9.9, 17.4, 12.1, 10.5, 8.6, 17.5, 19.7, 22.1, 8.5, 19.7, 11.6, 22.3, 12.6, 15.4, 20.5, 14.6, 8.8, 16.5, 17.1, 24.6, 6.6, 19.1, 11.6, 11.8, 23.3, 9.9, 17.0, 11.3, 16.5, 25.1, 14.9, 13.0, 17.4, 17.6, 22.1, 26.3, 23.7, 18.0, 20.2, 16.7, 14.9, 15.3, 15.3, 14.8, 10.0, 15.3, 8.3, 19.9, 15.6, 11.8, 15.8, 18.1, 15.5]
vessel_horsepower_requirements = [2577, 2435, 4477, 5870, 5028, 3459, 5402, 2738, 3048, 2928, 1935, 1898, 4449, 4849, 3442, 973, 5483, 1950, 4494, 2797, 2783, 5968, 5589, 2828, 3071, 5556, 5883, 1857, 2879, 2617, 2870, 3693, 3014, 4248, 2383, 4198, 3849, 2852, 2998, 4461, 4092, 4018, 5112, 5502, 3906, 4089, 5810, 2726, 5686, 3966, 2539, 1876, 4467, 1008, 2341, 4169, 2482, 2540, 4203, 3707]
vessel_early_limits = [1, 2, 2, 2, 1, 1, 1, 2, 2, 1, 1, 2, 2, 1, 2, 1, 2, 2, 2, 1, 2, 2, 1, 2, 2, 2, 2, 2, 2, 1, 1, 2, 2, 1, 1, 1, 2, 2, 2, 1, 2, 1, 2, 1, 2, 1, 2, 2, 2, 2, 1, 2, 1, 2, 2, 2, 1, 1, 2, 2]
vessel_late_limits = [2, 2, 1, 2, 1, 1, 2, 2, 2, 1, 2, 1, 2, 2, 1, 1, 2, 1, 2, 1, 1, 2, 2, 1, 2, 2, 1, 2, 2, 1, 2, 2, 1, 1, 1, 1, 2, 1, 2, 1, 1, 1, 1, 1, 2, 2, 1, 1, 2, 2, 2, 2, 2, 2, 1, 1, 2, 1, 2, 1]
berth_capacities = [5, 3, 3, 3, 2]
tugboat_horsepower = [4298, 1614, 4165, 1286, 1063, 1908, 1508, 879]
tugboat_costs = [88.7, 47.1, 107.1, 29.8, 36.9, 38.7, 31.0, 23.5]
inbound_preparation_time = 1
outbound_preparation_time = 1
max_tugboats_per_service = 2
time_constraint_tolerance = 2
penalty_parameter = 3100.0
objective_weights = [0.1099, 0.1242, 0.5584, 0.2076]
