# PSP train | 60_5_8_T12 seed=26
# n=60 J=5 K=8 T=12 H_max=2

vessel_num = 60
berth_num = 5
tugboat_num = 8
time_periods = 12
vessel_sizes = [3, 3, 2, 3, 4, 3, 1, 2, 3, 1, 3, 3, 4, 4, 3, 5, 3, 5, 5, 3, 5, 3, 4, 4, 4, 4, 2, 3, 3, 4, 3, 5, 2, 5, 2, 4, 3, 5, 3, 3, 3, 5, 4, 5, 3, 5, 5, 5, 5, 4, 3, 3, 5, 4, 4, 3, 4, 4, 4, 2]
vessel_etas = [0, 0, 0, 0, 0, 0, 0, 0, 1, 1, 2, 2, 3, 3, 3, 3, 3, 3, 4, 4, 4, 4, 4, 4, 4, 4, 4, 4, 5, 5, 5, 6, 6, 6, 6, 6, 7, 7, 7, 7, 7, 8, 8, 8, 8, 9, 9, 9, 9, 9, 9, 9, 10, 10, 11, 11, 11, 11, 11, 11]
vessel_durations = [1, 1, 1, 2, 1, 2, 2, 1, 1, 2, 2, 1, 1, 2, 1, 1, 1, 1, 2, 1, 1, 2, 2, 2, 2, 2, 1, 2, 2, 1, 1, 2, 2, 1, 2, 2, 2, 1, 2, 2, 1, 1, 1, 1, 1, 1, 2, 1, 1, 2, 1, 1, 2, 1, 2, 1, 1, 1, 2, 2]
vessel_inbound_service_times = [1, 1, 1, 1, 1, 1, 1, 1, 1, 1, 1, 1, 1, 1, 1, 1, 1, 1, 1, 1, 1, 1, 1, 1, 1, 1, 1, 1, 1, 1, 1, 1, 1, 1, 1, 1, 1, 1, 1, 1, 1, 1, 1, 1, 1, 1, 1, 1, 1, 1, 1, 1, 1, 1, 1, 1, 1, 1, 1, 1]
vessel_outbound_service_times = [1, 1, 1, 1, 1, 1, 1, 1, 1, 1, 1, 1, 1, 1, 1, 1, 1, 1, 1, 1, 1, 1, 1, 1, 1, 1, 1, 1, 1, 1, 1, 1, 1, 1, 1, 1, 1, 1, 1, 1, 1, 1, 1, 1, 1, 1, 1, 1, 1, 1, 1, 1, 1, 1, 1, 1, 1, 1, 1, 1]
vessel_priority_weights = [2.06, 2.4, 1.34, 2.32, 2.1, 2.47, 1.25, 2.45, 1.93, 1.9, 1.89, 2.27, 1.94, 2.31, 2.57, 2.24, 2.82, 2.63, 2.93, 1.83, 1.94, 1.84, 2.76, 2.15, 2.38, 2.77, 2.65, 2.46, 2.73, 2.03, 2.68, 2.12, 2.23, 2.64, 2.77, 2.23, 2.42, 2.7, 1.22, 2.7, 2.13, 2.07, 1.87, 2.47, 2.83, 2.22, 2.65, 2.43, 2.3, 2.49, 2.99, 2.71, 2.36, 2.22, 2.09, 1.83, 2.62, 2.56, 2.88, 1.59]
vessel_waiting_costs = [34.7, 32.0, 25.2, 35.5, 51.6, 38.1, 18.1, 19.6, 40.4, 21.2, 32.9, 35.1, 57.6, 54.1, 35.4, 41.0, 34.5, 57.8, 43.6, 41.6, 44.2, 40.6, 56.7, 40.8, 54.7, 44.6, 23.1, 40.9, 29.9, 41.4, 34.3, 55.2, 18.5, 60.0, 22.6, 59.4, 41.8, 40.2, 33.5, 40.9, 40.5, 46.6, 56.9, 48.7, 37.4, 47.0, 46.1, 46.3, 55.3, 47.1, 38.2, 39.7, 52.4, 47.9, 57.9, 36.9, 47.2, 43.5, 52.3, 19.4]
vessel_jit_costs = [12.2, 14.1, 8.2, 15.5, 23.1, 15.1, 8.3, 6.3, 19.2, 8.4, 15.0, 17.0, 20.0, 22.1, 11.6, 13.7, 14.0, 25.3, 16.5, 13.6, 16.8, 14.6, 24.6, 13.2, 22.5, 17.4, 7.9, 16.4, 10.4, 15.6, 13.6, 20.4, 7.5, 19.7, 9.0, 19.7, 15.4, 17.2, 16.0, 18.8, 15.8, 17.7, 18.1, 18.4, 18.4, 19.7, 20.7, 18.4, 18.8, 21.8, 18.7, 15.6, 21.7, 20.7, 22.4, 13.2, 14.5, 20.3, 25.2, 9.1]
vessel_horsepower_requirements = [2683, 2802, 1770, 2567, 3679, 2789, 955, 1736, 2879, 1075, 3010, 2756, 4441, 3455, 2541, 5962, 2458, 4528, 5626, 3077, 5145, 3098, 4264, 4499, 4128, 3775, 1488, 2355, 3056, 4515, 2694, 5774, 1581, 5159, 1599, 3419, 2388, 5595, 2797, 2388, 2892, 5585, 3809, 5804, 2649, 5612, 5144, 5044, 5604, 3501, 2951, 2642, 5122, 4217, 3981, 2587, 3986, 4168, 4464, 1826]
vessel_early_limits = [1, 2, 2, 2, 1, 1, 2, 1, 2, 2, 1, 2, 2, 2, 2, 2, 2, 2, 2, 2, 2, 2, 2, 2, 2, 2, 1, 2, 2, 1, 1, 1, 2, 2, 2, 2, 2, 2, 1, 2, 2, 1, 2, 1, 1, 1, 2, 2, 2, 1, 1, 1, 1, 2, 1, 1, 1, 1, 2, 2]
vessel_late_limits = [1, 2, 1, 1, 2, 2, 2, 1, 1, 2, 1, 1, 2, 2, 2, 1, 2, 2, 2, 1, 1, 2, 2, 2, 2, 2, 1, 2, 2, 1, 2, 1, 1, 2, 2, 2, 1, 1, 1, 1, 1, 1, 1, 1, 2, 2, 1, 2, 2, 1, 1, 1, 1, 1, 2, 2, 1, 2, 2, 2]
berth_capacities = [5, 3, 2, 2, 2]
tugboat_horsepower = [1990, 2957, 1088, 865, 1072, 4163, 1780, 4301]
tugboat_costs = [41.2, 65.4, 32.9, 38.9, 28.3, 124.4, 41.9, 97.1]
inbound_preparation_time = 1
outbound_preparation_time = 1
max_tugboats_per_service = 2
time_constraint_tolerance = 2
penalty_parameter = 3200.0
objective_weights = [0.1116, 0.1317, 0.5723, 0.1844]
