# PSP train | 60_5_8_T12 seed=5
# n=60 J=5 K=8 T=12 H_max=2

vessel_num = 60
berth_num = 5
tugboat_num = 8
time_periods = 12
vessel_sizes = [2, 2, 2, 5, 4, 3, 3, 3, 4, 2, 5, 2, 2, 2, 4, 4, 4, 4, 3, 2, 4, 3, 3, 4, 5, 4, 3, 3, 4, 4, 4, 5, 4, 5, 3, 3, 2, 3, 4, 3, 5, 4, 3, 4, 2, 5, 3, 3, 5, 3, 3, 1, 3, 3, 5, 4, 5, 3, 3, 5]
vessel_etas = [0, 0, 1, 1, 2, 2, 2, 2, 3, 4, 4, 4, 4, 4, 4, 4, 4, 4, 5, 5, 5, 5, 5, 5, 5, 5, 5, 5, 5, 5, 6, 7, 7, 7, 7, 7, 8, 8, 8, 8, 8, 8, 8, 8, 9, 9, 10, 10, 10, 10, 10, 10, 10, 11, 11, 11, 11, 11, 11, 11]
vessel_durations = [2, 1, 1, 1, 1, 1, 2, 2, 1, 1, 1, 1, 1, 1, 1, 2, 1, 2, 2, 2, 2, 1, 1, 2, 2, 2, 2, 1, 2, 1, 1, 1, 1, 1, 2, 2, 2, 2, 1, 2, 2, 1, 2, 2, 1, 1, 2, 2, 1, 2, 2, 2, 1, 1, 1, 2, 1, 2, 2, 1]
vessel_inbound_service_times = [1, 1, 1, 1, 1, 1, 1, 1, 1, 1, 1, 1, 1, 1, 1, 1, 1, 1, 1, 1, 1, 1, 1, 1, 1, 1, 1, 1, 1, 1, 1, 1, 1, 1, 1, 1, 1, 1, 1, 1, 1, 1, 1, 1, 1, 1, 1, 1, 1, 1, 1, 1, 1, 1, 1, 1, 1, 1, 1, 1]
vessel_outbound_service_times = [1, 1, 1, 1, 1, 1, 1, 1, 1, 1, 1, 1, 1, 1, 1, 1, 1, 1, 1, 1, 1, 1, 1, 1, 1, 1, 1, 1, 1, 1, 1, 1, 1, 1, 1, 1, 1, 1, 1, 1, 1, 1, 1, 1, 1, 1, 1, 1, 1, 1, 1, 1, 1, 1, 1, 1, 1, 1, 1, 1]
vessel_priority_weights = [2.74, 2.35, 1.75, 2.4, 2.35, 2.97, 2.9, 2.63, 2.33, 2.1, 2.21, 2.47, 2.5, 1.34, 2.89, 2.48, 2.39, 2.49, 2.14, 2.27, 2.01, 2.69, 1.75, 2.45, 2.56, 1.85, 2.28, 2.29, 2.29, 2.84, 2.82, 1.94, 2.01, 2.37, 2.29, 2.71, 2.17, 2.46, 2.64, 2.31, 2.24, 2.37, 1.64, 2.67, 1.33, 2.4, 1.98, 2.04, 2.27, 2.37, 2.46, 1.7, 2.62, 2.2, 2.72, 2.09, 1.92, 2.18, 2.72, 2.22]
vessel_waiting_costs = [17.8, 21.9, 20.9, 54.5, 46.2, 39.6, 29.6, 29.2, 56.4, 18.7, 44.9, 21.4, 19.8, 23.8, 44.0, 47.5, 48.4, 55.0, 40.5, 24.3, 48.8, 37.2, 38.2, 45.4, 47.6, 41.3, 31.7, 32.0, 55.3, 40.5, 42.6, 57.2, 52.2, 48.6, 32.6, 36.2, 24.0, 35.4, 54.2, 41.1, 42.4, 58.3, 34.1, 55.4, 22.3, 51.9, 39.4, 28.7, 40.7, 34.7, 33.5, 20.0, 35.9, 38.5, 47.0, 59.6, 57.0, 33.6, 39.6, 40.8]
vessel_jit_costs = [7.3, 9.1, 8.9, 26.3, 18.0, 13.7, 10.7, 13.3, 20.4, 5.9, 14.2, 8.9, 6.2, 7.4, 15.7, 15.2, 17.6, 22.6, 17.4, 10.1, 22.6, 18.3, 16.8, 21.0, 15.5, 13.8, 13.8, 10.0, 22.8, 12.6, 15.8, 28.0, 18.1, 18.1, 9.9, 16.8, 7.7, 11.8, 21.1, 18.9, 15.4, 22.9, 13.2, 27.0, 11.0, 16.6, 15.1, 14.2, 16.9, 16.5, 11.5, 6.8, 13.3, 13.4, 16.4, 27.9, 24.1, 11.0, 15.8, 13.6]
vessel_horsepower_requirements = [1813, 1557, 1472, 4816, 3547, 2710, 2858, 2655, 3691, 1756, 5087, 1945, 1641, 1657, 3693, 4000, 4490, 4403, 2917, 1589, 4139, 2997, 2904, 4007, 5612, 4379, 2365, 2636, 3652, 4296, 3537, 4993, 4284, 5763, 2877, 2555, 1822, 2382, 4198, 2850, 5955, 4169, 2690, 4141, 1494, 4500, 2776, 2397, 5209, 2460, 2647, 1091, 2985, 2883, 4797, 3734, 5907, 3092, 2391, 4530]
vessel_early_limits = [2, 2, 1, 1, 2, 1, 2, 2, 2, 1, 2, 2, 2, 2, 2, 2, 1, 1, 2, 1, 2, 2, 2, 2, 1, 1, 2, 1, 2, 1, 2, 2, 1, 2, 2, 1, 2, 1, 2, 1, 2, 1, 2, 2, 2, 1, 1, 2, 1, 1, 2, 1, 2, 1, 2, 1, 1, 1, 1, 1]
vessel_late_limits = [2, 1, 1, 2, 2, 2, 1, 2, 2, 1, 1, 2, 2, 2, 2, 1, 2, 1, 2, 2, 2, 2, 2, 1, 2, 1, 1, 1, 1, 2, 1, 1, 1, 2, 1, 1, 2, 2, 1, 1, 1, 1, 2, 2, 1, 1, 2, 2, 2, 2, 1, 2, 2, 1, 2, 2, 2, 2, 2, 2]
berth_capacities = [3, 2, 3, 3, 5]
tugboat_horsepower = [1772, 2811, 3913, 1794, 1696, 838, 3626, 1605]
tugboat_costs = [32.1, 51.0, 64.3, 43.5, 53.0, 32.0, 94.3, 35.4]
inbound_preparation_time = 1
outbound_preparation_time = 1
max_tugboats_per_service = 2
time_constraint_tolerance = 2
penalty_parameter = 3000.0
objective_weights = [0.1102, 0.127, 0.5645, 0.1982]
