# PSP train | 60_5_8_T12 seed=23
# n=60 J=5 K=8 T=12 H_max=2

vessel_num = 60
berth_num = 5
tugboat_num = 8
time_periods = 12
vessel_sizes = [3, 3, 4, 5, 4, 3, 4, 5, 4, 3, 5, 3, 5, 4, 5, 3, 4, 4, 3, 3, 4, 5, 3, 3, 1, 3, 4, 5, 4, 2, 4, 2, 3, 2, 4, 5, 3, 5, 3, 5, 2, 2, 5, 4, 4, 3, 4, 5, 4, 3, 2, 3, 5, 3, 3, 2, 3, 1, 5, 2]
vessel_etas = [0, 0, 0, 0, 0, 1, 1, 1, 1, 1, 2, 2, 2, 3, 3, 3, 4, 4, 4, 4, 4, 4, 4, 4, 4, 4, 5, 5, 5, 5, 6, 6, 6, 6, 6, 6, 7, 7, 7, 7, 7, 7, 8, 8, 8, 8, 8, 8, 8, 9, 9, 9, 9, 9, 10, 10, 10, 11, 11, 11]
vessel_durations = [2, 2, 2, 1, 2, 1, 2, 1, 2, 1, 1, 2, 2, 2, 2, 2, 2, 2, 2, 2, 2, 1, 1, 2, 1, 1, 2, 2, 2, 1, 2, 1, 1, 2, 1, 1, 1, 2, 2, 1, 2, 2, 2, 1, 1, 2, 1, 2, 1, 1, 1, 2, 1, 1, 2, 1, 2, 2, 1, 1]
vessel_inbound_service_times = [1, 1, 1, 1, 1, 1, 1, 1, 1, 1, 1, 1, 1, 1, 1, 1, 1, 1, 1, 1, 1, 1, 1, 1, 1, 1, 1, 1, 1, 1, 1, 1, 1, 1, 1, 1, 1, 1, 1, 1, 1, 1, 1, 1, 1, 1, 1, 1, 1, 1, 1, 1, 1, 1, 1, 1, 1, 1, 1, 1]
vessel_outbound_service_times = [1, 1, 1, 1, 1, 1, 1, 1, 1, 1, 1, 1, 1, 1, 1, 1, 1, 1, 1, 1, 1, 1, 1, 1, 1, 1, 1, 1, 1, 1, 1, 1, 1, 1, 1, 1, 1, 1, 1, 1, 1, 1, 1, 1, 1, 1, 1, 1, 1, 1, 1, 1, 1, 1, 1, 1, 1, 1, 1, 1]
vessel_priority_weights = [1.91, 2.21, 1.97, 2.21, 2.97, 2.61, 2.21, 2.34, 2.01, 2.17, 1.9, 2.36, 2.0, 2.67, 2.03, 2.67, 1.9, 2.91, 2.44, 2.98, 2.18, 2.37, 2.28, 2.31, 1.75, 1.93, 2.73, 2.01, 2.54, 2.06, 2.43, 1.81, 2.39, 2.43, 2.27, 2.6, 2.21, 2.56, 2.6, 2.49, 2.65, 1.28, 2.36, 2.34, 2.42, 2.2, 2.66, 2.35, 2.65, 2.01, 2.04, 1.85, 2.35, 1.87, 2.76, 2.64, 2.13, 1.92, 2.55, 2.07]
vessel_waiting_costs = [28.1, 29.5, 58.9, 53.9, 45.3, 38.0, 57.4, 43.4, 56.5, 39.5, 44.8, 37.3, 58.6, 56.9, 50.1, 30.5, 44.1, 58.5, 36.9, 38.5, 55.1, 53.0, 29.0, 36.8, 21.2, 36.1, 43.2, 53.9, 49.0, 21.8, 56.5, 25.2, 32.8, 22.3, 54.1, 50.4, 30.9, 42.8, 39.4, 54.3, 21.8, 21.0, 57.8, 51.4, 42.9, 28.4, 52.0, 44.5, 50.9, 38.7, 18.5, 39.1, 48.4, 31.2, 30.3, 25.3, 33.0, 20.2, 44.9, 22.9]
vessel_jit_costs = [8.8, 14.7, 27.7, 20.9, 18.0, 17.5, 23.6, 15.8, 22.3, 16.4, 18.9, 13.7, 23.7, 27.6, 24.4, 11.4, 15.8, 27.2, 16.0, 13.8, 21.2, 16.3, 10.6, 13.8, 10.3, 17.3, 14.7, 22.0, 21.2, 6.9, 22.9, 8.7, 16.1, 8.4, 26.8, 24.7, 10.2, 17.5, 14.8, 26.5, 9.9, 6.5, 22.3, 24.8, 20.8, 13.4, 20.6, 20.7, 24.7, 15.1, 6.8, 16.1, 15.4, 11.4, 10.9, 8.6, 14.3, 9.6, 14.3, 11.3]
vessel_horsepower_requirements = [2500, 2920, 3646, 5380, 3460, 2506, 4488, 5198, 3830, 2354, 5626, 2981, 5598, 3789, 5724, 2694, 4453, 3698, 2650, 2854, 3529, 5612, 2818, 3047, 881, 2877, 3428, 5354, 4029, 1759, 3945, 1477, 2446, 1731, 3712, 4529, 3017, 4633, 2873, 4636, 1510, 1816, 5543, 4246, 3865, 2557, 4058, 5945, 3526, 2585, 1615, 2811, 5731, 3095, 2582, 1857, 2922, 1048, 4965, 1708]
vessel_early_limits = [1, 1, 1, 1, 1, 1, 2, 1, 2, 2, 2, 2, 2, 1, 1, 1, 1, 2, 1, 2, 1, 2, 2, 1, 1, 2, 1, 2, 1, 1, 1, 2, 1, 1, 1, 1, 1, 2, 1, 2, 2, 2, 2, 2, 1, 1, 1, 1, 1, 1, 1, 2, 2, 1, 1, 2, 2, 1, 2, 1]
vessel_late_limits = [2, 2, 1, 2, 2, 1, 2, 2, 2, 2, 1, 1, 2, 2, 2, 2, 1, 2, 1, 2, 1, 1, 1, 1, 2, 1, 1, 1, 1, 1, 1, 2, 1, 1, 1, 2, 2, 2, 1, 1, 2, 2, 2, 1, 1, 2, 2, 2, 1, 2, 2, 2, 2, 2, 1, 1, 1, 1, 1, 2]
berth_capacities = [2, 3, 5, 3, 2]
tugboat_horsepower = [1934, 4106, 820, 1537, 872, 4648, 803, 3342]
tugboat_costs = [47.5, 108.8, 37.5, 49.1, 37.7, 91.2, 21.2, 96.2]
inbound_preparation_time = 1
outbound_preparation_time = 1
max_tugboats_per_service = 2
time_constraint_tolerance = 2
penalty_parameter = 3300.0
objective_weights = [0.111, 0.1337, 0.5746, 0.1807]
