# PSP train | 60_5_8_T12 seed=24
# n=60 J=5 K=8 T=12 H_max=2

vessel_num = 60
berth_num = 5
tugboat_num = 8
time_periods = 12
vessel_sizes = [3, 3, 2, 3, 3, 4, 5, 1, 5, 4, 4, 3, 3, 2, 5, 3, 3, 3, 3, 4, 3, 4, 3, 3, 4, 3, 3, 3, 3, 5, 3, 4, 3, 3, 2, 3, 3, 5, 5, 3, 4, 3, 4, 3, 3, 5, 4, 3, 5, 5, 3, 5, 4, 5, 2, 5, 4, 3, 2, 4]
vessel_etas = [0, 0, 0, 1, 1, 2, 2, 2, 2, 3, 3, 3, 3, 3, 3, 3, 3, 3, 3, 3, 3, 4, 4, 4, 4, 4, 4, 4, 4, 4, 5, 5, 5, 5, 6, 7, 7, 7, 7, 7, 7, 8, 9, 9, 9, 9, 9, 9, 9, 9, 9, 9, 10, 10, 10, 10, 11, 11, 11, 11]
vessel_durations = [2, 2, 2, 1, 1, 2, 1, 1, 1, 1, 1, 2, 1, 1, 2, 2, 2, 2, 1, 1, 2, 2, 1, 2, 2, 2, 2, 2, 2, 2, 1, 2, 2, 2, 2, 1, 2, 2, 1, 2, 1, 2, 2, 2, 2, 2, 1, 2, 2, 1, 1, 2, 2, 1, 1, 1, 2, 1, 2, 1]
vessel_inbound_service_times = [1, 1, 1, 1, 1, 1, 1, 1, 1, 1, 1, 1, 1, 1, 1, 1, 1, 1, 1, 1, 1, 1, 1, 1, 1, 1, 1, 1, 1, 1, 1, 1, 1, 1, 1, 1, 1, 1, 1, 1, 1, 1, 1, 1, 1, 1, 1, 1, 1, 1, 1, 1, 1, 1, 1, 1, 1, 1, 1, 1]
vessel_outbound_service_times = [1, 1, 1, 1, 1, 1, 1, 1, 1, 1, 1, 1, 1, 1, 1, 1, 1, 1, 1, 1, 1, 1, 1, 1, 1, 1, 1, 1, 1, 1, 1, 1, 1, 1, 1, 1, 1, 1, 1, 1, 1, 1, 1, 1, 1, 1, 1, 1, 1, 1, 1, 1, 1, 1, 1, 1, 1, 1, 1, 1]
vessel_priority_weights = [1.21, 2.2, 1.41, 1.71, 2.67, 2.73, 2.44, 1.93, 2.49, 2.78, 2.05, 2.07, 1.51, 2.59, 2.36, 2.2, 2.94, 2.56, 1.97, 2.47, 2.36, 2.26, 1.54, 2.26, 2.42, 1.98, 2.22, 2.12, 2.57, 2.18, 2.17, 2.5, 2.24, 2.74, 2.72, 2.85, 2.55, 2.75, 2.88, 2.36, 2.14, 2.75, 2.08, 2.27, 1.86, 2.99, 2.87, 2.97, 2.81, 2.22, 2.13, 2.35, 2.45, 2.51, 2.03, 2.26, 2.4, 2.43, 2.05, 2.19]
vessel_waiting_costs = [38.7, 37.0, 21.6, 36.2, 32.5, 55.9, 48.8, 21.3, 57.9, 45.9, 55.8, 28.5, 33.9, 18.2, 46.4, 38.3, 40.5, 29.5, 32.4, 57.4, 28.5, 56.4, 35.1, 41.3, 49.5, 41.0, 40.1, 39.9, 30.8, 46.5, 31.5, 48.7, 37.7, 33.6, 19.7, 33.5, 31.3, 40.0, 58.3, 35.4, 56.6, 36.4, 42.4, 37.7, 31.8, 52.3, 58.6, 31.7, 59.4, 45.7, 38.0, 46.0, 46.0, 42.5, 21.4, 53.1, 59.9, 30.0, 21.1, 48.8]
vessel_jit_costs = [15.0, 18.4, 9.6, 11.5, 15.4, 23.7, 18.2, 8.7, 21.7, 19.2, 22.6, 13.3, 10.4, 8.9, 19.2, 13.1, 18.5, 13.4, 11.7, 24.5, 12.0, 24.7, 14.3, 18.0, 18.8, 18.1, 12.7, 18.8, 15.1, 19.0, 14.2, 16.5, 17.5, 10.7, 6.4, 11.8, 14.8, 13.8, 28.9, 10.7, 21.7, 15.5, 16.5, 15.5, 15.2, 16.3, 25.6, 11.4, 25.5, 18.3, 17.4, 19.2, 21.5, 14.0, 6.6, 17.9, 21.5, 14.6, 6.4, 20.5]
vessel_horsepower_requirements = [2382, 2777, 1710, 3015, 2824, 3988, 4575, 1098, 5123, 4262, 4358, 2958, 2811, 1445, 5122, 2739, 2569, 2409, 2831, 3680, 3097, 4230, 2392, 2584, 3699, 2311, 2905, 2886, 2991, 4715, 2731, 3821, 2767, 2896, 1790, 2941, 2839, 4681, 4646, 2378, 4453, 3071, 4186, 2561, 2423, 5666, 4271, 2447, 5788, 5093, 2915, 4469, 3590, 5337, 1502, 5064, 3449, 2565, 1666, 3999]
vessel_early_limits = [2, 2, 1, 2, 1, 2, 2, 1, 1, 2, 2, 2, 1, 1, 1, 1, 1, 1, 2, 2, 1, 1, 1, 2, 2, 1, 1, 2, 2, 1, 2, 2, 1, 1, 1, 2, 2, 2, 1, 2, 2, 1, 1, 1, 1, 1, 1, 1, 2, 2, 2, 2, 1, 1, 1, 1, 1, 1, 1, 2]
vessel_late_limits = [1, 2, 1, 1, 1, 2, 1, 2, 1, 1, 1, 1, 1, 1, 1, 1, 1, 2, 1, 2, 2, 1, 1, 1, 1, 1, 1, 1, 2, 1, 1, 2, 1, 1, 1, 1, 1, 1, 2, 2, 2, 1, 2, 1, 1, 2, 2, 1, 2, 1, 1, 1, 1, 1, 1, 2, 2, 1, 1, 2]
berth_capacities = [5, 3, 3, 2, 3]
tugboat_horsepower = [3060, 4985, 934, 4081, 1158, 1208, 2518, 1743]
tugboat_costs = [66.3, 112.6, 22.4, 110.7, 32.4, 39.3, 51.5, 53.7]
inbound_preparation_time = 1
outbound_preparation_time = 1
max_tugboats_per_service = 2
time_constraint_tolerance = 2
penalty_parameter = 3300.0
objective_weights = [0.1087, 0.1303, 0.5811, 0.1799]
