# PSP train | 60_5_8_T12 seed=37
# n=60 J=5 K=8 T=12 H_max=2

vessel_num = 60
berth_num = 5
tugboat_num = 8
time_periods = 12
vessel_sizes = [5, 3, 2, 2, 3, 2, 4, 2, 3, 3, 4, 5, 3, 1, 3, 3, 5, 4, 5, 4, 2, 2, 4, 4, 5, 1, 5, 4, 2, 4, 3, 3, 3, 3, 4, 3, 3, 4, 3, 4, 4, 2, 5, 5, 4, 2, 3, 5, 5, 4, 5, 5, 4, 3, 1, 3, 4, 2, 4, 5]
vessel_etas = [0, 0, 0, 0, 0, 1, 1, 1, 1, 1, 1, 2, 2, 2, 2, 2, 2, 2, 2, 3, 3, 3, 3, 3, 3, 4, 4, 4, 5, 5, 5, 5, 6, 6, 7, 7, 7, 7, 7, 7, 7, 8, 8, 8, 8, 8, 9, 9, 9, 9, 9, 10, 10, 10, 10, 10, 11, 11, 11, 11]
vessel_durations = [2, 1, 2, 2, 2, 2, 1, 1, 2, 2, 1, 1, 1, 1, 1, 2, 1, 2, 1, 1, 1, 2, 1, 2, 2, 2, 2, 2, 2, 2, 1, 1, 2, 2, 1, 1, 2, 1, 2, 2, 2, 1, 2, 1, 2, 1, 1, 1, 2, 2, 2, 1, 1, 2, 1, 1, 1, 1, 1, 1]
vessel_inbound_service_times = [1, 1, 1, 1, 1, 1, 1, 1, 1, 1, 1, 1, 1, 1, 1, 1, 1, 1, 1, 1, 1, 1, 1, 1, 1, 1, 1, 1, 1, 1, 1, 1, 1, 1, 1, 1, 1, 1, 1, 1, 1, 1, 1, 1, 1, 1, 1, 1, 1, 1, 1, 1, 1, 1, 1, 1, 1, 1, 1, 1]
vessel_outbound_service_times = [1, 1, 1, 1, 1, 1, 1, 1, 1, 1, 1, 1, 1, 1, 1, 1, 1, 1, 1, 1, 1, 1, 1, 1, 1, 1, 1, 1, 1, 1, 1, 1, 1, 1, 1, 1, 1, 1, 1, 1, 1, 1, 1, 1, 1, 1, 1, 1, 1, 1, 1, 1, 1, 1, 1, 1, 1, 1, 1, 1]
vessel_priority_weights = [2.54, 2.14, 2.18, 2.56, 2.31, 1.8, 2.68, 2.65, 2.38, 1.76, 1.99, 2.23, 2.05, 1.76, 2.63, 2.32, 1.97, 2.29, 2.87, 2.25, 2.77, 1.94, 1.87, 2.25, 2.25, 1.88, 2.66, 2.73, 2.29, 2.25, 2.97, 2.99, 2.27, 2.11, 2.55, 1.99, 2.5, 2.94, 2.37, 2.86, 2.05, 2.46, 1.96, 2.49, 2.24, 2.45, 2.85, 2.73, 1.83, 2.05, 2.37, 2.69, 2.4, 2.72, 1.37, 2.46, 2.72, 2.32, 2.14, 1.8]
vessel_waiting_costs = [40.9, 39.8, 25.1, 23.8, 41.3, 25.2, 54.0, 26.0, 31.4, 36.2, 50.8, 42.3, 31.9, 22.4, 32.8, 29.6, 59.6, 43.7, 46.0, 57.1, 17.8, 26.0, 46.5, 46.2, 46.6, 21.1, 40.2, 53.8, 19.9, 48.9, 37.3, 36.2, 38.6, 29.8, 52.5, 32.4, 33.0, 48.1, 32.8, 55.3, 51.8, 21.9, 50.4, 48.7, 52.0, 22.6, 32.3, 52.9, 45.9, 48.8, 56.2, 42.4, 46.8, 39.6, 22.6, 32.5, 54.3, 21.6, 56.3, 45.7]
vessel_jit_costs = [20.2, 13.4, 10.4, 9.8, 13.4, 11.3, 26.9, 7.8, 13.7, 15.0, 22.6, 14.4, 12.7, 8.6, 13.9, 10.1, 26.3, 16.7, 18.2, 26.2, 7.7, 9.9, 15.6, 22.4, 16.3, 10.1, 12.1, 16.5, 7.6, 17.7, 13.4, 17.2, 18.4, 11.3, 19.3, 10.4, 16.2, 15.0, 9.9, 18.8, 25.3, 10.6, 16.8, 15.2, 19.7, 7.6, 15.2, 23.0, 16.4, 15.7, 19.4, 13.9, 16.6, 16.7, 10.8, 11.5, 22.2, 6.8, 24.5, 21.6]
vessel_horsepower_requirements = [4513, 2796, 1778, 1890, 2803, 1680, 3998, 1490, 2336, 2945, 4350, 5765, 2361, 1150, 2504, 2801, 5340, 4416, 4908, 4566, 1607, 1684, 4277, 4560, 5942, 909, 5069, 3424, 1920, 3980, 2662, 2724, 2874, 3099, 3740, 2511, 2622, 3670, 2631, 4343, 3997, 1494, 5716, 4943, 4404, 1596, 2888, 5777, 5291, 3441, 4637, 5611, 4125, 2777, 1110, 2602, 4465, 1551, 3552, 4871]
vessel_early_limits = [1, 1, 2, 2, 1, 2, 2, 1, 2, 2, 1, 2, 2, 1, 1, 1, 2, 1, 1, 2, 2, 1, 1, 2, 2, 2, 2, 2, 2, 1, 1, 1, 2, 1, 2, 2, 2, 1, 2, 2, 2, 2, 1, 2, 1, 2, 2, 1, 2, 2, 1, 2, 1, 2, 2, 2, 1, 1, 1, 1]
vessel_late_limits = [1, 1, 2, 2, 1, 1, 1, 1, 1, 1, 2, 2, 2, 1, 1, 2, 2, 2, 1, 2, 1, 1, 1, 2, 2, 2, 2, 1, 2, 2, 2, 1, 2, 1, 1, 2, 2, 2, 2, 1, 1, 1, 2, 2, 2, 2, 1, 2, 2, 1, 1, 1, 1, 2, 2, 1, 1, 1, 2, 1]
berth_capacities = [3, 5, 4, 2, 3]
tugboat_horsepower = [1370, 1859, 909, 1525, 1896, 3846, 3714, 1158]
tugboat_costs = [31.8, 47.6, 23.1, 39.5, 30.7, 81.5, 74.6, 30.4]
inbound_preparation_time = 1
outbound_preparation_time = 1
max_tugboats_per_service = 2
time_constraint_tolerance = 2
penalty_parameter = 2900.0
objective_weights = [0.1107, 0.1229, 0.547, 0.2194]
