# PSP train | 60_5_8_T12 seed=10
# n=60 J=5 K=8 T=12 H_max=2

vessel_num = 60
berth_num = 5
tugboat_num = 8
time_periods = 12
vessel_sizes = [3, 3, 2, 4, 5, 4, 3, 1, 2, 5, 2, 3, 4, 2, 4, 5, 5, 5, 2, 3, 1, 3, 3, 5, 3, 3, 2, 3, 4, 4, 4, 3, 3, 4, 3, 4, 5, 5, 3, 5, 4, 3, 3, 5, 5, 5, 1, 3, 3, 4, 4, 5, 3, 5, 5, 2, 3, 4, 3, 4]
vessel_etas = [0, 0, 1, 1, 1, 1, 1, 2, 3, 3, 3, 3, 3, 3, 3, 4, 4, 4, 4, 4, 4, 5, 5, 5, 5, 5, 6, 6, 6, 6, 6, 6, 6, 6, 7, 7, 7, 7, 7, 7, 8, 8, 8, 8, 9, 9, 9, 10, 10, 10, 10, 10, 10, 10, 11, 11, 11, 11, 11, 11]
vessel_durations = [2, 2, 2, 2, 1, 1, 1, 1, 1, 2, 1, 1, 1, 1, 1, 1, 2, 1, 1, 1, 2, 2, 2, 1, 1, 2, 2, 2, 1, 2, 2, 2, 2, 1, 1, 2, 1, 1, 2, 1, 1, 1, 2, 2, 1, 2, 2, 1, 2, 1, 1, 1, 1, 2, 1, 2, 1, 2, 2, 1]
vessel_inbound_service_times = [1, 1, 1, 1, 1, 1, 1, 1, 1, 1, 1, 1, 1, 1, 1, 1, 1, 1, 1, 1, 1, 1, 1, 1, 1, 1, 1, 1, 1, 1, 1, 1, 1, 1, 1, 1, 1, 1, 1, 1, 1, 1, 1, 1, 1, 1, 1, 1, 1, 1, 1, 1, 1, 1, 1, 1, 1, 1, 1, 1]
vessel_outbound_service_times = [1, 1, 1, 1, 1, 1, 1, 1, 1, 1, 1, 1, 1, 1, 1, 1, 1, 1, 1, 1, 1, 1, 1, 1, 1, 1, 1, 1, 1, 1, 1, 1, 1, 1, 1, 1, 1, 1, 1, 1, 1, 1, 1, 1, 1, 1, 1, 1, 1, 1, 1, 1, 1, 1, 1, 1, 1, 1, 1, 1]
vessel_priority_weights = [2.75, 1.9, 1.59, 1.97, 2.41, 2.48, 2.36, 1.54, 2.59, 2.2, 2.62, 2.42, 2.13, 2.44, 2.81, 2.03, 3.0, 2.49, 2.21, 2.54, 1.59, 2.62, 2.48, 1.91, 2.36, 2.45, 2.27, 2.11, 2.66, 2.63, 2.54, 2.98, 2.19, 1.9, 2.13, 2.75, 2.5, 2.12, 1.48, 1.9, 2.01, 2.35, 2.54, 2.46, 2.45, 1.92, 1.65, 2.68, 2.62, 1.85, 2.86, 2.85, 2.46, 2.26, 2.23, 1.92, 2.57, 2.4, 1.83, 2.26]
vessel_waiting_costs = [33.9, 31.6, 18.0, 53.3, 50.3, 49.5, 32.9, 24.5, 22.9, 41.1, 24.0, 38.2, 41.4, 22.4, 44.0, 51.7, 40.8, 43.2, 21.1, 39.1, 25.9, 34.9, 35.7, 49.8, 38.4, 41.9, 19.8, 30.4, 54.1, 48.5, 48.3, 37.8, 34.7, 55.1, 39.2, 54.8, 50.5, 43.8, 36.9, 52.1, 55.8, 40.6, 32.6, 57.7, 58.5, 56.0, 21.1, 33.9, 29.3, 54.5, 45.6, 55.1, 39.4, 57.8, 56.9, 23.8, 38.6, 42.4, 36.6, 51.9]
vessel_jit_costs = [14.8, 10.5, 7.8, 18.5, 24.8, 22.4, 13.5, 10.8, 8.2, 16.3, 8.9, 15.1, 17.2, 8.2, 21.9, 23.0, 18.2, 17.1, 8.0, 13.3, 12.2, 16.6, 17.3, 24.7, 16.6, 18.4, 8.5, 11.6, 18.3, 16.8, 16.7, 17.6, 15.4, 25.4, 16.9, 24.4, 23.2, 19.4, 15.1, 25.2, 24.4, 19.3, 15.4, 24.0, 19.6, 19.5, 8.5, 13.7, 9.1, 19.3, 20.1, 22.4, 14.6, 24.7, 26.3, 11.5, 15.1, 16.1, 11.1, 19.8]
vessel_horsepower_requirements = [2896, 2912, 1778, 3781, 4870, 4203, 2968, 937, 1815, 4542, 1949, 2692, 3783, 1754, 4587, 4507, 5426, 4496, 1941, 2727, 975, 2394, 2658, 4484, 2662, 2425, 1759, 2323, 3429, 3508, 3470, 2437, 2308, 3614, 2945, 3832, 4729, 5370, 2918, 4736, 3961, 2952, 2349, 4681, 5770, 5353, 1128, 2822, 2915, 3828, 4187, 4737, 2300, 5360, 4667, 1933, 2413, 4309, 2756, 4226]
vessel_early_limits = [2, 2, 1, 2, 1, 2, 2, 2, 1, 2, 2, 2, 1, 2, 1, 1, 2, 2, 1, 1, 2, 2, 1, 1, 1, 1, 1, 1, 2, 1, 2, 2, 1, 2, 1, 1, 2, 2, 1, 2, 1, 2, 1, 1, 2, 1, 1, 2, 1, 2, 1, 2, 2, 2, 2, 2, 1, 2, 2, 2]
vessel_late_limits = [2, 1, 2, 2, 1, 1, 1, 2, 1, 2, 2, 2, 1, 1, 1, 2, 1, 2, 2, 1, 2, 1, 2, 2, 1, 1, 2, 1, 1, 1, 1, 1, 2, 1, 2, 1, 2, 2, 2, 2, 2, 1, 2, 1, 1, 2, 2, 1, 1, 1, 2, 2, 2, 2, 1, 1, 2, 1, 1, 2]
berth_capacities = [4, 3, 5, 3, 2]
tugboat_horsepower = [1598, 1343, 1652, 2735, 1828, 3765, 827, 3456]
tugboat_costs = [30.7, 29.3, 31.1, 48.6, 30.4, 87.2, 29.1, 74.1]
inbound_preparation_time = 1
outbound_preparation_time = 1
max_tugboats_per_service = 2
time_constraint_tolerance = 2
penalty_parameter = 2900.0
objective_weights = [0.1169, 0.1269, 0.5282, 0.228]
