# PSP train | 60_5_8_T12 seed=31
# n=60 J=5 K=8 T=12 H_max=2

vessel_num = 60
berth_num = 5
tugboat_num = 8
time_periods = 12
vessel_sizes = [4, 3, 4, 2, 3, 3, 2, 4, 4, 2, 4, 4, 1, 5, 3, 2, 3, 3, 2, 3, 5, 5, 4, 3, 4, 4, 5, 2, 3, 3, 2, 4, 5, 4, 5, 4, 5, 1, 4, 4, 3, 2, 3, 2, 4, 3, 5, 3, 3, 4, 3, 3, 3, 3, 3, 3, 5, 4, 2, 2]
vessel_etas = [0, 0, 0, 0, 0, 0, 1, 1, 1, 2, 2, 3, 3, 3, 3, 3, 3, 3, 3, 4, 4, 4, 4, 4, 4, 4, 4, 4, 4, 4, 5, 5, 5, 5, 6, 6, 6, 6, 6, 6, 7, 7, 7, 7, 7, 7, 7, 8, 8, 9, 9, 9, 10, 10, 11, 11, 11, 11, 11, 11]
vessel_durations = [1, 2, 2, 2, 1, 1, 2, 1, 1, 2, 1, 2, 1, 2, 1, 2, 2, 1, 1, 1, 1, 2, 1, 2, 1, 1, 1, 1, 1, 1, 1, 2, 1, 2, 1, 1, 2, 1, 2, 2, 1, 2, 1, 2, 2, 1, 1, 1, 2, 2, 2, 2, 1, 1, 1, 2, 1, 2, 1, 1]
vessel_inbound_service_times = [1, 1, 1, 1, 1, 1, 1, 1, 1, 1, 1, 1, 1, 1, 1, 1, 1, 1, 1, 1, 1, 1, 1, 1, 1, 1, 1, 1, 1, 1, 1, 1, 1, 1, 1, 1, 1, 1, 1, 1, 1, 1, 1, 1, 1, 1, 1, 1, 1, 1, 1, 1, 1, 1, 1, 1, 1, 1, 1, 1]
vessel_outbound_service_times = [1, 1, 1, 1, 1, 1, 1, 1, 1, 1, 1, 1, 1, 1, 1, 1, 1, 1, 1, 1, 1, 1, 1, 1, 1, 1, 1, 1, 1, 1, 1, 1, 1, 1, 1, 1, 1, 1, 1, 1, 1, 1, 1, 1, 1, 1, 1, 1, 1, 1, 1, 1, 1, 1, 1, 1, 1, 1, 1, 1]
vessel_priority_weights = [1.82, 2.73, 2.26, 1.98, 2.99, 1.69, 2.21, 2.67, 2.31, 1.71, 2.1, 2.22, 1.88, 2.64, 2.87, 2.57, 2.03, 2.32, 2.09, 2.49, 2.81, 2.27, 2.47, 2.14, 2.36, 2.68, 2.06, 1.31, 2.79, 2.53, 2.45, 2.31, 2.24, 2.43, 2.5, 2.2, 2.39, 1.4, 2.31, 2.47, 2.46, 2.64, 2.63, 2.54, 1.87, 2.38, 2.56, 2.31, 2.82, 2.04, 2.87, 1.82, 1.95, 2.73, 2.58, 2.37, 2.17, 2.25, 2.38, 2.16]
vessel_waiting_costs = [47.6, 35.3, 57.7, 23.7, 36.1, 37.0, 25.9, 55.5, 49.3, 23.8, 57.1, 50.3, 19.8, 50.1, 28.1, 24.7, 41.9, 32.4, 23.3, 32.6, 40.2, 40.6, 59.7, 38.5, 48.5, 48.7, 54.7, 22.9, 28.7, 40.6, 21.4, 54.1, 50.7, 41.9, 48.6, 53.6, 45.6, 25.3, 57.3, 42.0, 35.8, 18.9, 36.7, 23.2, 48.5, 30.3, 43.3, 35.2, 41.4, 49.3, 28.5, 32.7, 39.7, 33.7, 32.5, 37.5, 40.1, 40.6, 23.8, 18.8]
vessel_jit_costs = [22.0, 13.2, 19.6, 10.3, 17.1, 15.1, 11.2, 19.3, 15.4, 9.6, 25.1, 21.1, 7.3, 20.9, 11.8, 12.2, 20.3, 13.1, 11.1, 12.4, 18.9, 17.3, 25.0, 13.2, 23.4, 17.7, 18.4, 10.7, 12.2, 15.3, 8.6, 23.6, 22.1, 18.0, 18.1, 16.7, 21.4, 11.3, 23.8, 15.5, 16.8, 8.0, 16.5, 10.0, 22.8, 12.7, 20.5, 17.3, 14.8, 19.4, 11.2, 11.8, 13.9, 16.4, 15.1, 18.1, 15.0, 19.6, 8.5, 6.0]
vessel_horsepower_requirements = [3691, 2850, 4193, 1866, 2574, 3073, 1853, 3556, 4383, 1953, 4059, 4313, 1114, 5348, 2955, 1619, 2645, 2414, 1545, 2655, 4943, 4666, 4196, 2447, 3769, 4399, 5181, 1551, 3100, 2314, 1634, 4219, 5473, 4511, 4921, 3739, 4724, 1026, 3877, 4168, 2769, 1696, 2583, 1526, 3871, 2575, 5372, 3086, 2461, 3712, 2341, 3021, 2874, 2866, 2625, 2928, 5756, 4463, 1915, 1831]
vessel_early_limits = [1, 1, 2, 2, 2, 1, 2, 2, 2, 1, 1, 1, 2, 2, 1, 2, 2, 2, 2, 2, 1, 1, 1, 1, 2, 2, 1, 2, 2, 1, 1, 1, 2, 2, 1, 2, 1, 2, 2, 2, 1, 1, 1, 2, 1, 1, 2, 2, 2, 1, 1, 2, 1, 1, 1, 1, 2, 1, 1, 2]
vessel_late_limits = [1, 2, 2, 1, 2, 2, 2, 1, 2, 1, 2, 1, 1, 1, 1, 2, 2, 1, 2, 2, 1, 2, 2, 1, 2, 2, 2, 1, 1, 1, 1, 2, 1, 1, 2, 2, 1, 1, 2, 2, 1, 2, 2, 1, 2, 2, 1, 2, 2, 1, 2, 1, 1, 2, 1, 2, 1, 2, 2, 1]
berth_capacities = [5, 4, 3, 3, 3]
tugboat_horsepower = [1169, 1731, 954, 1602, 3198, 3787, 801, 2647]
tugboat_costs = [33.6, 51.0, 36.0, 47.6, 73.7, 92.8, 25.2, 49.7]
inbound_preparation_time = 1
outbound_preparation_time = 1
max_tugboats_per_service = 2
time_constraint_tolerance = 2
penalty_parameter = 2900.0
objective_weights = [0.115, 0.1337, 0.5523, 0.1989]
