# PSP train | 60_5_8_T12 seed=21
# n=60 J=5 K=8 T=12 H_max=2

vessel_num = 60
berth_num = 5
tugboat_num = 8
time_periods = 12
vessel_sizes = [3, 5, 4, 5, 4, 3, 5, 5, 5, 2, 3, 3, 3, 5, 4, 3, 4, 5, 4, 2, 3, 1, 4, 3, 3, 4, 2, 2, 5, 2, 3, 3, 4, 4, 4, 3, 2, 4, 2, 4, 3, 4, 4, 5, 3, 5, 3, 1, 4, 1, 4, 4, 3, 3, 3, 4, 4, 2, 2, 5]
vessel_etas = [0, 0, 0, 0, 0, 1, 1, 1, 1, 1, 2, 2, 2, 2, 2, 2, 2, 2, 2, 2, 2, 3, 3, 3, 3, 4, 4, 4, 4, 4, 5, 5, 6, 6, 6, 6, 6, 6, 7, 7, 7, 8, 8, 8, 8, 8, 9, 9, 9, 9, 10, 10, 11, 11, 11, 11, 11, 11, 11, 11]
vessel_durations = [2, 1, 2, 1, 1, 2, 2, 2, 2, 2, 2, 2, 2, 1, 1, 2, 1, 1, 1, 1, 1, 1, 1, 2, 2, 2, 1, 1, 2, 2, 2, 1, 2, 1, 1, 1, 2, 1, 1, 2, 2, 2, 2, 1, 1, 1, 2, 2, 2, 1, 1, 1, 2, 1, 1, 2, 2, 1, 1, 1]
vessel_inbound_service_times = [1, 1, 1, 1, 1, 1, 1, 1, 1, 1, 1, 1, 1, 1, 1, 1, 1, 1, 1, 1, 1, 1, 1, 1, 1, 1, 1, 1, 1, 1, 1, 1, 1, 1, 1, 1, 1, 1, 1, 1, 1, 1, 1, 1, 1, 1, 1, 1, 1, 1, 1, 1, 1, 1, 1, 1, 1, 1, 1, 1]
vessel_outbound_service_times = [1, 1, 1, 1, 1, 1, 1, 1, 1, 1, 1, 1, 1, 1, 1, 1, 1, 1, 1, 1, 1, 1, 1, 1, 1, 1, 1, 1, 1, 1, 1, 1, 1, 1, 1, 1, 1, 1, 1, 1, 1, 1, 1, 1, 1, 1, 1, 1, 1, 1, 1, 1, 1, 1, 1, 1, 1, 1, 1, 1]
vessel_priority_weights = [1.91, 2.39, 2.41, 2.49, 2.0, 1.85, 2.54, 2.78, 2.6, 2.74, 2.28, 2.21, 2.53, 2.49, 2.69, 2.13, 1.99, 2.85, 2.19, 2.44, 2.27, 1.33, 2.74, 2.42, 2.56, 2.5, 2.14, 2.5, 2.82, 1.73, 1.89, 2.97, 2.71, 1.8, 2.15, 2.84, 2.54, 2.77, 1.59, 2.42, 2.94, 2.49, 2.14, 2.35, 1.95, 2.23, 2.72, 1.55, 2.87, 1.97, 2.78, 2.22, 1.21, 2.85, 2.73, 2.85, 1.94, 2.08, 2.62, 2.33]
vessel_waiting_costs = [39.3, 40.8, 55.6, 49.4, 56.5, 33.2, 45.3, 45.9, 51.7, 24.8, 38.1, 33.5, 37.5, 41.0, 56.5, 29.5, 44.4, 54.5, 52.5, 21.4, 28.3, 19.0, 43.3, 28.2, 39.9, 45.0, 25.0, 23.8, 43.6, 18.9, 40.6, 32.0, 53.9, 41.6, 54.4, 35.8, 24.5, 40.6, 25.7, 59.7, 31.2, 40.5, 47.5, 53.0, 31.0, 58.0, 41.0, 22.2, 54.3, 19.1, 49.5, 46.6, 36.2, 40.2, 38.7, 51.1, 40.1, 24.6, 21.7, 57.6]
vessel_jit_costs = [15.6, 17.5, 19.5, 17.4, 20.2, 13.2, 21.9, 14.8, 20.5, 8.1, 13.8, 11.9, 18.0, 18.4, 22.7, 14.6, 21.2, 16.9, 22.1, 9.7, 11.3, 6.5, 21.3, 12.8, 19.7, 16.7, 8.4, 11.4, 16.3, 7.1, 17.5, 14.4, 24.1, 13.0, 19.6, 16.6, 10.9, 16.9, 8.8, 27.1, 10.1, 13.9, 16.1, 23.0, 10.3, 21.8, 18.6, 6.9, 24.5, 6.2, 15.6, 15.6, 15.6, 14.4, 19.0, 18.2, 15.3, 11.7, 10.4, 20.3]
vessel_horsepower_requirements = [2593, 4553, 4317, 4564, 3905, 2703, 4496, 5341, 5046, 1604, 2829, 3015, 2562, 5815, 4204, 2980, 3840, 5446, 3415, 1634, 2837, 1132, 3564, 2834, 2452, 3538, 1625, 1793, 5154, 1485, 2916, 2460, 4492, 4151, 4170, 2822, 1652, 4266, 1903, 4351, 2735, 3482, 4018, 5226, 2792, 4690, 2871, 978, 4030, 1001, 3846, 3688, 2421, 2737, 3068, 3440, 3716, 1598, 1522, 4761]
vessel_early_limits = [2, 1, 1, 2, 2, 2, 1, 2, 2, 2, 1, 1, 2, 2, 2, 2, 1, 1, 2, 1, 1, 2, 1, 1, 1, 1, 2, 2, 1, 1, 1, 2, 1, 1, 2, 1, 1, 1, 1, 1, 2, 2, 2, 2, 2, 1, 2, 1, 2, 2, 2, 1, 2, 2, 2, 2, 2, 2, 1, 1]
vessel_late_limits = [2, 2, 1, 2, 1, 1, 1, 1, 2, 1, 1, 1, 1, 1, 1, 2, 1, 1, 1, 2, 2, 2, 1, 2, 2, 1, 2, 2, 1, 2, 2, 2, 1, 2, 1, 1, 1, 1, 2, 2, 1, 2, 2, 1, 1, 2, 2, 2, 1, 1, 2, 1, 1, 2, 2, 1, 2, 2, 1, 1]
berth_capacities = [2, 5, 3, 2, 3]
tugboat_horsepower = [898, 1996, 4597, 3174, 1381, 1413, 1050, 1949]
tugboat_costs = [39.2, 50.2, 114.4, 95.4, 28.4, 31.5, 20.9, 40.1]
inbound_preparation_time = 1
outbound_preparation_time = 1
max_tugboats_per_service = 2
time_constraint_tolerance = 2
penalty_parameter = 3000.0
objective_weights = [0.1121, 0.1282, 0.5616, 0.1981]
