# PSP train | 60_5_8_T12 seed=29
# n=60 J=5 K=8 T=12 H_max=2

vessel_num = 60
berth_num = 5
tugboat_num = 8
time_periods = 12
vessel_sizes = [3, 4, 4, 4, 4, 4, 3, 4, 3, 5, 3, 2, 5, 3, 2, 4, 4, 4, 4, 5, 3, 5, 2, 5, 2, 4, 2, 3, 2, 4, 5, 4, 3, 5, 4, 5, 5, 4, 5, 4, 2, 2, 5, 4, 3, 4, 1, 5, 4, 4, 3, 3, 5, 3, 4, 2, 5, 4, 2, 4]
vessel_etas = [0, 0, 1, 1, 1, 1, 1, 1, 1, 1, 2, 2, 2, 2, 3, 3, 3, 3, 3, 3, 3, 3, 4, 4, 4, 4, 4, 4, 4, 5, 5, 5, 5, 5, 5, 5, 5, 5, 6, 6, 6, 7, 8, 9, 9, 9, 10, 10, 10, 10, 10, 10, 10, 11, 11, 11, 11, 11, 11, 11]
vessel_durations = [2, 1, 2, 1, 2, 1, 1, 2, 1, 2, 1, 1, 2, 1, 1, 2, 2, 2, 2, 1, 1, 1, 1, 1, 1, 2, 2, 2, 2, 1, 1, 1, 2, 2, 2, 1, 2, 1, 2, 1, 2, 2, 1, 2, 1, 2, 1, 2, 1, 2, 2, 2, 2, 2, 2, 2, 1, 2, 1, 1]
vessel_inbound_service_times = [1, 1, 1, 1, 1, 1, 1, 1, 1, 1, 1, 1, 1, 1, 1, 1, 1, 1, 1, 1, 1, 1, 1, 1, 1, 1, 1, 1, 1, 1, 1, 1, 1, 1, 1, 1, 1, 1, 1, 1, 1, 1, 1, 1, 1, 1, 1, 1, 1, 1, 1, 1, 1, 1, 1, 1, 1, 1, 1, 1]
vessel_outbound_service_times = [1, 1, 1, 1, 1, 1, 1, 1, 1, 1, 1, 1, 1, 1, 1, 1, 1, 1, 1, 1, 1, 1, 1, 1, 1, 1, 1, 1, 1, 1, 1, 1, 1, 1, 1, 1, 1, 1, 1, 1, 1, 1, 1, 1, 1, 1, 1, 1, 1, 1, 1, 1, 1, 1, 1, 1, 1, 1, 1, 1]
vessel_priority_weights = [2.38, 2.36, 1.81, 2.81, 2.13, 2.27, 2.11, 2.74, 2.98, 2.65, 2.73, 2.16, 2.26, 2.31, 2.58, 2.24, 2.97, 2.08, 2.44, 2.8, 2.02, 2.31, 2.05, 1.94, 2.68, 2.15, 2.41, 2.63, 2.75, 2.44, 2.38, 2.25, 2.88, 2.48, 1.91, 2.26, 2.39, 2.63, 2.63, 2.46, 2.12, 1.38, 2.88, 2.32, 1.66, 2.4, 1.7, 2.08, 2.27, 2.71, 1.39, 1.89, 2.36, 2.08, 2.61, 1.39, 2.77, 2.51, 2.09, 2.36]
vessel_waiting_costs = [35.7, 45.1, 44.8, 54.0, 45.6, 59.2, 41.6, 49.5, 30.3, 49.3, 30.8, 21.6, 50.6, 32.4, 21.1, 46.3, 59.8, 43.1, 42.7, 48.7, 39.8, 45.5, 18.5, 59.2, 20.7, 44.4, 19.6, 31.5, 24.3, 47.2, 46.9, 48.3, 40.3, 40.9, 57.0, 57.3, 51.9, 49.3, 57.3, 48.5, 21.6, 21.0, 40.9, 43.6, 31.4, 51.0, 22.3, 45.1, 46.1, 59.4, 40.8, 40.2, 41.8, 34.0, 56.5, 17.7, 40.6, 45.7, 24.4, 44.4]
vessel_jit_costs = [11.6, 17.7, 18.7, 24.2, 14.3, 27.0, 15.6, 19.5, 10.1, 20.6, 11.6, 10.1, 18.7, 11.6, 9.2, 20.5, 21.0, 14.2, 18.5, 16.3, 16.2, 22.5, 5.6, 26.0, 7.1, 16.8, 6.2, 12.4, 10.3, 17.4, 17.1, 16.1, 18.0, 14.9, 21.3, 21.0, 24.0, 17.1, 24.0, 20.1, 8.4, 8.4, 19.6, 21.5, 13.6, 21.5, 9.6, 15.7, 14.6, 24.5, 15.8, 18.6, 14.0, 14.6, 26.7, 7.2, 17.4, 17.4, 7.3, 22.1]
vessel_horsepower_requirements = [2835, 3834, 4172, 4049, 3829, 3486, 3052, 3585, 2685, 5171, 2716, 1847, 5931, 3063, 1931, 3823, 3766, 3884, 3860, 5254, 2441, 5689, 1557, 4454, 1483, 3713, 1796, 2947, 1459, 4153, 4475, 4097, 2953, 5170, 4526, 4476, 4919, 4414, 5487, 3831, 1948, 1786, 5082, 4255, 2611, 3426, 947, 5030, 4399, 3468, 3001, 2332, 5439, 3093, 3610, 1448, 5672, 4345, 1611, 4266]
vessel_early_limits = [2, 1, 2, 2, 1, 2, 1, 1, 1, 1, 2, 2, 2, 2, 2, 1, 1, 2, 1, 1, 1, 2, 2, 2, 1, 1, 2, 2, 2, 1, 2, 1, 1, 2, 1, 2, 1, 2, 1, 1, 1, 1, 1, 2, 1, 2, 2, 1, 2, 2, 2, 2, 2, 2, 2, 1, 1, 2, 1, 1]
vessel_late_limits = [1, 2, 2, 2, 1, 2, 2, 1, 1, 1, 1, 1, 2, 1, 1, 2, 2, 1, 2, 2, 2, 1, 1, 1, 2, 1, 2, 2, 1, 1, 2, 2, 2, 2, 1, 2, 2, 2, 2, 1, 1, 2, 1, 2, 1, 2, 2, 1, 2, 1, 1, 1, 1, 1, 2, 2, 1, 2, 1, 2]
berth_capacities = [5, 2, 3, 2, 3]
tugboat_horsepower = [814, 848, 1304, 3458, 2963, 1712, 3570, 2450]
tugboat_costs = [20.5, 39.8, 35.5, 63.3, 63.9, 37.1, 60.6, 71.0]
inbound_preparation_time = 1
outbound_preparation_time = 1
max_tugboats_per_service = 2
time_constraint_tolerance = 2
penalty_parameter = 3000.0
objective_weights = [0.114, 0.1237, 0.5488, 0.2135]
