# PSP train | 60_5_8_T12 seed=1
# n=60 J=5 K=8 T=12 H_max=2

vessel_num = 60
berth_num = 5
tugboat_num = 8
time_periods = 12
vessel_sizes = [3, 4, 4, 2, 2, 3, 5, 5, 5, 4, 3, 5, 3, 1, 4, 3, 5, 3, 4, 1, 4, 4, 5, 3, 4, 4, 3, 3, 2, 4, 4, 5, 3, 4, 4, 2, 3, 3, 5, 4, 3, 4, 4, 3, 4, 4, 5, 4, 2, 4, 4, 3, 1, 3, 3, 3, 5, 5, 3, 5]
vessel_etas = [0, 0, 0, 0, 0, 0, 1, 1, 1, 2, 2, 2, 2, 2, 3, 3, 3, 3, 3, 3, 4, 4, 4, 4, 4, 4, 4, 4, 5, 5, 6, 6, 6, 6, 6, 6, 6, 6, 7, 7, 8, 8, 8, 8, 8, 9, 9, 9, 10, 10, 10, 10, 10, 10, 11, 11, 11, 11, 11, 11]
vessel_durations = [1, 1, 2, 2, 1, 1, 2, 1, 2, 1, 2, 1, 2, 1, 1, 1, 1, 2, 1, 2, 1, 1, 1, 2, 1, 1, 1, 1, 1, 1, 2, 1, 1, 2, 1, 1, 2, 1, 2, 2, 1, 2, 1, 1, 1, 1, 2, 2, 2, 1, 1, 2, 2, 1, 1, 2, 2, 2, 1, 2]
vessel_inbound_service_times = [1, 1, 1, 1, 1, 1, 1, 1, 1, 1, 1, 1, 1, 1, 1, 1, 1, 1, 1, 1, 1, 1, 1, 1, 1, 1, 1, 1, 1, 1, 1, 1, 1, 1, 1, 1, 1, 1, 1, 1, 1, 1, 1, 1, 1, 1, 1, 1, 1, 1, 1, 1, 1, 1, 1, 1, 1, 1, 1, 1]
vessel_outbound_service_times = [1, 1, 1, 1, 1, 1, 1, 1, 1, 1, 1, 1, 1, 1, 1, 1, 1, 1, 1, 1, 1, 1, 1, 1, 1, 1, 1, 1, 1, 1, 1, 1, 1, 1, 1, 1, 1, 1, 1, 1, 1, 1, 1, 1, 1, 1, 1, 1, 1, 1, 1, 1, 1, 1, 1, 1, 1, 1, 1, 1]
vessel_priority_weights = [2.56, 2.55, 2.39, 1.66, 2.4, 2.74, 2.38, 2.4, 2.39, 2.75, 2.92, 1.93, 1.61, 1.58, 2.19, 2.53, 2.36, 2.67, 2.47, 1.61, 2.96, 2.72, 2.48, 2.76, 2.78, 2.77, 2.32, 2.52, 2.38, 2.28, 2.16, 2.34, 2.28, 2.81, 2.95, 2.62, 2.91, 2.39, 2.06, 2.18, 2.22, 2.67, 2.78, 2.4, 2.26, 2.21, 2.45, 2.74, 2.62, 2.28, 2.27, 2.66, 1.51, 1.36, 1.93, 2.53, 2.08, 2.46, 2.14, 2.63]
vessel_waiting_costs = [34.5, 50.2, 48.5, 23.4, 22.1, 37.7, 53.8, 44.2, 57.7, 41.5, 35.3, 50.2, 30.4, 23.9, 45.4, 31.2, 43.4, 40.1, 44.4, 23.8, 40.6, 52.4, 48.6, 39.0, 52.5, 59.5, 40.8, 36.5, 22.2, 42.8, 47.2, 44.8, 38.1, 42.1, 49.8, 19.2, 36.4, 31.0, 54.1, 59.3, 32.8, 42.4, 41.9, 34.9, 43.4, 56.4, 51.6, 54.3, 22.8, 59.9, 55.9, 32.5, 22.7, 33.6, 38.6, 40.8, 42.9, 41.1, 29.8, 56.8]
vessel_jit_costs = [10.7, 22.5, 18.0, 7.1, 10.8, 14.3, 22.6, 15.1, 20.4, 19.3, 13.2, 22.5, 13.1, 11.1, 19.2, 12.9, 19.9, 14.7, 21.9, 11.2, 19.5, 19.0, 22.0, 13.2, 17.5, 23.1, 18.2, 12.9, 7.3, 19.0, 21.3, 19.9, 13.8, 16.0, 15.9, 6.0, 17.4, 9.5, 25.0, 25.1, 15.3, 18.6, 15.9, 13.1, 15.0, 22.1, 17.7, 19.9, 11.0, 18.5, 26.4, 12.2, 11.0, 16.0, 12.8, 12.4, 18.6, 15.4, 11.7, 27.3]
vessel_horsepower_requirements = [3093, 3821, 4006, 1454, 1664, 2998, 4692, 5649, 5016, 3480, 2644, 4966, 2405, 1061, 3731, 3056, 5877, 2335, 4201, 1083, 3930, 4138, 5755, 2630, 3606, 4222, 2945, 2452, 1842, 4453, 4047, 4519, 2857, 4093, 4568, 1515, 2922, 2836, 5433, 3849, 2614, 3574, 4273, 2688, 3947, 4183, 4678, 3641, 1936, 3933, 3959, 2797, 995, 2985, 2810, 3030, 5917, 5560, 3057, 5497]
vessel_early_limits = [2, 2, 1, 2, 1, 2, 1, 2, 2, 1, 1, 1, 2, 1, 1, 1, 2, 1, 2, 1, 2, 1, 2, 2, 1, 1, 1, 2, 1, 2, 1, 2, 2, 1, 1, 1, 2, 1, 1, 2, 1, 1, 1, 2, 2, 2, 2, 2, 2, 1, 1, 1, 2, 1, 2, 1, 2, 2, 2, 1]
vessel_late_limits = [1, 1, 2, 2, 2, 2, 1, 2, 1, 2, 1, 1, 2, 1, 2, 1, 2, 2, 2, 2, 2, 1, 1, 1, 2, 1, 1, 2, 1, 1, 1, 1, 2, 2, 2, 1, 1, 1, 2, 2, 1, 2, 2, 2, 1, 1, 2, 2, 1, 1, 1, 2, 1, 2, 2, 2, 2, 1, 2, 2]
berth_capacities = [3, 3, 3, 5, 3]
tugboat_horsepower = [1216, 1444, 4311, 4980, 1538, 2095, 821, 2828]
tugboat_costs = [27.0, 25.3, 115.4, 123.7, 43.6, 45.3, 36.7, 57.0]
inbound_preparation_time = 1
outbound_preparation_time = 1
max_tugboats_per_service = 2
time_constraint_tolerance = 2
penalty_parameter = 3200.0
objective_weights = [0.1113, 0.1338, 0.5664, 0.1885]
