# PSP train | 60_5_8_T12 seed=27
# n=60 J=5 K=8 T=12 H_max=2

vessel_num = 60
berth_num = 5
tugboat_num = 8
time_periods = 12
vessel_sizes = [4, 2, 4, 5, 4, 4, 4, 3, 3, 3, 3, 3, 5, 5, 2, 5, 4, 4, 2, 5, 3, 4, 3, 4, 3, 3, 3, 2, 2, 3, 3, 3, 3, 3, 3, 3, 4, 4, 4, 4, 4, 4, 3, 4, 4, 4, 3, 4, 3, 3, 5, 5, 5, 4, 3, 2, 5, 3, 5, 4]
vessel_etas = [0, 0, 0, 0, 1, 1, 1, 1, 1, 2, 2, 2, 3, 3, 3, 3, 3, 3, 3, 4, 4, 5, 5, 5, 5, 5, 5, 6, 6, 7, 7, 7, 7, 7, 7, 8, 8, 8, 8, 8, 8, 8, 9, 9, 9, 9, 9, 9, 9, 9, 10, 10, 10, 10, 11, 11, 11, 11, 11, 11]
vessel_durations = [2, 2, 1, 1, 1, 2, 1, 1, 1, 1, 1, 1, 2, 1, 1, 2, 2, 1, 2, 1, 1, 2, 2, 1, 2, 2, 2, 1, 2, 2, 1, 1, 2, 2, 1, 2, 2, 1, 2, 2, 1, 1, 2, 1, 2, 2, 2, 1, 1, 1, 1, 1, 1, 1, 2, 2, 2, 2, 1, 2]
vessel_inbound_service_times = [1, 1, 1, 1, 1, 1, 1, 1, 1, 1, 1, 1, 1, 1, 1, 1, 1, 1, 1, 1, 1, 1, 1, 1, 1, 1, 1, 1, 1, 1, 1, 1, 1, 1, 1, 1, 1, 1, 1, 1, 1, 1, 1, 1, 1, 1, 1, 1, 1, 1, 1, 1, 1, 1, 1, 1, 1, 1, 1, 1]
vessel_outbound_service_times = [1, 1, 1, 1, 1, 1, 1, 1, 1, 1, 1, 1, 1, 1, 1, 1, 1, 1, 1, 1, 1, 1, 1, 1, 1, 1, 1, 1, 1, 1, 1, 1, 1, 1, 1, 1, 1, 1, 1, 1, 1, 1, 1, 1, 1, 1, 1, 1, 1, 1, 1, 1, 1, 1, 1, 1, 1, 1, 1, 1]
vessel_priority_weights = [2.99, 2.24, 2.55, 1.81, 2.69, 2.02, 2.09, 2.37, 2.6, 1.35, 2.17, 1.92, 2.14, 2.58, 1.79, 2.2, 1.91, 2.18, 1.35, 2.84, 2.34, 1.92, 2.69, 2.86, 2.78, 2.64, 1.95, 2.45, 2.31, 2.44, 1.46, 2.69, 2.16, 2.41, 2.04, 2.88, 2.05, 2.42, 2.8, 2.82, 2.05, 2.97, 2.76, 2.3, 2.1, 2.68, 2.59, 2.41, 2.03, 2.02, 2.66, 2.58, 2.31, 2.35, 1.2, 1.86, 2.24, 2.26, 1.86, 2.4]
vessel_waiting_costs = [43.8, 19.3, 46.1, 46.3, 59.6, 54.2, 53.6, 37.2, 33.3, 34.4, 30.3, 35.7, 54.3, 40.3, 22.8, 51.7, 44.6, 52.4, 23.3, 41.4, 28.4, 42.4, 40.5, 57.1, 31.4, 39.6, 28.7, 23.6, 21.2, 33.9, 35.8, 35.6, 35.0, 29.0, 30.9, 39.5, 44.1, 57.3, 54.7, 48.6, 54.4, 52.0, 38.8, 52.2, 47.6, 59.2, 32.4, 44.9, 41.8, 30.4, 51.7, 58.0, 48.9, 41.1, 32.3, 21.3, 50.9, 29.7, 42.7, 40.2]
vessel_jit_costs = [21.6, 9.2, 14.9, 22.2, 24.6, 23.0, 25.9, 17.9, 14.2, 14.0, 13.9, 16.3, 20.7, 20.1, 7.5, 18.8, 15.4, 17.6, 8.0, 19.1, 11.3, 16.6, 16.6, 24.0, 10.4, 18.0, 13.9, 11.2, 9.7, 14.4, 14.9, 11.6, 12.1, 10.8, 11.9, 12.4, 21.6, 27.6, 22.1, 15.8, 22.5, 20.1, 17.7, 21.3, 20.3, 20.3, 15.1, 17.9, 15.5, 13.8, 22.6, 22.1, 22.6, 16.1, 14.4, 6.8, 25.3, 9.3, 19.8, 15.7]
vessel_horsepower_requirements = [4140, 1945, 4004, 4956, 3516, 3712, 4495, 2382, 3055, 3044, 2583, 2314, 5428, 5931, 1702, 5223, 3543, 3979, 1616, 5277, 2812, 4414, 2863, 3443, 3033, 2427, 2797, 1828, 1764, 2896, 3006, 2714, 2985, 2804, 2375, 2850, 4334, 3491, 4407, 3828, 3505, 3515, 2328, 4460, 4007, 3874, 2367, 3748, 2909, 2379, 4613, 5116, 4884, 4059, 3088, 1765, 5323, 2798, 5330, 3891]
vessel_early_limits = [2, 1, 1, 2, 2, 1, 2, 2, 1, 2, 1, 1, 2, 2, 1, 2, 2, 1, 1, 2, 1, 2, 2, 1, 1, 1, 2, 1, 2, 2, 2, 2, 2, 2, 1, 2, 2, 2, 2, 1, 1, 2, 2, 2, 2, 2, 1, 2, 1, 1, 1, 2, 1, 1, 1, 2, 1, 1, 2, 1]
vessel_late_limits = [2, 1, 2, 2, 1, 1, 2, 1, 1, 2, 2, 1, 1, 2, 2, 2, 1, 1, 2, 1, 2, 1, 2, 2, 1, 1, 2, 1, 2, 2, 1, 2, 1, 2, 2, 2, 1, 1, 2, 2, 2, 1, 2, 2, 1, 1, 2, 1, 1, 2, 1, 1, 1, 1, 2, 2, 1, 1, 1, 2]
berth_capacities = [3, 5, 2, 4, 2]
tugboat_horsepower = [1964, 965, 4482, 1320, 934, 1275, 3164, 4310]
tugboat_costs = [42.2, 30.5, 123.3, 20.2, 20.6, 26.1, 66.3, 99.4]
inbound_preparation_time = 1
outbound_preparation_time = 1
max_tugboats_per_service = 2
time_constraint_tolerance = 2
penalty_parameter = 3100.0
objective_weights = [0.1145, 0.1312, 0.5544, 0.1998]
