# PSP train | 60_5_8_T12 seed=28
# n=60 J=5 K=8 T=12 H_max=2

vessel_num = 60
berth_num = 5
tugboat_num = 8
time_periods = 12
vessel_sizes = [5, 5, 5, 3, 2, 3, 3, 3, 3, 4, 3, 4, 5, 4, 5, 4, 4, 2, 4, 5, 5, 5, 2, 3, 2, 4, 3, 4, 2, 5, 3, 3, 3, 3, 3, 5, 4, 4, 3, 3, 3, 3, 2, 3, 3, 4, 3, 2, 4, 5, 5, 4, 4, 1, 3, 1, 4, 3, 3, 2]
vessel_etas = [0, 0, 0, 0, 1, 1, 1, 1, 2, 2, 2, 2, 3, 3, 3, 3, 3, 3, 4, 4, 4, 4, 4, 5, 5, 5, 5, 5, 5, 5, 5, 5, 5, 6, 6, 6, 6, 6, 7, 7, 7, 8, 8, 8, 8, 8, 8, 9, 9, 9, 9, 9, 9, 10, 10, 10, 10, 11, 11, 11]
vessel_durations = [2, 2, 2, 2, 2, 2, 2, 1, 1, 1, 1, 2, 1, 1, 2, 1, 2, 2, 2, 2, 1, 2, 2, 1, 2, 2, 1, 1, 2, 1, 1, 2, 1, 1, 2, 1, 1, 1, 2, 1, 1, 1, 2, 2, 1, 2, 2, 2, 2, 1, 2, 1, 2, 1, 2, 1, 2, 2, 1, 2]
vessel_inbound_service_times = [1, 1, 1, 1, 1, 1, 1, 1, 1, 1, 1, 1, 1, 1, 1, 1, 1, 1, 1, 1, 1, 1, 1, 1, 1, 1, 1, 1, 1, 1, 1, 1, 1, 1, 1, 1, 1, 1, 1, 1, 1, 1, 1, 1, 1, 1, 1, 1, 1, 1, 1, 1, 1, 1, 1, 1, 1, 1, 1, 1]
vessel_outbound_service_times = [1, 1, 1, 1, 1, 1, 1, 1, 1, 1, 1, 1, 1, 1, 1, 1, 1, 1, 1, 1, 1, 1, 1, 1, 1, 1, 1, 1, 1, 1, 1, 1, 1, 1, 1, 1, 1, 1, 1, 1, 1, 1, 1, 1, 1, 1, 1, 1, 1, 1, 1, 1, 1, 1, 1, 1, 1, 1, 1, 1]
vessel_priority_weights = [2.33, 2.27, 2.62, 2.21, 2.77, 2.38, 2.34, 2.22, 1.94, 2.76, 2.44, 2.06, 2.73, 1.87, 2.57, 2.71, 2.69, 2.35, 2.41, 1.94, 2.93, 2.17, 2.37, 2.79, 2.54, 2.78, 1.96, 2.99, 2.5, 2.68, 1.92, 2.07, 1.91, 2.37, 2.26, 1.93, 2.2, 2.26, 2.7, 2.69, 1.59, 2.51, 2.54, 1.82, 1.72, 2.42, 2.31, 1.61, 2.05, 2.56, 2.09, 2.37, 2.44, 1.32, 2.29, 1.34, 2.36, 2.11, 2.16, 2.52]
vessel_waiting_costs = [49.3, 43.2, 47.3, 38.2, 21.5, 34.9, 35.8, 34.6, 40.3, 50.4, 38.7, 54.0, 45.1, 55.7, 43.5, 58.2, 45.4, 20.0, 49.3, 44.9, 48.7, 49.5, 18.0, 31.6, 19.0, 53.5, 32.3, 41.6, 19.1, 57.1, 35.7, 31.8, 33.6, 39.6, 29.4, 47.4, 54.1, 51.2, 30.0, 28.5, 30.0, 30.2, 19.6, 37.7, 34.7, 50.9, 33.1, 19.0, 43.4, 40.3, 53.4, 50.8, 49.7, 18.4, 34.0, 24.9, 44.4, 28.1, 31.7, 22.0]
vessel_jit_costs = [24.4, 17.7, 16.2, 18.2, 10.7, 12.3, 13.1, 10.9, 16.5, 21.8, 13.9, 23.2, 21.5, 27.1, 15.2, 18.0, 18.6, 9.0, 20.7, 17.8, 23.0, 18.1, 5.9, 9.6, 5.9, 16.4, 12.1, 16.0, 8.4, 22.3, 11.5, 13.5, 14.7, 17.4, 10.9, 14.6, 21.7, 15.7, 11.1, 14.2, 10.8, 12.5, 6.8, 14.4, 17.3, 16.7, 14.2, 6.1, 20.9, 13.6, 19.8, 24.6, 24.2, 6.6, 14.8, 12.1, 19.3, 11.0, 14.0, 9.9]
vessel_horsepower_requirements = [5861, 5428, 4660, 2758, 1677, 2684, 2744, 2895, 2820, 4061, 2305, 3783, 4520, 4070, 4662, 3517, 3975, 1619, 3695, 4817, 5216, 5692, 1727, 2942, 1492, 4098, 2945, 4418, 1924, 4446, 2354, 2491, 2626, 2407, 2772, 4473, 3418, 4589, 2300, 3067, 2538, 2636, 1478, 2751, 2578, 4039, 2488, 1841, 3578, 4917, 5057, 3512, 3794, 1149, 3004, 934, 3987, 2854, 3076, 1621]
vessel_early_limits = [2, 2, 2, 1, 2, 2, 1, 2, 2, 2, 2, 2, 2, 1, 1, 2, 2, 2, 1, 2, 1, 1, 1, 1, 1, 1, 1, 1, 1, 2, 2, 1, 1, 2, 1, 1, 1, 2, 1, 1, 2, 2, 1, 1, 1, 2, 2, 1, 2, 2, 1, 1, 2, 2, 1, 2, 1, 2, 2, 1]
vessel_late_limits = [1, 1, 2, 1, 1, 2, 2, 2, 1, 2, 2, 2, 1, 1, 1, 1, 2, 1, 1, 2, 2, 2, 1, 2, 1, 2, 1, 2, 2, 1, 2, 1, 2, 1, 1, 2, 1, 1, 1, 1, 2, 2, 2, 1, 1, 1, 2, 2, 2, 1, 1, 1, 2, 2, 1, 2, 1, 2, 1, 1]
berth_capacities = [3, 2, 5, 3, 3]
tugboat_horsepower = [3912, 1661, 1597, 3036, 1743, 3487, 1682, 2493]
tugboat_costs = [90.3, 48.9, 40.4, 77.6, 49.1, 92.0, 38.2, 46.9]
inbound_preparation_time = 1
outbound_preparation_time = 1
max_tugboats_per_service = 2
time_constraint_tolerance = 2
penalty_parameter = 3100.0
objective_weights = [0.1102, 0.1322, 0.5867, 0.1708]
