# PSP train | 60_5_8_T12 seed=34
# n=60 J=5 K=8 T=12 H_max=2

vessel_num = 60
berth_num = 5
tugboat_num = 8
time_periods = 12
vessel_sizes = [4, 3, 3, 5, 3, 3, 4, 5, 1, 4, 5, 5, 3, 4, 1, 4, 2, 4, 2, 2, 4, 3, 3, 3, 5, 4, 3, 4, 4, 4, 3, 5, 3, 4, 3, 2, 3, 3, 4, 3, 3, 3, 1, 4, 5, 3, 4, 2, 4, 4, 4, 3, 4, 2, 4, 4, 5, 3, 3, 3]
vessel_etas = [0, 0, 0, 0, 0, 1, 1, 1, 1, 1, 1, 2, 2, 2, 2, 3, 3, 3, 3, 3, 4, 4, 4, 4, 5, 5, 5, 5, 5, 5, 5, 6, 6, 6, 6, 6, 6, 7, 7, 7, 7, 8, 8, 8, 8, 9, 9, 9, 9, 9, 10, 10, 10, 10, 10, 10, 11, 11, 11, 11]
vessel_durations = [1, 1, 2, 1, 2, 2, 1, 1, 1, 1, 2, 1, 2, 2, 1, 2, 1, 1, 2, 1, 1, 2, 1, 1, 2, 2, 2, 2, 1, 1, 2, 2, 1, 2, 1, 1, 1, 2, 2, 1, 2, 1, 2, 1, 1, 1, 2, 1, 2, 2, 1, 2, 2, 1, 1, 1, 2, 2, 2, 2]
vessel_inbound_service_times = [1, 1, 1, 1, 1, 1, 1, 1, 1, 1, 1, 1, 1, 1, 1, 1, 1, 1, 1, 1, 1, 1, 1, 1, 1, 1, 1, 1, 1, 1, 1, 1, 1, 1, 1, 1, 1, 1, 1, 1, 1, 1, 1, 1, 1, 1, 1, 1, 1, 1, 1, 1, 1, 1, 1, 1, 1, 1, 1, 1]
vessel_outbound_service_times = [1, 1, 1, 1, 1, 1, 1, 1, 1, 1, 1, 1, 1, 1, 1, 1, 1, 1, 1, 1, 1, 1, 1, 1, 1, 1, 1, 1, 1, 1, 1, 1, 1, 1, 1, 1, 1, 1, 1, 1, 1, 1, 1, 1, 1, 1, 1, 1, 1, 1, 1, 1, 1, 1, 1, 1, 1, 1, 1, 1]
vessel_priority_weights = [2.0, 2.28, 2.91, 1.85, 2.61, 2.21, 2.35, 2.49, 1.57, 2.49, 2.76, 2.45, 2.26, 2.37, 1.4, 2.04, 1.79, 2.96, 2.4, 2.69, 1.99, 2.39, 2.69, 2.84, 2.61, 2.09, 2.67, 2.45, 2.61, 2.47, 2.41, 2.77, 1.91, 2.45, 2.54, 1.99, 2.84, 2.21, 2.05, 2.05, 2.35, 2.87, 1.99, 1.85, 2.17, 1.92, 2.16, 2.59, 2.12, 2.49, 2.22, 2.56, 2.69, 2.13, 2.4, 2.46, 2.54, 2.16, 2.28, 2.8]
vessel_waiting_costs = [52.0, 31.5, 40.8, 40.8, 35.9, 38.6, 58.0, 46.3, 21.9, 50.2, 41.9, 52.6, 39.7, 51.8, 18.2, 44.1, 22.7, 57.4, 23.8, 26.3, 56.4, 41.5, 38.3, 36.2, 53.4, 58.8, 37.2, 56.0, 59.0, 45.2, 29.6, 45.5, 28.7, 49.4, 32.2, 22.1, 38.0, 29.4, 48.0, 36.6, 38.5, 32.2, 20.1, 57.8, 41.0, 35.9, 59.7, 21.7, 53.6, 44.9, 55.2, 36.4, 41.6, 20.8, 46.4, 43.6, 42.9, 41.3, 35.2, 31.6]
vessel_jit_costs = [20.3, 13.5, 17.8, 13.1, 16.4, 16.9, 22.2, 20.5, 10.6, 17.5, 15.3, 23.8, 14.6, 22.3, 5.6, 15.7, 10.9, 21.9, 8.7, 8.1, 27.6, 13.5, 17.8, 14.9, 24.4, 18.7, 14.6, 19.3, 21.7, 15.9, 9.1, 21.8, 11.4, 16.8, 10.7, 10.6, 13.8, 13.6, 16.2, 14.0, 11.9, 13.0, 6.9, 28.5, 19.6, 15.4, 20.7, 6.7, 19.9, 20.5, 25.1, 16.1, 16.9, 8.9, 23.1, 15.0, 14.7, 12.5, 13.4, 15.4]
vessel_horsepower_requirements = [4128, 2466, 2774, 5149, 2869, 2794, 4184, 5471, 940, 3460, 5405, 5236, 2373, 4014, 1031, 3631, 1504, 3582, 1716, 1469, 4416, 2669, 2633, 3103, 5950, 4127, 3021, 3730, 3766, 3445, 3056, 4628, 2693, 3461, 2550, 1578, 2729, 2653, 4093, 2938, 2716, 2349, 1117, 4276, 5562, 2870, 4492, 1592, 3774, 3681, 4056, 2952, 4201, 1917, 3698, 3761, 5886, 2818, 2523, 3031]
vessel_early_limits = [1, 2, 2, 1, 1, 1, 1, 2, 1, 1, 1, 1, 1, 1, 1, 1, 2, 1, 1, 1, 1, 1, 2, 2, 2, 1, 2, 2, 2, 1, 2, 2, 2, 1, 1, 1, 2, 1, 1, 2, 2, 1, 1, 1, 2, 1, 2, 2, 2, 1, 1, 2, 2, 1, 1, 2, 2, 1, 1, 2]
vessel_late_limits = [2, 2, 2, 1, 1, 1, 2, 2, 1, 1, 1, 1, 2, 1, 1, 1, 1, 1, 2, 1, 1, 1, 2, 2, 2, 2, 2, 2, 1, 2, 2, 1, 2, 1, 2, 1, 2, 2, 2, 2, 1, 2, 2, 2, 1, 1, 1, 2, 2, 1, 1, 1, 2, 2, 2, 1, 2, 1, 1, 1]
berth_capacities = [3, 5, 2, 3, 2]
tugboat_horsepower = [1128, 3300, 3541, 2097, 3020, 885, 1289, 958]
tugboat_costs = [26.3, 99.2, 82.8, 61.2, 95.3, 38.6, 33.3, 38.3]
inbound_preparation_time = 1
outbound_preparation_time = 1
max_tugboats_per_service = 2
time_constraint_tolerance = 2
penalty_parameter = 3200.0
objective_weights = [0.1101, 0.1311, 0.5757, 0.1831]
