# PSP train | 60_5_8_T12 seed=20
# n=60 J=5 K=8 T=12 H_max=2

vessel_num = 60
berth_num = 5
tugboat_num = 8
time_periods = 12
vessel_sizes = [3, 1, 5, 4, 4, 4, 2, 4, 2, 3, 3, 3, 3, 5, 3, 3, 5, 1, 5, 3, 3, 3, 3, 2, 5, 3, 3, 3, 4, 5, 3, 4, 3, 1, 3, 5, 3, 4, 3, 2, 3, 3, 4, 4, 3, 4, 3, 4, 3, 4, 5, 4, 3, 3, 4, 1, 1, 5, 5, 5]
vessel_etas = [0, 0, 0, 0, 0, 0, 1, 1, 1, 2, 2, 2, 2, 2, 3, 3, 3, 3, 3, 3, 4, 4, 4, 4, 4, 5, 5, 5, 5, 5, 5, 5, 6, 6, 6, 6, 6, 6, 6, 7, 7, 7, 7, 7, 7, 8, 8, 8, 8, 8, 9, 9, 9, 9, 10, 10, 11, 11, 11, 11]
vessel_durations = [2, 1, 2, 1, 1, 1, 1, 2, 2, 2, 1, 2, 1, 2, 1, 2, 1, 1, 1, 1, 2, 1, 2, 1, 1, 1, 2, 1, 1, 1, 2, 2, 1, 1, 2, 1, 2, 1, 2, 1, 2, 1, 1, 1, 1, 1, 1, 1, 1, 1, 2, 2, 2, 2, 2, 1, 2, 1, 2, 1]
vessel_inbound_service_times = [1, 1, 1, 1, 1, 1, 1, 1, 1, 1, 1, 1, 1, 1, 1, 1, 1, 1, 1, 1, 1, 1, 1, 1, 1, 1, 1, 1, 1, 1, 1, 1, 1, 1, 1, 1, 1, 1, 1, 1, 1, 1, 1, 1, 1, 1, 1, 1, 1, 1, 1, 1, 1, 1, 1, 1, 1, 1, 1, 1]
vessel_outbound_service_times = [1, 1, 1, 1, 1, 1, 1, 1, 1, 1, 1, 1, 1, 1, 1, 1, 1, 1, 1, 1, 1, 1, 1, 1, 1, 1, 1, 1, 1, 1, 1, 1, 1, 1, 1, 1, 1, 1, 1, 1, 1, 1, 1, 1, 1, 1, 1, 1, 1, 1, 1, 1, 1, 1, 1, 1, 1, 1, 1, 1]
vessel_priority_weights = [2.4, 1.91, 2.11, 2.58, 1.91, 2.09, 2.13, 2.19, 2.76, 2.2, 2.41, 2.35, 2.42, 2.92, 2.28, 2.41, 2.93, 1.39, 2.1, 2.35, 2.11, 2.39, 2.36, 2.16, 2.88, 1.88, 2.45, 2.66, 2.41, 2.04, 2.21, 2.04, 1.8, 1.51, 2.9, 2.81, 2.53, 2.13, 2.36, 2.06, 2.0, 1.81, 2.52, 2.75, 2.28, 1.9, 2.7, 2.64, 2.7, 2.46, 2.75, 2.45, 2.45, 2.53, 2.58, 1.28, 1.54, 2.23, 1.84, 2.56]
vessel_waiting_costs = [39.7, 25.0, 41.4, 48.3, 52.6, 51.4, 24.1, 54.1, 25.3, 39.9, 28.1, 39.8, 30.4, 57.3, 28.7, 32.2, 55.7, 18.3, 49.1, 40.9, 37.2, 35.8, 39.5, 21.8, 48.3, 35.3, 34.8, 40.3, 50.7, 51.3, 33.4, 41.7, 29.8, 26.2, 29.5, 49.5, 31.6, 55.5, 30.6, 25.4, 40.8, 41.5, 54.5, 46.6, 40.5, 58.5, 37.7, 43.6, 38.9, 43.9, 52.7, 43.8, 30.3, 37.6, 59.5, 20.7, 22.9, 56.3, 44.8, 59.5]
vessel_jit_costs = [16.4, 9.1, 16.1, 15.7, 23.5, 22.5, 11.4, 19.6, 12.1, 19.3, 13.3, 14.6, 13.9, 22.0, 9.5, 13.9, 17.8, 7.8, 19.7, 12.4, 14.0, 12.2, 15.0, 9.3, 15.8, 11.6, 15.2, 16.2, 20.7, 18.0, 10.5, 19.1, 9.2, 8.5, 9.6, 20.4, 14.4, 21.8, 10.0, 8.6, 15.1, 15.2, 16.9, 21.0, 19.3, 28.7, 14.6, 18.6, 16.0, 18.6, 20.3, 19.7, 9.4, 15.6, 21.4, 9.7, 10.9, 24.1, 17.9, 18.0]
vessel_horsepower_requirements = [3051, 1031, 5503, 4364, 4560, 4050, 1512, 4374, 1702, 2451, 2489, 2946, 2813, 5482, 2306, 2817, 5275, 872, 4744, 2858, 2817, 2326, 2943, 1525, 4421, 3076, 2488, 2973, 3654, 5669, 2389, 3658, 2772, 929, 3029, 5859, 2329, 4341, 2698, 1863, 2636, 2757, 3533, 3490, 2889, 3483, 2799, 3980, 2478, 4374, 4930, 4406, 3034, 2971, 3846, 1112, 918, 4836, 5274, 5114]
vessel_early_limits = [2, 2, 2, 1, 2, 2, 2, 1, 1, 2, 2, 1, 2, 1, 2, 2, 1, 2, 2, 1, 1, 1, 2, 1, 2, 1, 1, 2, 2, 2, 1, 1, 1, 1, 1, 2, 1, 2, 1, 1, 2, 1, 1, 2, 1, 1, 2, 2, 1, 1, 1, 1, 1, 1, 1, 1, 1, 1, 1, 1]
vessel_late_limits = [2, 1, 1, 2, 1, 1, 1, 1, 2, 2, 1, 2, 1, 2, 1, 1, 2, 2, 2, 1, 1, 2, 2, 1, 1, 2, 2, 1, 1, 2, 1, 2, 2, 1, 2, 2, 1, 2, 1, 1, 1, 1, 1, 2, 1, 2, 2, 1, 2, 1, 2, 2, 1, 2, 2, 1, 1, 2, 1, 2]
berth_capacities = [3, 2, 4, 3, 5]
tugboat_horsepower = [955, 845, 3489, 1785, 3550, 3256, 1504, 1652]
tugboat_costs = [26.6, 20.9, 69.2, 33.4, 88.7, 98.0, 32.7, 36.3]
inbound_preparation_time = 1
outbound_preparation_time = 1
max_tugboats_per_service = 2
time_constraint_tolerance = 2
penalty_parameter = 2900.0
objective_weights = [0.1149, 0.1286, 0.5585, 0.198]
