# PSP train | 60_5_8_T12 seed=7
# n=60 J=5 K=8 T=12 H_max=2

vessel_num = 60
berth_num = 5
tugboat_num = 8
time_periods = 12
vessel_sizes = [4, 3, 3, 4, 5, 3, 5, 3, 4, 3, 3, 3, 3, 5, 2, 4, 4, 4, 3, 3, 3, 2, 4, 5, 5, 4, 5, 4, 2, 3, 5, 3, 3, 4, 4, 3, 4, 3, 4, 4, 4, 4, 5, 3, 2, 5, 4, 4, 3, 2, 2, 1, 5, 3, 5, 3, 5, 2, 3, 5]
vessel_etas = [0, 0, 1, 1, 1, 1, 1, 1, 2, 2, 2, 2, 2, 3, 3, 3, 3, 3, 3, 3, 4, 4, 4, 4, 4, 5, 5, 5, 5, 5, 5, 5, 6, 6, 7, 7, 7, 7, 7, 7, 8, 8, 8, 8, 8, 8, 8, 8, 9, 9, 9, 10, 10, 10, 11, 11, 11, 11, 11, 11]
vessel_durations = [1, 2, 2, 2, 2, 1, 2, 1, 2, 1, 2, 2, 2, 1, 1, 1, 2, 1, 2, 2, 1, 2, 1, 2, 2, 2, 2, 2, 2, 2, 1, 1, 2, 1, 1, 1, 1, 1, 1, 2, 2, 2, 1, 2, 2, 2, 2, 1, 1, 1, 1, 2, 1, 1, 1, 1, 1, 2, 1, 2]
vessel_inbound_service_times = [1, 1, 1, 1, 1, 1, 1, 1, 1, 1, 1, 1, 1, 1, 1, 1, 1, 1, 1, 1, 1, 1, 1, 1, 1, 1, 1, 1, 1, 1, 1, 1, 1, 1, 1, 1, 1, 1, 1, 1, 1, 1, 1, 1, 1, 1, 1, 1, 1, 1, 1, 1, 1, 1, 1, 1, 1, 1, 1, 1]
vessel_outbound_service_times = [1, 1, 1, 1, 1, 1, 1, 1, 1, 1, 1, 1, 1, 1, 1, 1, 1, 1, 1, 1, 1, 1, 1, 1, 1, 1, 1, 1, 1, 1, 1, 1, 1, 1, 1, 1, 1, 1, 1, 1, 1, 1, 1, 1, 1, 1, 1, 1, 1, 1, 1, 1, 1, 1, 1, 1, 1, 1, 1, 1]
vessel_priority_weights = [2.05, 2.98, 2.48, 2.28, 2.15, 2.93, 2.2, 2.7, 2.64, 2.1, 2.57, 2.86, 2.27, 2.66, 1.89, 2.53, 2.72, 1.91, 2.43, 1.88, 2.27, 1.77, 2.56, 2.67, 2.45, 2.13, 2.3, 2.46, 1.91, 2.36, 2.35, 2.2, 2.49, 2.23, 2.25, 2.5, 2.1, 2.15, 1.92, 2.05, 2.09, 2.66, 2.34, 2.63, 2.17, 1.85, 2.31, 2.96, 2.28, 2.67, 1.26, 1.52, 2.96, 2.23, 2.3, 2.65, 2.1, 1.52, 2.38, 1.84]
vessel_waiting_costs = [49.0, 30.0, 32.4, 40.0, 56.8, 41.0, 58.0, 33.2, 60.0, 33.0, 31.9, 29.4, 32.0, 45.0, 22.1, 47.5, 57.7, 52.6, 41.2, 38.1, 38.3, 24.2, 45.7, 58.5, 49.4, 46.0, 59.5, 53.1, 22.5, 30.3, 44.2, 35.0, 40.7, 49.0, 43.8, 32.8, 44.8, 36.0, 55.0, 48.3, 47.5, 41.2, 59.4, 35.0, 25.2, 45.4, 48.0, 59.1, 40.2, 17.9, 25.5, 22.8, 47.8, 39.6, 59.4, 29.5, 50.4, 25.9, 37.1, 49.1]
vessel_jit_costs = [17.7, 11.1, 15.2, 18.0, 18.4, 18.1, 20.8, 12.6, 25.1, 12.7, 9.9, 13.7, 15.6, 15.9, 7.5, 23.3, 26.7, 25.4, 16.9, 11.8, 14.9, 10.4, 14.2, 19.0, 18.2, 20.6, 20.9, 19.1, 8.5, 10.1, 21.3, 12.0, 20.3, 16.1, 13.9, 10.4, 15.8, 17.2, 21.0, 19.6, 17.5, 14.6, 19.3, 14.9, 8.6, 15.9, 18.7, 27.8, 12.2, 7.9, 10.1, 6.8, 23.2, 18.7, 20.8, 9.8, 22.0, 11.5, 16.8, 20.1]
vessel_horsepower_requirements = [3972, 3035, 2527, 3403, 5877, 2383, 4768, 2921, 3429, 2323, 2560, 2973, 3090, 5389, 1897, 3600, 4435, 4471, 2419, 2733, 3028, 1557, 3730, 5150, 5554, 4459, 4592, 3665, 1803, 2730, 4591, 2306, 2834, 3770, 4312, 2332, 4315, 2999, 4228, 3923, 4436, 3779, 5165, 2518, 1487, 4606, 4206, 4599, 2585, 1868, 1771, 859, 4563, 2566, 5203, 2374, 4445, 1799, 2772, 5388]
vessel_early_limits = [1, 2, 1, 1, 1, 2, 1, 2, 1, 1, 1, 2, 1, 1, 2, 2, 2, 2, 1, 1, 1, 1, 1, 2, 1, 2, 1, 1, 1, 1, 1, 1, 1, 2, 1, 1, 2, 2, 1, 1, 1, 1, 1, 1, 2, 1, 2, 1, 2, 1, 1, 2, 1, 2, 2, 1, 2, 2, 2, 2]
vessel_late_limits = [1, 2, 1, 2, 2, 2, 1, 1, 1, 1, 2, 2, 2, 1, 1, 1, 2, 1, 2, 1, 1, 2, 1, 1, 2, 2, 1, 2, 2, 1, 2, 2, 1, 1, 2, 2, 1, 2, 1, 1, 2, 2, 2, 2, 2, 1, 1, 1, 1, 1, 1, 1, 2, 1, 2, 1, 1, 1, 2, 1]
berth_capacities = [5, 3, 3, 3, 2]
tugboat_horsepower = [3405, 4877, 3429, 1395, 892, 1015, 876, 3436]
tugboat_costs = [95.5, 115.2, 69.3, 38.0, 29.7, 20.5, 20.1, 79.7]
inbound_preparation_time = 1
outbound_preparation_time = 1
max_tugboats_per_service = 2
time_constraint_tolerance = 2
penalty_parameter = 3200.0
objective_weights = [0.1114, 0.1283, 0.5759, 0.1844]
