# PSP train | 60_5_8_T12 seed=16
# n=60 J=5 K=8 T=12 H_max=2

vessel_num = 60
berth_num = 5
tugboat_num = 8
time_periods = 12
vessel_sizes = [4, 3, 3, 4, 3, 4, 3, 4, 3, 4, 5, 3, 4, 2, 3, 3, 3, 2, 1, 3, 4, 2, 3, 5, 4, 4, 4, 5, 3, 3, 2, 5, 4, 2, 2, 2, 4, 5, 4, 5, 2, 3, 5, 2, 4, 2, 3, 4, 3, 5, 4, 4, 1, 3, 4, 2, 5, 5, 5, 2]
vessel_etas = [0, 0, 0, 0, 0, 0, 1, 1, 2, 2, 2, 2, 3, 3, 3, 3, 3, 3, 3, 3, 4, 4, 4, 5, 5, 5, 6, 6, 6, 6, 7, 7, 7, 7, 8, 8, 8, 8, 8, 8, 9, 9, 9, 9, 9, 10, 10, 10, 10, 10, 10, 10, 11, 11, 11, 11, 11, 11, 11, 11]
vessel_durations = [1, 1, 1, 1, 1, 2, 2, 1, 1, 1, 2, 2, 1, 1, 1, 1, 2, 2, 2, 1, 1, 1, 2, 1, 1, 2, 2, 1, 1, 1, 2, 2, 1, 2, 1, 2, 2, 2, 2, 1, 2, 2, 2, 2, 1, 1, 2, 1, 1, 2, 2, 1, 2, 2, 2, 2, 2, 1, 1, 1]
vessel_inbound_service_times = [1, 1, 1, 1, 1, 1, 1, 1, 1, 1, 1, 1, 1, 1, 1, 1, 1, 1, 1, 1, 1, 1, 1, 1, 1, 1, 1, 1, 1, 1, 1, 1, 1, 1, 1, 1, 1, 1, 1, 1, 1, 1, 1, 1, 1, 1, 1, 1, 1, 1, 1, 1, 1, 1, 1, 1, 1, 1, 1, 1]
vessel_outbound_service_times = [1, 1, 1, 1, 1, 1, 1, 1, 1, 1, 1, 1, 1, 1, 1, 1, 1, 1, 1, 1, 1, 1, 1, 1, 1, 1, 1, 1, 1, 1, 1, 1, 1, 1, 1, 1, 1, 1, 1, 1, 1, 1, 1, 1, 1, 1, 1, 1, 1, 1, 1, 1, 1, 1, 1, 1, 1, 1, 1, 1]
vessel_priority_weights = [2.66, 1.57, 2.18, 2.43, 1.51, 2.98, 2.29, 2.58, 2.44, 2.57, 2.26, 2.85, 2.1, 2.59, 2.17, 2.71, 2.48, 2.57, 1.52, 2.14, 2.61, 2.51, 2.12, 2.27, 1.81, 2.12, 2.2, 2.77, 2.12, 2.31, 2.14, 2.02, 2.53, 2.32, 1.73, 1.23, 2.52, 1.85, 2.01, 2.7, 2.74, 2.83, 1.82, 2.19, 2.55, 2.75, 2.83, 2.41, 2.29, 2.4, 2.39, 2.29, 1.77, 2.96, 2.73, 2.18, 2.39, 2.68, 2.76, 2.74]
vessel_waiting_costs = [57.8, 37.2, 36.6, 41.7, 36.9, 43.1, 37.4, 56.9, 28.5, 51.4, 45.1, 38.6, 46.2, 21.4, 40.1, 36.3, 38.4, 24.4, 25.7, 32.7, 46.0, 24.5, 35.4, 44.2, 49.5, 53.7, 57.1, 47.3, 40.2, 33.7, 25.7, 45.4, 44.0, 19.1, 17.7, 23.9, 47.4, 48.3, 46.1, 49.8, 21.5, 41.2, 48.8, 21.0, 51.8, 18.2, 38.8, 48.9, 34.6, 55.2, 41.9, 45.5, 24.5, 29.3, 48.7, 22.0, 55.0, 40.4, 50.8, 21.1]
vessel_jit_costs = [21.4, 13.9, 16.6, 15.7, 14.7, 13.8, 14.2, 24.1, 10.4, 23.6, 16.6, 14.0, 21.3, 8.1, 14.2, 17.1, 14.9, 11.6, 10.6, 15.1, 20.8, 8.2, 13.1, 13.8, 17.5, 21.3, 22.7, 16.5, 19.2, 12.2, 11.3, 14.3, 16.3, 9.5, 6.8, 9.5, 16.1, 16.0, 14.6, 16.8, 6.7, 16.8, 15.2, 9.4, 20.7, 6.2, 15.1, 20.7, 10.5, 25.5, 17.7, 21.4, 9.7, 10.2, 23.4, 6.8, 23.5, 12.1, 17.1, 7.9]
vessel_horsepower_requirements = [3987, 3033, 2481, 3712, 2412, 3796, 2647, 3512, 2652, 3741, 5726, 3048, 3640, 1673, 3001, 2963, 2609, 1899, 989, 2723, 3947, 1745, 3043, 5548, 4419, 3919, 4168, 5776, 2446, 3011, 1848, 4470, 4444, 1454, 1629, 1606, 3996, 5704, 3457, 4451, 1800, 2445, 4584, 1648, 3431, 1632, 2923, 3809, 2440, 5844, 3428, 4195, 941, 2845, 4258, 1569, 5544, 5477, 4556, 1843]
vessel_early_limits = [1, 1, 2, 1, 1, 1, 2, 2, 1, 1, 1, 1, 1, 1, 2, 2, 2, 1, 2, 1, 2, 2, 1, 1, 1, 1, 2, 1, 2, 2, 2, 1, 2, 1, 2, 1, 2, 1, 1, 2, 2, 1, 1, 1, 2, 2, 1, 1, 1, 1, 1, 1, 1, 2, 2, 1, 1, 1, 2, 1]
vessel_late_limits = [2, 1, 1, 1, 2, 2, 1, 2, 2, 2, 2, 1, 1, 2, 1, 2, 2, 2, 1, 1, 1, 2, 1, 1, 1, 1, 2, 1, 1, 1, 2, 2, 2, 1, 1, 1, 1, 1, 1, 2, 2, 2, 1, 2, 2, 2, 1, 1, 1, 1, 1, 1, 1, 1, 1, 2, 2, 1, 2, 2]
berth_capacities = [2, 3, 4, 5, 2]
tugboat_horsepower = [3484, 4393, 1266, 1232, 1648, 2610, 875, 2161]
tugboat_costs = [77.8, 84.4, 24.9, 26.8, 30.2, 43.1, 39.7, 55.4]
inbound_preparation_time = 1
outbound_preparation_time = 1
max_tugboats_per_service = 2
time_constraint_tolerance = 2
penalty_parameter = 2900.0
objective_weights = [0.1105, 0.1244, 0.559, 0.2061]
