# PSP train | 60_5_8_T12 seed=4
# n=60 J=5 K=8 T=12 H_max=2

vessel_num = 60
berth_num = 5
tugboat_num = 8
time_periods = 12
vessel_sizes = [3, 5, 4, 3, 3, 4, 5, 4, 4, 3, 4, 3, 5, 4, 3, 4, 2, 4, 4, 5, 2, 4, 1, 2, 4, 5, 2, 2, 4, 2, 2, 5, 4, 3, 4, 4, 2, 3, 3, 5, 4, 4, 5, 3, 2, 3, 2, 3, 4, 3, 4, 2, 3, 3, 1, 3, 5, 4, 5, 4]
vessel_etas = [0, 0, 0, 0, 0, 1, 1, 1, 1, 2, 2, 2, 2, 3, 3, 3, 3, 3, 4, 4, 4, 4, 4, 5, 5, 5, 6, 6, 6, 6, 6, 6, 6, 6, 7, 7, 7, 7, 7, 8, 9, 9, 9, 9, 9, 9, 10, 10, 10, 10, 10, 10, 10, 10, 10, 10, 11, 11, 11, 11]
vessel_durations = [2, 2, 1, 1, 2, 2, 2, 2, 1, 2, 1, 2, 1, 2, 1, 2, 1, 1, 1, 1, 1, 2, 2, 2, 1, 2, 1, 2, 1, 2, 1, 1, 1, 1, 1, 1, 1, 1, 2, 2, 1, 1, 2, 1, 1, 2, 2, 2, 2, 1, 2, 1, 1, 1, 1, 2, 1, 1, 2, 2]
vessel_inbound_service_times = [1, 1, 1, 1, 1, 1, 1, 1, 1, 1, 1, 1, 1, 1, 1, 1, 1, 1, 1, 1, 1, 1, 1, 1, 1, 1, 1, 1, 1, 1, 1, 1, 1, 1, 1, 1, 1, 1, 1, 1, 1, 1, 1, 1, 1, 1, 1, 1, 1, 1, 1, 1, 1, 1, 1, 1, 1, 1, 1, 1]
vessel_outbound_service_times = [1, 1, 1, 1, 1, 1, 1, 1, 1, 1, 1, 1, 1, 1, 1, 1, 1, 1, 1, 1, 1, 1, 1, 1, 1, 1, 1, 1, 1, 1, 1, 1, 1, 1, 1, 1, 1, 1, 1, 1, 1, 1, 1, 1, 1, 1, 1, 1, 1, 1, 1, 1, 1, 1, 1, 1, 1, 1, 1, 1]
vessel_priority_weights = [2.26, 1.94, 2.39, 2.38, 2.4, 2.18, 2.29, 2.6, 2.07, 2.33, 2.37, 2.69, 2.87, 2.84, 2.44, 2.12, 2.1, 1.93, 2.49, 1.94, 2.03, 2.22, 1.49, 1.68, 2.16, 2.52, 2.67, 1.31, 2.27, 2.0, 1.34, 2.13, 2.7, 2.01, 2.27, 2.44, 2.72, 2.59, 2.93, 2.47, 2.24, 1.9, 2.24, 2.27, 2.62, 2.86, 2.23, 2.43, 2.84, 2.01, 2.54, 2.23, 2.52, 2.86, 1.47, 1.86, 2.97, 2.24, 2.49, 2.32]
vessel_waiting_costs = [33.5, 47.5, 47.1, 29.9, 39.0, 48.4, 45.9, 57.9, 59.5, 30.5, 52.0, 38.1, 48.7, 42.8, 30.6, 48.7, 23.2, 46.9, 50.9, 58.7, 20.5, 50.9, 25.2, 21.7, 57.7, 59.8, 23.9, 18.1, 57.5, 25.9, 22.9, 45.3, 49.5, 30.9, 45.6, 59.2, 20.1, 28.0, 39.9, 41.4, 41.6, 58.3, 56.9, 39.5, 25.7, 42.0, 17.6, 35.2, 41.8, 37.3, 50.2, 23.7, 34.1, 29.5, 20.5, 31.9, 42.4, 41.4, 43.1, 50.9]
vessel_jit_costs = [11.0, 18.7, 18.3, 9.1, 17.4, 15.6, 18.9, 22.9, 24.1, 12.9, 21.8, 11.6, 22.4, 13.2, 10.9, 17.7, 7.7, 20.4, 25.0, 20.6, 8.4, 19.0, 8.6, 7.0, 24.2, 19.7, 10.0, 8.4, 18.2, 11.8, 9.4, 14.1, 23.4, 12.2, 20.0, 28.3, 7.7, 11.4, 18.7, 16.0, 16.0, 20.8, 27.9, 13.4, 12.5, 12.7, 6.3, 13.5, 17.9, 15.9, 20.6, 7.4, 11.2, 13.3, 7.5, 13.3, 18.2, 20.3, 19.5, 19.6]
vessel_horsepower_requirements = [2460, 4490, 4142, 2382, 2534, 4149, 5724, 4161, 4093, 2418, 4242, 2987, 5675, 4096, 2587, 4224, 1598, 3724, 4381, 5860, 1720, 4297, 1137, 1706, 3928, 4908, 1648, 1550, 3525, 1894, 1523, 4764, 4072, 2580, 3637, 4490, 1871, 2957, 3098, 4632, 3762, 3546, 4566, 2784, 1862, 2717, 1805, 2785, 4057, 2707, 3739, 1836, 2465, 2598, 955, 2461, 5821, 3682, 5300, 4133]
vessel_early_limits = [1, 1, 1, 2, 2, 1, 1, 1, 2, 1, 1, 1, 2, 2, 1, 1, 2, 2, 1, 1, 1, 2, 1, 1, 2, 1, 1, 1, 1, 2, 1, 1, 2, 2, 1, 1, 2, 2, 2, 1, 2, 1, 1, 1, 1, 1, 2, 1, 2, 1, 2, 1, 2, 1, 1, 2, 1, 1, 2, 1]
vessel_late_limits = [1, 1, 1, 1, 2, 1, 1, 1, 2, 2, 1, 1, 2, 2, 1, 1, 1, 1, 1, 2, 2, 2, 2, 1, 1, 1, 1, 1, 2, 1, 2, 2, 2, 1, 1, 2, 1, 2, 2, 2, 1, 1, 1, 1, 2, 1, 1, 1, 2, 1, 1, 2, 1, 2, 1, 2, 1, 1, 2, 1]
berth_capacities = [5, 2, 3, 3, 3]
tugboat_horsepower = [995, 2596, 2950, 3785, 1029, 914, 3744, 1767]
tugboat_costs = [23.8, 68.9, 65.6, 97.5, 29.9, 20.8, 72.2, 48.0]
inbound_preparation_time = 1
outbound_preparation_time = 1
max_tugboats_per_service = 2
time_constraint_tolerance = 2
penalty_parameter = 3000.0
objective_weights = [0.1128, 0.1298, 0.5658, 0.1916]
