# PSP train | 60_5_8_T12 seed=41
# n=60 J=5 K=8 T=12 H_max=2

vessel_num = 60
berth_num = 5
tugboat_num = 8
time_periods = 12
vessel_sizes = [5, 3, 4, 4, 4, 4, 3, 5, 4, 4, 1, 3, 3, 5, 3, 3, 3, 4, 2, 3, 2, 3, 5, 4, 3, 2, 3, 3, 4, 3, 3, 3, 2, 4, 2, 3, 4, 3, 4, 4, 4, 3, 3, 1, 5, 2, 5, 5, 4, 3, 4, 3, 3, 5, 3, 4, 3, 2, 3, 5]
vessel_etas = [0, 0, 0, 0, 0, 0, 0, 1, 2, 2, 2, 2, 2, 2, 3, 3, 3, 3, 3, 3, 4, 4, 5, 5, 5, 6, 6, 6, 6, 6, 6, 7, 7, 7, 7, 7, 7, 7, 8, 8, 8, 8, 8, 8, 8, 9, 9, 9, 9, 9, 9, 9, 9, 10, 10, 11, 11, 11, 11, 11]
vessel_durations = [1, 2, 2, 1, 1, 1, 1, 1, 2, 1, 2, 2, 2, 2, 1, 2, 2, 2, 1, 1, 1, 1, 1, 1, 1, 1, 2, 1, 1, 2, 2, 2, 1, 1, 2, 1, 2, 1, 2, 2, 1, 2, 2, 1, 1, 2, 1, 1, 2, 1, 1, 1, 2, 2, 2, 2, 2, 1, 1, 1]
vessel_inbound_service_times = [1, 1, 1, 1, 1, 1, 1, 1, 1, 1, 1, 1, 1, 1, 1, 1, 1, 1, 1, 1, 1, 1, 1, 1, 1, 1, 1, 1, 1, 1, 1, 1, 1, 1, 1, 1, 1, 1, 1, 1, 1, 1, 1, 1, 1, 1, 1, 1, 1, 1, 1, 1, 1, 1, 1, 1, 1, 1, 1, 1]
vessel_outbound_service_times = [1, 1, 1, 1, 1, 1, 1, 1, 1, 1, 1, 1, 1, 1, 1, 1, 1, 1, 1, 1, 1, 1, 1, 1, 1, 1, 1, 1, 1, 1, 1, 1, 1, 1, 1, 1, 1, 1, 1, 1, 1, 1, 1, 1, 1, 1, 1, 1, 1, 1, 1, 1, 1, 1, 1, 1, 1, 1, 1, 1]
vessel_priority_weights = [2.81, 2.07, 2.58, 2.47, 2.87, 2.07, 2.83, 2.46, 1.96, 2.26, 1.38, 1.89, 2.09, 2.43, 2.64, 2.75, 2.55, 2.51, 2.22, 2.42, 2.77, 2.82, 2.0, 2.22, 2.3, 1.8, 2.26, 2.3, 2.66, 2.52, 2.23, 1.87, 1.73, 2.1, 2.74, 1.33, 2.72, 2.92, 2.1, 2.79, 1.96, 2.01, 1.26, 1.99, 2.67, 2.18, 2.4, 2.26, 2.3, 2.59, 2.33, 2.1, 2.55, 3.0, 1.84, 2.46, 2.99, 2.79, 1.9, 2.12]
vessel_waiting_costs = [59.9, 33.0, 43.8, 55.3, 51.3, 56.3, 31.7, 47.3, 43.4, 57.0, 18.3, 35.3, 28.2, 40.9, 29.5, 38.0, 36.3, 41.6, 26.2, 37.1, 23.2, 31.5, 52.8, 58.3, 37.9, 19.9, 40.8, 40.7, 47.0, 33.3, 37.8, 41.3, 19.5, 41.4, 24.3, 33.5, 56.6, 29.3, 52.9, 48.3, 46.9, 40.6, 41.6, 25.2, 51.3, 20.9, 41.8, 45.4, 44.5, 33.4, 47.5, 31.2, 28.8, 50.3, 29.1, 56.1, 36.3, 24.1, 40.8, 44.7]
vessel_jit_costs = [18.9, 16.5, 13.6, 18.0, 17.3, 24.4, 11.6, 23.5, 16.5, 27.9, 7.1, 15.7, 10.6, 15.3, 11.5, 15.4, 16.8, 20.1, 8.1, 13.3, 11.6, 10.7, 18.1, 22.5, 14.8, 9.6, 14.1, 15.6, 15.9, 13.5, 17.8, 20.2, 8.6, 20.0, 7.4, 11.5, 21.1, 12.6, 22.1, 22.3, 20.2, 16.7, 19.1, 11.9, 25.5, 7.1, 17.8, 21.7, 17.2, 10.7, 18.4, 14.8, 11.3, 21.3, 13.6, 23.6, 17.6, 11.3, 18.0, 16.3]
vessel_horsepower_requirements = [4986, 2403, 4162, 4118, 3583, 4062, 2311, 5961, 4572, 3795, 988, 2454, 3102, 4835, 2801, 2944, 2383, 3469, 1685, 2506, 1821, 2972, 4777, 4595, 2863, 1950, 2601, 2542, 3571, 2786, 2318, 2763, 1622, 3891, 1918, 2453, 3905, 3024, 3469, 3750, 3501, 2437, 2812, 876, 5109, 1921, 4451, 5427, 4355, 3078, 3465, 2860, 2577, 4903, 2742, 3443, 3071, 1691, 2451, 5813]
vessel_early_limits = [2, 1, 2, 2, 2, 2, 2, 2, 2, 2, 2, 2, 1, 1, 1, 1, 1, 2, 2, 1, 2, 1, 2, 1, 1, 1, 1, 1, 1, 2, 1, 2, 1, 2, 2, 1, 1, 2, 2, 2, 1, 1, 1, 1, 2, 1, 2, 1, 1, 1, 1, 2, 1, 2, 1, 1, 1, 1, 1, 2]
vessel_late_limits = [1, 2, 2, 2, 1, 2, 1, 1, 2, 1, 2, 2, 2, 1, 1, 1, 1, 2, 2, 2, 2, 1, 1, 2, 1, 1, 1, 2, 2, 2, 1, 2, 1, 2, 2, 2, 2, 1, 2, 1, 2, 2, 2, 2, 2, 1, 2, 1, 1, 2, 1, 1, 2, 2, 1, 2, 2, 1, 2, 2]
berth_capacities = [5, 2, 3, 3, 2]
tugboat_horsepower = [2557, 3223, 2371, 1494, 1735, 3104, 1611, 1029]
tugboat_costs = [40.6, 94.6, 56.2, 26.7, 42.9, 67.6, 49.9, 23.8]
inbound_preparation_time = 1
outbound_preparation_time = 1
max_tugboats_per_service = 2
time_constraint_tolerance = 2
penalty_parameter = 3000.0
objective_weights = [0.1125, 0.1309, 0.5517, 0.2049]
