# PSP train | 60_5_8_T12 seed=6
# n=60 J=5 K=8 T=12 H_max=2

vessel_num = 60
berth_num = 5
tugboat_num = 8
time_periods = 12
vessel_sizes = [3, 3, 1, 2, 3, 5, 5, 4, 5, 3, 3, 4, 3, 4, 4, 3, 4, 5, 2, 4, 4, 3, 3, 5, 1, 3, 4, 3, 3, 3, 4, 3, 3, 4, 3, 5, 5, 3, 5, 3, 2, 5, 3, 3, 3, 4, 3, 5, 3, 4, 4, 3, 3, 3, 3, 4, 3, 3, 4, 5]
vessel_etas = [0, 0, 0, 0, 0, 1, 1, 1, 1, 1, 1, 1, 2, 2, 2, 2, 2, 3, 3, 4, 4, 4, 4, 4, 4, 5, 5, 5, 5, 5, 7, 7, 7, 7, 7, 7, 7, 7, 7, 8, 8, 8, 9, 9, 9, 9, 10, 10, 10, 10, 10, 10, 10, 10, 10, 11, 11, 11, 11, 11]
vessel_durations = [2, 1, 2, 1, 2, 1, 1, 1, 2, 1, 1, 1, 1, 2, 2, 2, 1, 1, 1, 1, 1, 1, 2, 2, 1, 2, 2, 1, 2, 1, 1, 2, 1, 2, 1, 1, 2, 1, 2, 2, 2, 1, 1, 2, 1, 1, 1, 2, 1, 2, 1, 2, 2, 2, 2, 1, 1, 2, 2, 2]
vessel_inbound_service_times = [1, 1, 1, 1, 1, 1, 1, 1, 1, 1, 1, 1, 1, 1, 1, 1, 1, 1, 1, 1, 1, 1, 1, 1, 1, 1, 1, 1, 1, 1, 1, 1, 1, 1, 1, 1, 1, 1, 1, 1, 1, 1, 1, 1, 1, 1, 1, 1, 1, 1, 1, 1, 1, 1, 1, 1, 1, 1, 1, 1]
vessel_outbound_service_times = [1, 1, 1, 1, 1, 1, 1, 1, 1, 1, 1, 1, 1, 1, 1, 1, 1, 1, 1, 1, 1, 1, 1, 1, 1, 1, 1, 1, 1, 1, 1, 1, 1, 1, 1, 1, 1, 1, 1, 1, 1, 1, 1, 1, 1, 1, 1, 1, 1, 1, 1, 1, 1, 1, 1, 1, 1, 1, 1, 1]
vessel_priority_weights = [1.84, 2.16, 1.21, 1.56, 2.78, 2.75, 2.17, 2.6, 2.5, 2.2, 2.38, 2.28, 1.83, 2.47, 2.93, 2.75, 2.73, 2.67, 2.71, 2.05, 2.81, 2.49, 2.64, 2.86, 1.8, 2.08, 2.34, 2.42, 2.3, 2.34, 2.84, 2.24, 2.25, 2.7, 2.23, 2.84, 2.48, 2.86, 2.17, 2.67, 2.15, 2.48, 2.65, 2.36, 2.2, 2.8, 2.23, 2.43, 2.76, 2.02, 2.49, 2.56, 2.22, 1.3, 1.9, 2.14, 1.86, 2.07, 2.76, 2.75]
vessel_waiting_costs = [37.1, 36.3, 25.6, 21.2, 36.1, 52.9, 47.3, 45.1, 47.5, 38.0, 40.7, 51.8, 36.3, 42.1, 43.2, 37.5, 46.6, 60.0, 25.4, 49.6, 52.8, 41.7, 32.9, 58.2, 18.2, 29.6, 53.0, 35.5, 36.5, 39.4, 55.6, 41.2, 33.9, 57.0, 28.2, 40.1, 40.6, 35.9, 58.7, 30.9, 18.6, 44.5, 33.8, 33.2, 38.6, 45.6, 39.4, 50.0, 41.7, 58.4, 52.8, 40.8, 29.1, 37.5, 30.7, 42.0, 34.7, 37.4, 55.3, 40.2]
vessel_jit_costs = [15.5, 12.3, 11.5, 8.0, 11.7, 25.4, 18.9, 21.7, 17.7, 14.2, 15.6, 18.7, 14.3, 20.1, 17.9, 14.8, 18.2, 18.1, 10.7, 21.2, 24.6, 16.8, 12.3, 23.0, 7.6, 10.9, 22.4, 16.5, 18.0, 13.9, 20.7, 17.5, 11.4, 21.1, 13.0, 12.4, 17.4, 14.2, 23.1, 15.4, 5.8, 22.0, 12.6, 12.4, 16.5, 15.4, 16.2, 17.0, 16.9, 25.4, 16.1, 19.2, 9.2, 16.3, 15.3, 17.4, 12.7, 14.5, 25.1, 14.7]
vessel_horsepower_requirements = [2327, 2639, 1025, 1682, 2827, 5933, 5278, 3785, 5507, 2447, 2307, 4152, 3076, 3745, 3462, 2501, 4459, 4883, 1621, 4393, 3871, 2973, 2435, 4780, 1051, 2453, 4054, 2300, 2952, 3066, 4198, 2407, 2516, 3776, 3038, 5100, 5760, 2306, 5930, 3056, 1636, 5399, 2633, 2864, 2469, 3790, 3014, 5151, 2782, 3511, 4388, 3061, 2357, 2744, 2296, 4226, 3039, 3088, 3619, 4946]
vessel_early_limits = [2, 1, 1, 2, 1, 1, 1, 1, 1, 2, 1, 1, 2, 1, 1, 2, 2, 2, 2, 2, 1, 1, 2, 2, 1, 1, 2, 2, 2, 2, 2, 1, 1, 1, 2, 2, 1, 2, 2, 2, 1, 2, 1, 2, 2, 1, 2, 1, 2, 1, 1, 2, 1, 1, 2, 2, 2, 1, 2, 1]
vessel_late_limits = [2, 1, 2, 1, 2, 2, 1, 2, 2, 1, 1, 1, 1, 1, 1, 1, 2, 1, 1, 1, 2, 1, 2, 1, 1, 2, 2, 1, 1, 1, 2, 1, 1, 1, 1, 1, 1, 1, 1, 2, 2, 1, 2, 2, 2, 2, 2, 1, 1, 2, 1, 2, 2, 1, 2, 2, 2, 1, 1, 2]
berth_capacities = [2, 2, 5, 3, 4]
tugboat_horsepower = [4750, 3124, 3048, 1135, 1945, 1713, 1409, 1229]
tugboat_costs = [89.6, 67.1, 64.5, 33.4, 33.5, 35.6, 27.0, 31.3]
inbound_preparation_time = 1
outbound_preparation_time = 1
max_tugboats_per_service = 2
time_constraint_tolerance = 2
penalty_parameter = 3000.0
objective_weights = [0.1122, 0.1254, 0.5427, 0.2196]
