# PSP train | 60_5_8_T12 seed=8
# n=60 J=5 K=8 T=12 H_max=2

vessel_num = 60
berth_num = 5
tugboat_num = 8
time_periods = 12
vessel_sizes = [5, 4, 2, 5, 3, 2, 1, 2, 5, 2, 2, 4, 3, 4, 3, 3, 3, 5, 1, 3, 5, 3, 4, 3, 1, 5, 5, 4, 3, 2, 4, 5, 4, 5, 4, 3, 4, 4, 3, 5, 3, 3, 5, 4, 4, 3, 3, 3, 4, 3, 2, 4, 5, 2, 5, 5, 4, 4, 4, 5]
vessel_etas = [0, 0, 0, 1, 1, 1, 1, 3, 3, 3, 3, 3, 3, 4, 4, 4, 4, 4, 4, 4, 5, 5, 5, 5, 5, 5, 5, 6, 6, 6, 6, 6, 6, 7, 8, 8, 8, 8, 8, 8, 8, 9, 9, 9, 9, 9, 9, 10, 10, 10, 10, 10, 11, 11, 11, 11, 11, 11, 11, 11]
vessel_durations = [2, 1, 2, 2, 1, 2, 1, 2, 2, 1, 1, 2, 1, 1, 2, 1, 2, 2, 2, 2, 2, 2, 2, 2, 2, 1, 1, 2, 2, 2, 2, 2, 1, 1, 2, 2, 1, 2, 2, 2, 1, 1, 1, 1, 2, 2, 2, 2, 1, 1, 1, 1, 2, 2, 1, 2, 2, 1, 1, 1]
vessel_inbound_service_times = [1, 1, 1, 1, 1, 1, 1, 1, 1, 1, 1, 1, 1, 1, 1, 1, 1, 1, 1, 1, 1, 1, 1, 1, 1, 1, 1, 1, 1, 1, 1, 1, 1, 1, 1, 1, 1, 1, 1, 1, 1, 1, 1, 1, 1, 1, 1, 1, 1, 1, 1, 1, 1, 1, 1, 1, 1, 1, 1, 1]
vessel_outbound_service_times = [1, 1, 1, 1, 1, 1, 1, 1, 1, 1, 1, 1, 1, 1, 1, 1, 1, 1, 1, 1, 1, 1, 1, 1, 1, 1, 1, 1, 1, 1, 1, 1, 1, 1, 1, 1, 1, 1, 1, 1, 1, 1, 1, 1, 1, 1, 1, 1, 1, 1, 1, 1, 1, 1, 1, 1, 1, 1, 1, 1]
vessel_priority_weights = [2.27, 2.19, 2.11, 2.41, 1.62, 2.24, 1.85, 2.16, 2.44, 2.23, 2.13, 2.46, 2.81, 2.17, 2.06, 2.3, 2.47, 2.02, 1.23, 2.51, 2.61, 2.27, 2.68, 1.59, 1.98, 2.26, 2.42, 2.29, 2.02, 2.46, 2.56, 2.22, 2.36, 1.87, 1.89, 1.29, 2.04, 2.58, 2.44, 2.24, 2.03, 2.4, 2.41, 2.15, 2.71, 2.5, 2.46, 2.69, 2.29, 2.67, 2.64, 2.66, 1.95, 2.53, 2.12, 2.46, 2.27, 2.3, 2.78, 2.37]
vessel_waiting_costs = [41.3, 57.0, 21.1, 43.6, 32.5, 19.3, 20.9, 20.3, 49.8, 18.4, 19.8, 42.1, 33.9, 53.8, 32.9, 40.6, 40.8, 42.2, 26.0, 39.7, 54.4, 30.8, 56.8, 40.8, 22.2, 46.7, 41.7, 46.4, 33.8, 18.8, 40.3, 43.1, 55.4, 49.9, 50.9, 38.0, 47.7, 48.7, 31.3, 40.9, 37.5, 40.7, 54.1, 45.2, 47.4, 30.5, 34.8, 35.1, 57.8, 31.5, 25.0, 50.1, 56.8, 25.3, 43.8, 42.0, 40.6, 55.3, 50.0, 41.2]
vessel_jit_costs = [12.9, 17.9, 8.6, 19.3, 11.3, 6.8, 8.4, 8.2, 15.3, 8.2, 9.5, 20.0, 13.2, 17.5, 12.4, 17.6, 15.7, 15.9, 11.1, 18.1, 18.9, 13.0, 26.5, 14.0, 10.3, 22.6, 13.9, 21.6, 15.0, 7.1, 13.0, 13.5, 23.8, 23.7, 16.2, 18.7, 23.1, 19.3, 15.0, 19.8, 11.4, 15.2, 16.4, 22.1, 20.4, 9.5, 17.1, 10.9, 21.0, 15.6, 9.3, 20.4, 19.8, 10.8, 15.2, 20.3, 12.4, 20.1, 17.3, 15.1]
vessel_horsepower_requirements = [5423, 3954, 1856, 4923, 2671, 1780, 947, 1889, 5075, 1862, 1825, 4289, 2736, 3761, 2864, 3048, 2525, 4696, 1073, 2567, 4865, 2593, 4110, 2484, 1107, 5751, 5167, 3688, 2790, 1776, 4330, 5764, 4584, 5593, 3581, 2497, 4048, 4579, 2631, 5815, 2730, 2967, 5003, 3513, 3444, 3085, 2740, 2926, 3731, 2999, 1953, 4217, 5808, 1725, 5864, 5330, 3552, 4397, 4358, 5789]
vessel_early_limits = [2, 1, 2, 1, 1, 2, 1, 2, 2, 2, 1, 1, 2, 1, 1, 2, 1, 1, 2, 1, 2, 2, 2, 1, 1, 1, 1, 2, 1, 2, 2, 2, 2, 2, 1, 2, 2, 1, 1, 1, 2, 2, 1, 1, 2, 1, 1, 2, 1, 1, 2, 1, 1, 2, 2, 1, 1, 2, 1, 2]
vessel_late_limits = [1, 2, 2, 2, 1, 1, 1, 2, 1, 1, 2, 2, 1, 2, 1, 1, 1, 1, 2, 2, 2, 1, 2, 1, 2, 2, 2, 1, 2, 1, 2, 2, 1, 2, 1, 2, 1, 1, 1, 1, 1, 2, 1, 1, 2, 1, 1, 1, 2, 2, 2, 2, 2, 2, 2, 1, 1, 2, 2, 2]
berth_capacities = [3, 5, 3, 2, 2]
tugboat_horsepower = [1706, 4135, 1611, 2110, 3914, 963, 1874, 1566]
tugboat_costs = [31.8, 92.3, 50.8, 73.5, 78.9, 25.7, 53.6, 41.9]
inbound_preparation_time = 1
outbound_preparation_time = 1
max_tugboats_per_service = 2
time_constraint_tolerance = 2
penalty_parameter = 3100.0
objective_weights = [0.1108, 0.1273, 0.5789, 0.183]
