# PSP train | 60_5_8_T12 seed=30
# n=60 J=5 K=8 T=12 H_max=2

vessel_num = 60
berth_num = 5
tugboat_num = 8
time_periods = 12
vessel_sizes = [3, 5, 4, 3, 3, 3, 3, 5, 3, 2, 5, 4, 3, 3, 5, 5, 4, 2, 5, 4, 3, 5, 3, 4, 5, 4, 2, 4, 5, 4, 4, 4, 4, 3, 2, 4, 3, 4, 3, 4, 2, 2, 3, 5, 5, 5, 5, 3, 3, 5, 4, 4, 4, 3, 3, 3, 1, 3, 4, 4]
vessel_etas = [0, 0, 0, 0, 1, 1, 1, 1, 1, 2, 2, 2, 2, 2, 3, 3, 3, 3, 3, 3, 3, 3, 4, 4, 4, 4, 4, 4, 5, 5, 5, 6, 6, 6, 6, 7, 7, 7, 7, 7, 8, 8, 8, 8, 8, 9, 9, 9, 9, 9, 9, 9, 10, 10, 11, 11, 11, 11, 11, 11]
vessel_durations = [1, 1, 2, 1, 1, 2, 2, 2, 1, 1, 2, 1, 1, 1, 1, 1, 1, 1, 1, 2, 2, 1, 1, 1, 2, 1, 1, 2, 2, 1, 1, 2, 1, 2, 1, 2, 1, 2, 2, 1, 1, 1, 2, 2, 1, 1, 2, 1, 1, 2, 2, 2, 2, 2, 2, 1, 2, 1, 2, 1]
vessel_inbound_service_times = [1, 1, 1, 1, 1, 1, 1, 1, 1, 1, 1, 1, 1, 1, 1, 1, 1, 1, 1, 1, 1, 1, 1, 1, 1, 1, 1, 1, 1, 1, 1, 1, 1, 1, 1, 1, 1, 1, 1, 1, 1, 1, 1, 1, 1, 1, 1, 1, 1, 1, 1, 1, 1, 1, 1, 1, 1, 1, 1, 1]
vessel_outbound_service_times = [1, 1, 1, 1, 1, 1, 1, 1, 1, 1, 1, 1, 1, 1, 1, 1, 1, 1, 1, 1, 1, 1, 1, 1, 1, 1, 1, 1, 1, 1, 1, 1, 1, 1, 1, 1, 1, 1, 1, 1, 1, 1, 1, 1, 1, 1, 1, 1, 1, 1, 1, 1, 1, 1, 1, 1, 1, 1, 1, 1]
vessel_priority_weights = [2.53, 2.42, 2.74, 2.84, 2.72, 1.97, 1.55, 2.86, 2.38, 2.62, 2.92, 2.75, 2.46, 2.13, 2.42, 2.99, 1.98, 2.77, 2.15, 2.98, 2.22, 2.46, 2.57, 1.88, 2.0, 2.24, 2.38, 2.18, 2.48, 2.24, 2.43, 2.16, 2.66, 2.3, 2.55, 2.9, 2.24, 2.3, 2.69, 2.65, 1.78, 1.41, 2.13, 2.62, 2.85, 2.04, 1.92, 2.17, 2.52, 2.22, 2.15, 2.11, 2.71, 1.6, 2.09, 1.63, 1.32, 2.93, 1.98, 2.03]
vessel_waiting_costs = [40.1, 59.0, 52.0, 41.9, 37.0, 33.4, 36.8, 49.9, 38.7, 17.9, 46.8, 41.9, 30.6, 38.7, 43.9, 57.7, 42.8, 24.4, 40.4, 53.6, 38.9, 41.9, 40.9, 55.3, 54.3, 42.2, 23.7, 50.3, 51.6, 52.4, 57.4, 55.1, 46.8, 37.9, 20.6, 47.5, 39.7, 51.7, 30.9, 49.5, 23.2, 17.8, 32.7, 42.1, 46.2, 53.3, 58.2, 33.5, 33.9, 55.0, 57.5, 45.7, 51.3, 35.0, 37.0, 30.7, 22.0, 32.5, 40.1, 44.6]
vessel_jit_costs = [13.6, 18.0, 17.9, 13.3, 13.3, 15.5, 16.7, 19.5, 17.7, 5.9, 16.5, 14.2, 9.8, 18.9, 20.4, 25.3, 20.3, 9.3, 16.3, 20.5, 17.1, 18.2, 14.8, 21.8, 26.2, 20.9, 7.3, 23.6, 23.6, 17.5, 25.6, 18.2, 20.1, 18.4, 6.5, 16.4, 17.2, 22.6, 14.1, 24.3, 9.6, 5.3, 13.0, 15.3, 15.9, 20.3, 26.1, 11.9, 14.7, 25.7, 26.5, 18.1, 22.3, 11.0, 13.0, 9.3, 7.1, 16.2, 12.3, 18.7]
vessel_horsepower_requirements = [2862, 5895, 3536, 2617, 3008, 2930, 2478, 5792, 2340, 1684, 5758, 3586, 3080, 2948, 5496, 4942, 3435, 1561, 5785, 4003, 2768, 5673, 2478, 4268, 5496, 3618, 1799, 4192, 4694, 3498, 3779, 4397, 4249, 2417, 1727, 4225, 2801, 4068, 2440, 4587, 1727, 1848, 2524, 4658, 5258, 4561, 4590, 2751, 2923, 4655, 4224, 4067, 3825, 2447, 2819, 2941, 893, 2315, 3445, 3656]
vessel_early_limits = [2, 2, 1, 1, 2, 1, 1, 2, 2, 2, 1, 1, 2, 1, 1, 1, 2, 1, 2, 2, 1, 2, 2, 1, 1, 1, 2, 2, 2, 1, 2, 2, 2, 2, 1, 1, 2, 1, 1, 1, 2, 1, 1, 2, 1, 2, 1, 1, 1, 2, 1, 2, 2, 2, 2, 1, 2, 1, 2, 1]
vessel_late_limits = [1, 2, 1, 1, 2, 1, 2, 2, 1, 1, 2, 1, 1, 1, 1, 1, 1, 1, 1, 1, 1, 2, 2, 2, 1, 2, 1, 2, 2, 1, 2, 2, 2, 2, 1, 1, 1, 2, 1, 1, 2, 2, 1, 1, 2, 1, 2, 2, 1, 2, 2, 2, 1, 2, 2, 1, 2, 2, 1, 1]
berth_capacities = [3, 3, 3, 5, 2]
tugboat_horsepower = [2075, 1565, 1591, 1074, 3922, 999, 1615, 3225]
tugboat_costs = [71.6, 45.8, 32.1, 31.4, 65.1, 23.5, 32.3, 68.0]
inbound_preparation_time = 1
outbound_preparation_time = 1
max_tugboats_per_service = 2
time_constraint_tolerance = 2
penalty_parameter = 3000.0
objective_weights = [0.1139, 0.1252, 0.5342, 0.2267]
