# PSP train | 60_5_8_T12 seed=2
# n=60 J=5 K=8 T=12 H_max=2

vessel_num = 60
berth_num = 5
tugboat_num = 8
time_periods = 12
vessel_sizes = [4, 4, 3, 1, 4, 2, 5, 2, 4, 5, 2, 4, 4, 4, 4, 3, 4, 5, 4, 1, 4, 4, 2, 4, 4, 5, 4, 3, 4, 3, 5, 4, 3, 3, 3, 4, 4, 3, 5, 5, 1, 4, 4, 3, 3, 4, 3, 4, 5, 5, 3, 5, 1, 3, 5, 1, 3, 5, 5, 4]
vessel_etas = [0, 0, 0, 0, 0, 0, 0, 0, 1, 1, 1, 1, 1, 1, 1, 1, 2, 2, 2, 2, 2, 2, 2, 3, 3, 3, 3, 3, 3, 3, 4, 4, 4, 4, 5, 6, 6, 6, 6, 7, 7, 8, 8, 8, 8, 8, 9, 9, 9, 9, 10, 10, 10, 10, 10, 11, 11, 11, 11, 11]
vessel_durations = [2, 2, 1, 1, 2, 2, 1, 1, 2, 1, 2, 2, 1, 2, 2, 1, 1, 2, 2, 1, 1, 2, 2, 1, 2, 1, 1, 2, 1, 1, 2, 2, 2, 2, 2, 2, 2, 1, 1, 2, 2, 2, 2, 2, 2, 2, 2, 2, 1, 2, 2, 2, 1, 1, 1, 2, 1, 2, 2, 1]
vessel_inbound_service_times = [1, 1, 1, 1, 1, 1, 1, 1, 1, 1, 1, 1, 1, 1, 1, 1, 1, 1, 1, 1, 1, 1, 1, 1, 1, 1, 1, 1, 1, 1, 1, 1, 1, 1, 1, 1, 1, 1, 1, 1, 1, 1, 1, 1, 1, 1, 1, 1, 1, 1, 1, 1, 1, 1, 1, 1, 1, 1, 1, 1]
vessel_outbound_service_times = [1, 1, 1, 1, 1, 1, 1, 1, 1, 1, 1, 1, 1, 1, 1, 1, 1, 1, 1, 1, 1, 1, 1, 1, 1, 1, 1, 1, 1, 1, 1, 1, 1, 1, 1, 1, 1, 1, 1, 1, 1, 1, 1, 1, 1, 1, 1, 1, 1, 1, 1, 1, 1, 1, 1, 1, 1, 1, 1, 1]
vessel_priority_weights = [2.43, 2.4, 2.14, 1.49, 2.26, 2.39, 2.74, 2.6, 2.71, 2.12, 2.05, 2.3, 2.15, 1.91, 2.93, 2.58, 2.66, 2.44, 2.21, 1.54, 2.05, 2.57, 2.8, 2.18, 2.04, 2.49, 2.41, 2.34, 2.91, 2.41, 1.96, 2.26, 2.5, 2.31, 1.81, 2.36, 2.49, 2.25, 2.95, 2.33, 1.88, 2.37, 2.35, 2.27, 2.25, 2.05, 2.9, 2.71, 2.41, 2.96, 2.39, 2.17, 1.86, 2.75, 2.85, 1.4, 2.69, 2.89, 2.74, 2.87]
vessel_waiting_costs = [53.6, 42.8, 29.8, 18.6, 41.1, 20.9, 57.2, 23.9, 58.3, 42.1, 23.1, 47.5, 48.6, 48.0, 56.2, 34.6, 55.3, 44.6, 54.0, 17.9, 44.0, 51.6, 23.1, 54.1, 41.0, 56.5, 52.0, 30.7, 52.7, 30.6, 59.6, 49.3, 30.9, 37.8, 40.6, 48.3, 54.4, 37.2, 54.0, 58.2, 20.5, 47.8, 58.5, 38.8, 39.0, 49.1, 34.6, 43.8, 43.8, 51.5, 30.4, 57.2, 23.0, 40.4, 46.2, 25.0, 28.2, 44.0, 46.4, 54.5]
vessel_jit_costs = [25.5, 17.1, 9.6, 6.4, 14.1, 8.9, 27.5, 9.6, 19.4, 19.5, 7.9, 17.1, 18.7, 22.1, 23.2, 12.3, 27.5, 19.7, 23.3, 7.3, 14.9, 22.1, 10.4, 21.4, 18.6, 26.4, 16.0, 9.9, 21.5, 15.0, 28.6, 17.7, 14.4, 13.4, 16.8, 18.5, 21.3, 12.1, 19.1, 20.0, 8.4, 19.4, 19.9, 17.0, 15.2, 18.1, 12.1, 17.3, 17.3, 18.6, 12.8, 19.7, 9.9, 17.6, 15.8, 9.0, 13.4, 16.0, 16.3, 20.1]
vessel_horsepower_requirements = [3830, 4475, 2826, 859, 3432, 1551, 5046, 1737, 4209, 5682, 1761, 4336, 4258, 4401, 4129, 2992, 4074, 5527, 3747, 1143, 3769, 3919, 1834, 4040, 4225, 5562, 3417, 3024, 4491, 2809, 5975, 4422, 2584, 2872, 2790, 4083, 4486, 2763, 5803, 4578, 1076, 3959, 3788, 2533, 3032, 4031, 2746, 3660, 4577, 5528, 2501, 4934, 1025, 2676, 5328, 1052, 2929, 4766, 5344, 4026]
vessel_early_limits = [2, 1, 2, 2, 2, 2, 1, 1, 1, 1, 1, 2, 2, 1, 1, 1, 2, 1, 1, 2, 1, 2, 2, 2, 1, 1, 2, 1, 1, 2, 2, 1, 1, 1, 2, 2, 1, 1, 1, 2, 1, 2, 1, 1, 2, 1, 2, 2, 1, 1, 2, 1, 2, 1, 1, 1, 2, 2, 1, 1]
vessel_late_limits = [1, 2, 1, 2, 1, 2, 2, 1, 2, 1, 1, 2, 2, 1, 1, 1, 1, 1, 2, 2, 2, 2, 1, 1, 1, 2, 1, 2, 2, 2, 1, 1, 1, 2, 1, 2, 2, 1, 1, 2, 2, 1, 2, 1, 2, 2, 2, 2, 2, 2, 2, 2, 1, 2, 2, 2, 2, 2, 1, 2]
berth_capacities = [3, 2, 5, 4, 2]
tugboat_horsepower = [2871, 1794, 1144, 1639, 3875, 1688, 3300, 1464]
tugboat_costs = [59.6, 33.5, 30.0, 31.5, 68.0, 53.0, 92.9, 30.5]
inbound_preparation_time = 1
outbound_preparation_time = 1
max_tugboats_per_service = 2
time_constraint_tolerance = 2
penalty_parameter = 3200.0
objective_weights = [0.1098, 0.1204, 0.55, 0.2197]
