# PSP train | 60_5_8_T12 seed=15
# n=60 J=5 K=8 T=12 H_max=2

vessel_num = 60
berth_num = 5
tugboat_num = 8
time_periods = 12
vessel_sizes = [3, 4, 4, 1, 5, 2, 4, 3, 3, 3, 4, 3, 4, 5, 3, 5, 2, 2, 3, 5, 3, 4, 2, 5, 3, 4, 3, 5, 4, 2, 4, 4, 2, 4, 4, 2, 5, 5, 2, 4, 3, 4, 2, 2, 4, 4, 4, 4, 3, 5, 5, 5, 4, 4, 4, 3, 3, 4, 3, 4]
vessel_etas = [0, 0, 0, 1, 1, 1, 1, 2, 2, 2, 2, 2, 2, 2, 2, 2, 3, 3, 3, 3, 4, 4, 4, 4, 5, 5, 5, 5, 5, 5, 6, 6, 6, 6, 6, 7, 7, 7, 7, 7, 7, 7, 8, 8, 9, 9, 9, 9, 9, 9, 9, 10, 10, 10, 10, 11, 11, 11, 11, 11]
vessel_durations = [2, 1, 2, 2, 2, 1, 2, 2, 1, 1, 2, 2, 2, 1, 2, 2, 1, 2, 2, 1, 1, 1, 2, 2, 2, 2, 2, 1, 2, 2, 1, 1, 1, 2, 1, 2, 1, 1, 2, 2, 1, 2, 1, 2, 1, 2, 2, 2, 1, 2, 1, 2, 1, 1, 1, 2, 1, 1, 2, 2]
vessel_inbound_service_times = [1, 1, 1, 1, 1, 1, 1, 1, 1, 1, 1, 1, 1, 1, 1, 1, 1, 1, 1, 1, 1, 1, 1, 1, 1, 1, 1, 1, 1, 1, 1, 1, 1, 1, 1, 1, 1, 1, 1, 1, 1, 1, 1, 1, 1, 1, 1, 1, 1, 1, 1, 1, 1, 1, 1, 1, 1, 1, 1, 1]
vessel_outbound_service_times = [1, 1, 1, 1, 1, 1, 1, 1, 1, 1, 1, 1, 1, 1, 1, 1, 1, 1, 1, 1, 1, 1, 1, 1, 1, 1, 1, 1, 1, 1, 1, 1, 1, 1, 1, 1, 1, 1, 1, 1, 1, 1, 1, 1, 1, 1, 1, 1, 1, 1, 1, 1, 1, 1, 1, 1, 1, 1, 1, 1]
vessel_priority_weights = [2.19, 2.13, 2.35, 1.84, 2.23, 1.68, 2.31, 2.29, 2.03, 1.95, 2.59, 2.21, 2.51, 2.01, 2.27, 3.0, 2.03, 2.66, 2.66, 2.46, 2.59, 2.36, 1.21, 2.56, 2.36, 1.91, 1.93, 1.96, 1.85, 2.46, 2.38, 2.38, 2.76, 1.83, 2.77, 2.27, 2.61, 2.32, 2.49, 2.65, 2.0, 2.45, 1.64, 2.38, 2.67, 2.2, 2.06, 2.38, 2.28, 2.34, 2.39, 2.02, 2.02, 2.55, 2.94, 2.9, 2.21, 2.04, 2.42, 2.07]
vessel_waiting_costs = [29.0, 49.2, 42.9, 21.7, 42.8, 24.5, 56.2, 34.1, 31.6, 37.3, 43.8, 32.6, 56.7, 53.4, 36.7, 47.8, 25.8, 24.4, 38.5, 55.7, 40.2, 45.3, 25.0, 57.0, 36.8, 41.4, 29.8, 58.1, 46.3, 17.8, 56.7, 56.5, 18.0, 49.2, 53.6, 20.0, 46.0, 41.6, 22.9, 52.7, 41.0, 58.1, 17.7, 19.2, 49.6, 52.9, 47.0, 56.0, 35.1, 52.8, 48.0, 54.5, 42.0, 50.2, 41.3, 34.1, 41.7, 51.4, 29.8, 48.5]
vessel_jit_costs = [11.2, 20.7, 18.5, 10.5, 16.3, 11.9, 26.9, 11.8, 13.5, 14.4, 20.8, 11.3, 25.8, 24.5, 15.6, 16.0, 8.3, 8.9, 18.5, 17.0, 13.9, 22.5, 8.3, 20.1, 17.0, 13.9, 9.8, 17.8, 21.7, 7.0, 27.4, 17.6, 8.1, 19.6, 24.7, 9.8, 21.8, 12.8, 10.3, 16.5, 19.9, 25.6, 6.9, 6.6, 23.4, 26.2, 15.0, 26.7, 12.2, 18.5, 20.1, 24.4, 16.0, 18.2, 14.5, 14.5, 14.2, 17.6, 10.6, 22.8]
vessel_horsepower_requirements = [2709, 3462, 4330, 1080, 4870, 1610, 3646, 2592, 2825, 2521, 3862, 2631, 3866, 4909, 2792, 5644, 1625, 1629, 2722, 4547, 2452, 4112, 1448, 5458, 2966, 4575, 2824, 5960, 3508, 1927, 3890, 3910, 1487, 4343, 4231, 1479, 4560, 5306, 1661, 3575, 3020, 3713, 1728, 1927, 4509, 4308, 3869, 3808, 2994, 5947, 4587, 4778, 3992, 4432, 3580, 2693, 2578, 3526, 2370, 3869]
vessel_early_limits = [2, 2, 2, 1, 1, 2, 2, 1, 1, 2, 2, 2, 2, 2, 1, 2, 1, 2, 2, 1, 2, 1, 1, 1, 2, 1, 2, 2, 2, 1, 2, 1, 2, 2, 1, 2, 1, 2, 2, 1, 1, 1, 2, 2, 2, 1, 2, 1, 2, 1, 1, 1, 1, 1, 2, 2, 1, 1, 2, 2]
vessel_late_limits = [2, 2, 2, 2, 1, 2, 2, 2, 2, 2, 2, 2, 1, 1, 1, 1, 1, 2, 1, 1, 2, 1, 1, 1, 2, 2, 1, 1, 1, 1, 1, 2, 2, 1, 1, 2, 1, 1, 1, 1, 2, 2, 2, 1, 2, 2, 2, 1, 1, 1, 2, 1, 2, 2, 1, 1, 1, 1, 2, 1]
berth_capacities = [3, 2, 4, 5, 3]
tugboat_horsepower = [4270, 4099, 1302, 1595, 1042, 3255, 2934, 1170]
tugboat_costs = [104.6, 113.2, 23.9, 35.3, 26.7, 77.6, 48.9, 31.4]
inbound_preparation_time = 1
outbound_preparation_time = 1
max_tugboats_per_service = 2
time_constraint_tolerance = 2
penalty_parameter = 3200.0
objective_weights = [0.1126, 0.1291, 0.5707, 0.1876]
