# PSP train | 60_5_8_T12 seed=33
# n=60 J=5 K=8 T=12 H_max=2

vessel_num = 60
berth_num = 5
tugboat_num = 8
time_periods = 12
vessel_sizes = [5, 2, 3, 4, 5, 3, 5, 2, 3, 5, 2, 4, 3, 4, 4, 3, 4, 4, 3, 4, 5, 3, 3, 3, 4, 3, 4, 2, 3, 5, 4, 3, 3, 3, 4, 3, 5, 5, 5, 1, 3, 3, 5, 3, 4, 5, 3, 3, 2, 4, 4, 4, 4, 4, 5, 1, 2, 3, 3, 5]
vessel_etas = [0, 0, 0, 0, 0, 1, 1, 1, 1, 2, 2, 2, 2, 2, 2, 2, 2, 3, 3, 3, 3, 3, 4, 4, 4, 4, 4, 4, 4, 5, 5, 5, 5, 5, 5, 5, 6, 6, 6, 6, 7, 7, 7, 7, 7, 7, 7, 8, 8, 8, 8, 9, 9, 9, 9, 10, 11, 11, 11, 11]
vessel_durations = [1, 2, 1, 2, 2, 2, 2, 2, 1, 1, 1, 2, 1, 2, 1, 1, 2, 1, 2, 2, 2, 2, 2, 2, 1, 2, 2, 1, 2, 1, 2, 2, 1, 2, 1, 1, 2, 2, 2, 2, 2, 2, 1, 1, 2, 1, 2, 2, 1, 1, 1, 2, 1, 1, 2, 1, 2, 1, 1, 1]
vessel_inbound_service_times = [1, 1, 1, 1, 1, 1, 1, 1, 1, 1, 1, 1, 1, 1, 1, 1, 1, 1, 1, 1, 1, 1, 1, 1, 1, 1, 1, 1, 1, 1, 1, 1, 1, 1, 1, 1, 1, 1, 1, 1, 1, 1, 1, 1, 1, 1, 1, 1, 1, 1, 1, 1, 1, 1, 1, 1, 1, 1, 1, 1]
vessel_outbound_service_times = [1, 1, 1, 1, 1, 1, 1, 1, 1, 1, 1, 1, 1, 1, 1, 1, 1, 1, 1, 1, 1, 1, 1, 1, 1, 1, 1, 1, 1, 1, 1, 1, 1, 1, 1, 1, 1, 1, 1, 1, 1, 1, 1, 1, 1, 1, 1, 1, 1, 1, 1, 1, 1, 1, 1, 1, 1, 1, 1, 1]
vessel_priority_weights = [2.93, 1.87, 2.8, 2.95, 2.26, 2.06, 2.4, 1.7, 2.72, 2.81, 1.33, 2.12, 2.61, 2.25, 2.45, 2.25, 2.97, 1.8, 2.85, 2.69, 2.08, 2.34, 2.28, 1.9, 2.33, 1.84, 2.92, 1.93, 2.29, 2.74, 3.0, 2.58, 2.27, 2.98, 2.35, 2.14, 2.69, 2.58, 2.18, 1.81, 2.31, 2.46, 2.95, 2.37, 2.94, 2.33, 2.03, 2.09, 2.71, 2.58, 2.04, 2.51, 2.14, 2.23, 2.26, 1.93, 2.01, 2.16, 2.7, 2.32]
vessel_waiting_costs = [40.5, 20.8, 29.2, 45.3, 47.5, 31.9, 59.0, 25.8, 29.0, 46.7, 18.4, 46.2, 41.9, 55.9, 57.3, 40.8, 54.8, 47.6, 38.6, 55.2, 54.7, 41.2, 32.9, 41.1, 46.7, 38.9, 54.0, 20.9, 30.0, 56.7, 45.7, 33.1, 33.8, 36.3, 45.3, 40.7, 43.6, 51.7, 59.5, 23.2, 39.6, 36.8, 54.1, 32.2, 50.5, 41.4, 28.0, 30.4, 21.6, 52.7, 42.0, 47.6, 57.2, 53.1, 48.8, 21.6, 20.1, 30.2, 32.0, 58.6]
vessel_jit_costs = [19.4, 6.3, 10.7, 21.2, 23.0, 11.8, 27.8, 8.3, 12.7, 15.0, 6.7, 20.0, 14.0, 23.4, 28.6, 13.3, 24.9, 14.6, 16.4, 24.9, 16.9, 20.2, 15.0, 15.9, 19.6, 14.9, 26.5, 10.1, 12.6, 21.6, 16.2, 12.5, 11.8, 12.5, 17.8, 14.5, 19.8, 16.8, 20.2, 8.1, 14.8, 16.9, 19.6, 13.4, 22.4, 13.0, 12.9, 13.7, 10.6, 24.7, 20.1, 14.7, 19.8, 16.1, 19.2, 10.1, 9.7, 14.9, 13.9, 25.6]
vessel_horsepower_requirements = [5740, 1881, 2933, 3977, 5349, 2457, 4802, 1512, 2877, 4427, 1537, 3919, 2309, 3480, 3644, 2855, 3992, 3527, 2818, 3429, 4581, 2443, 2654, 2614, 3707, 2935, 3653, 1939, 2472, 4708, 4540, 2755, 3039, 2505, 3672, 3071, 5193, 4733, 5752, 865, 2682, 2468, 5895, 2576, 4179, 5114, 2610, 2901, 1832, 3733, 4273, 4142, 4053, 3684, 5828, 917, 1549, 3061, 2760, 5685]
vessel_early_limits = [1, 2, 2, 2, 1, 2, 1, 1, 2, 2, 1, 1, 2, 2, 2, 2, 2, 1, 1, 1, 2, 1, 2, 2, 2, 1, 1, 2, 1, 1, 1, 2, 1, 1, 2, 1, 2, 1, 1, 1, 2, 2, 2, 2, 2, 1, 1, 1, 1, 2, 2, 2, 1, 2, 2, 1, 1, 1, 2, 1]
vessel_late_limits = [1, 1, 1, 2, 2, 2, 1, 2, 1, 2, 2, 2, 2, 2, 2, 1, 1, 2, 2, 1, 2, 2, 2, 1, 1, 1, 2, 2, 2, 1, 1, 1, 2, 1, 1, 2, 2, 2, 1, 1, 2, 2, 1, 2, 2, 2, 2, 2, 1, 1, 1, 1, 2, 2, 2, 2, 1, 2, 1, 1]
berth_capacities = [2, 3, 5, 2, 3]
tugboat_horsepower = [4157, 2349, 1551, 1604, 3905, 3469, 1177, 1374]
tugboat_costs = [125.1, 53.0, 54.0, 47.6, 75.3, 82.5, 27.2, 33.1]
inbound_preparation_time = 1
outbound_preparation_time = 1
max_tugboats_per_service = 2
time_constraint_tolerance = 2
penalty_parameter = 3400.0
objective_weights = [0.1071, 0.1316, 0.579, 0.1823]
