# PSP train | 60_5_8_T12 seed=40
# n=60 J=5 K=8 T=12 H_max=2

vessel_num = 60
berth_num = 5
tugboat_num = 8
time_periods = 12
vessel_sizes = [4, 5, 3, 3, 3, 4, 5, 3, 3, 5, 4, 3, 2, 4, 5, 3, 4, 3, 3, 2, 5, 4, 5, 3, 5, 3, 4, 2, 3, 3, 2, 5, 5, 4, 1, 2, 4, 4, 2, 3, 4, 3, 3, 3, 3, 2, 4, 4, 4, 2, 4, 3, 5, 2, 3, 4, 5, 3, 4, 5]
vessel_etas = [0, 0, 0, 0, 0, 0, 1, 1, 1, 1, 1, 1, 2, 2, 2, 2, 3, 3, 3, 3, 3, 3, 4, 5, 5, 5, 5, 5, 6, 6, 6, 6, 6, 6, 6, 7, 7, 7, 7, 7, 7, 8, 8, 8, 8, 9, 9, 9, 9, 9, 9, 10, 10, 11, 11, 11, 11, 11, 11, 11]
vessel_durations = [2, 1, 1, 2, 2, 2, 1, 1, 2, 2, 2, 2, 2, 2, 1, 2, 2, 1, 2, 1, 1, 2, 1, 2, 1, 1, 2, 2, 1, 1, 2, 1, 2, 2, 2, 1, 1, 2, 2, 1, 1, 2, 1, 2, 1, 1, 2, 2, 2, 1, 1, 1, 1, 1, 2, 2, 1, 2, 1, 1]
vessel_inbound_service_times = [1, 1, 1, 1, 1, 1, 1, 1, 1, 1, 1, 1, 1, 1, 1, 1, 1, 1, 1, 1, 1, 1, 1, 1, 1, 1, 1, 1, 1, 1, 1, 1, 1, 1, 1, 1, 1, 1, 1, 1, 1, 1, 1, 1, 1, 1, 1, 1, 1, 1, 1, 1, 1, 1, 1, 1, 1, 1, 1, 1]
vessel_outbound_service_times = [1, 1, 1, 1, 1, 1, 1, 1, 1, 1, 1, 1, 1, 1, 1, 1, 1, 1, 1, 1, 1, 1, 1, 1, 1, 1, 1, 1, 1, 1, 1, 1, 1, 1, 1, 1, 1, 1, 1, 1, 1, 1, 1, 1, 1, 1, 1, 1, 1, 1, 1, 1, 1, 1, 1, 1, 1, 1, 1, 1]
vessel_priority_weights = [2.88, 2.07, 2.81, 2.83, 1.85, 2.34, 2.87, 2.13, 1.93, 2.46, 2.86, 1.81, 2.64, 2.12, 2.45, 2.34, 2.23, 2.14, 1.88, 2.17, 2.02, 2.9, 2.73, 2.25, 1.94, 2.7, 2.66, 1.45, 2.87, 1.4, 2.72, 2.44, 2.92, 2.78, 1.86, 2.65, 2.97, 2.15, 1.81, 2.54, 2.33, 2.63, 2.12, 2.36, 2.53, 2.19, 2.36, 2.0, 2.73, 2.24, 2.24, 2.45, 1.81, 2.62, 2.42, 2.02, 1.85, 2.43, 2.38, 2.23]
vessel_waiting_costs = [55.7, 59.7, 38.0, 38.8, 39.8, 50.3, 51.9, 39.9, 40.0, 41.5, 50.0, 36.4, 18.3, 48.4, 43.2, 41.9, 52.9, 28.6, 33.7, 21.1, 56.3, 52.1, 43.0, 41.0, 51.8, 36.2, 56.3, 22.6, 39.5, 34.2, 23.1, 58.0, 43.3, 59.8, 19.7, 20.8, 53.4, 50.2, 25.1, 31.7, 41.1, 34.6, 37.9, 32.7, 38.7, 24.1, 46.4, 56.7, 57.8, 21.9, 40.3, 36.2, 46.7, 23.9, 36.4, 54.9, 52.4, 38.0, 45.7, 48.2]
vessel_jit_costs = [20.4, 23.9, 11.7, 15.3, 16.4, 21.5, 25.6, 12.3, 17.6, 19.0, 23.1, 15.9, 5.6, 15.8, 14.2, 16.5, 23.6, 8.8, 15.9, 7.6, 21.4, 24.5, 17.4, 18.2, 16.4, 14.7, 19.8, 7.2, 16.0, 16.5, 11.3, 17.5, 19.7, 19.8, 9.0, 9.8, 16.5, 18.3, 8.9, 13.7, 17.6, 11.5, 11.7, 11.4, 14.3, 9.1, 16.1, 27.6, 20.8, 9.9, 18.1, 18.0, 22.4, 10.2, 12.9, 26.4, 21.0, 17.5, 17.3, 18.7]
vessel_horsepower_requirements = [4164, 4743, 3069, 2536, 3070, 3545, 5038, 2789, 2411, 5095, 3573, 2423, 1677, 4094, 4951, 2808, 3458, 2953, 2624, 1670, 4916, 3856, 4528, 3047, 5035, 2860, 3946, 1764, 2519, 2515, 1501, 5292, 5901, 3453, 934, 1951, 3660, 4252, 1604, 3103, 4188, 2988, 3098, 2678, 2801, 1655, 3656, 3730, 4323, 1496, 4129, 2990, 5860, 1745, 2669, 3626, 5545, 2839, 3446, 5451]
vessel_early_limits = [1, 1, 1, 2, 2, 1, 1, 2, 1, 2, 1, 2, 2, 2, 1, 1, 1, 1, 1, 2, 1, 1, 1, 2, 2, 2, 1, 1, 2, 2, 1, 2, 1, 2, 2, 2, 1, 2, 2, 2, 1, 1, 1, 1, 1, 1, 2, 2, 1, 1, 2, 2, 2, 1, 2, 2, 1, 2, 2, 2]
vessel_late_limits = [2, 2, 2, 2, 2, 1, 2, 1, 1, 1, 2, 1, 2, 1, 1, 2, 2, 1, 2, 2, 2, 1, 1, 1, 1, 2, 1, 1, 2, 2, 2, 2, 1, 2, 2, 1, 2, 2, 2, 2, 2, 2, 2, 2, 2, 2, 1, 1, 1, 1, 2, 1, 1, 1, 1, 2, 2, 2, 2, 2]
berth_capacities = [2, 3, 3, 5, 2]
tugboat_horsepower = [1896, 4548, 2693, 1763, 1769, 4606, 1562, 856]
tugboat_costs = [38.2, 119.1, 60.7, 33.0, 49.9, 123.1, 39.1, 22.9]
inbound_preparation_time = 1
outbound_preparation_time = 1
max_tugboats_per_service = 2
time_constraint_tolerance = 2
penalty_parameter = 3300.0
objective_weights = [0.1088, 0.1309, 0.5784, 0.182]
