# PSP train | 60_5_8_T12 seed=11
# n=60 J=5 K=8 T=12 H_max=2

vessel_num = 60
berth_num = 5
tugboat_num = 8
time_periods = 12
vessel_sizes = [5, 5, 5, 2, 3, 3, 4, 3, 2, 4, 4, 2, 3, 4, 4, 4, 3, 4, 5, 3, 1, 5, 4, 2, 3, 3, 3, 4, 3, 4, 5, 5, 5, 4, 3, 5, 3, 3, 5, 3, 1, 2, 4, 2, 5, 5, 4, 2, 3, 5, 4, 3, 5, 5, 2, 4, 3, 3, 3, 5]
vessel_etas = [0, 0, 0, 0, 0, 0, 0, 1, 1, 1, 1, 1, 1, 1, 2, 2, 2, 2, 2, 4, 4, 5, 5, 5, 5, 5, 5, 5, 5, 6, 6, 6, 7, 7, 7, 7, 7, 7, 8, 8, 8, 9, 9, 9, 9, 9, 9, 9, 10, 10, 10, 10, 11, 11, 11, 11, 11, 11, 11, 11]
vessel_durations = [1, 2, 1, 1, 1, 1, 2, 2, 2, 1, 2, 1, 2, 1, 1, 1, 1, 1, 1, 2, 1, 2, 2, 1, 2, 1, 2, 2, 1, 1, 2, 2, 2, 1, 1, 2, 1, 1, 2, 1, 1, 1, 2, 2, 1, 2, 1, 2, 1, 2, 1, 2, 1, 1, 1, 2, 1, 2, 2, 1]
vessel_inbound_service_times = [1, 1, 1, 1, 1, 1, 1, 1, 1, 1, 1, 1, 1, 1, 1, 1, 1, 1, 1, 1, 1, 1, 1, 1, 1, 1, 1, 1, 1, 1, 1, 1, 1, 1, 1, 1, 1, 1, 1, 1, 1, 1, 1, 1, 1, 1, 1, 1, 1, 1, 1, 1, 1, 1, 1, 1, 1, 1, 1, 1]
vessel_outbound_service_times = [1, 1, 1, 1, 1, 1, 1, 1, 1, 1, 1, 1, 1, 1, 1, 1, 1, 1, 1, 1, 1, 1, 1, 1, 1, 1, 1, 1, 1, 1, 1, 1, 1, 1, 1, 1, 1, 1, 1, 1, 1, 1, 1, 1, 1, 1, 1, 1, 1, 1, 1, 1, 1, 1, 1, 1, 1, 1, 1, 1]
vessel_priority_weights = [2.5, 2.42, 2.39, 1.51, 2.51, 2.39, 2.07, 2.34, 2.17, 2.56, 2.89, 2.17, 2.19, 2.15, 2.6, 2.62, 1.95, 2.24, 2.83, 2.2, 1.68, 2.08, 2.51, 2.0, 2.8, 2.35, 1.46, 2.15, 2.3, 2.33, 2.71, 2.87, 2.35, 2.04, 2.27, 2.58, 2.08, 2.56, 1.87, 1.71, 1.27, 2.32, 2.03, 2.03, 2.72, 2.25, 2.46, 2.37, 2.68, 2.27, 2.72, 2.14, 2.21, 2.0, 1.7, 2.33, 2.01, 2.13, 1.89, 2.99]
vessel_waiting_costs = [40.3, 40.9, 55.1, 25.5, 28.7, 41.2, 58.1, 34.7, 19.7, 58.7, 49.4, 24.8, 29.6, 49.1, 41.0, 42.5, 37.4, 45.2, 48.4, 35.4, 26.0, 44.8, 57.9, 23.1, 31.8, 35.9, 36.9, 43.8, 41.7, 57.6, 41.2, 48.5, 42.0, 41.4, 37.5, 52.6, 34.7, 32.8, 56.8, 29.7, 23.1, 19.5, 45.2, 20.8, 59.8, 51.0, 58.4, 20.8, 40.3, 41.7, 49.7, 32.2, 41.5, 53.2, 20.3, 53.9, 30.0, 38.2, 29.6, 51.4]
vessel_jit_costs = [14.1, 13.6, 20.8, 11.5, 14.3, 13.0, 22.4, 17.2, 8.0, 26.1, 24.5, 10.4, 12.6, 16.7, 16.6, 16.5, 14.6, 18.8, 22.1, 17.7, 11.6, 14.5, 26.5, 8.6, 13.9, 15.0, 16.6, 15.3, 20.1, 17.7, 14.6, 20.6, 17.1, 13.1, 15.4, 19.7, 11.9, 14.7, 17.9, 13.7, 10.5, 7.5, 20.9, 9.0, 21.8, 22.9, 22.5, 6.6, 12.7, 17.2, 21.7, 14.7, 14.2, 16.8, 9.0, 19.2, 11.1, 14.3, 13.1, 24.9]
vessel_horsepower_requirements = [4946, 5367, 4465, 1903, 2825, 2629, 3838, 2432, 1865, 3838, 4056, 1737, 2760, 3496, 3805, 4367, 2847, 4194, 5191, 3034, 1008, 4496, 3458, 1717, 2799, 2830, 2439, 4430, 2852, 4503, 5389, 5495, 4952, 3865, 2929, 5889, 2837, 2533, 4866, 3039, 1065, 1547, 3544, 1520, 4743, 4578, 4455, 1769, 2663, 5469, 4432, 2710, 5250, 5380, 1584, 4491, 3075, 2557, 2306, 5546]
vessel_early_limits = [1, 2, 1, 2, 1, 2, 2, 1, 1, 2, 2, 1, 1, 1, 2, 1, 2, 1, 1, 1, 2, 2, 2, 1, 1, 2, 1, 2, 1, 1, 2, 2, 2, 1, 2, 1, 2, 1, 2, 1, 1, 1, 2, 1, 1, 1, 2, 2, 2, 1, 2, 1, 2, 2, 1, 2, 1, 1, 1, 2]
vessel_late_limits = [1, 2, 2, 2, 1, 1, 1, 1, 2, 2, 2, 2, 2, 1, 1, 1, 2, 2, 1, 1, 1, 1, 2, 1, 2, 1, 2, 1, 2, 1, 1, 2, 1, 1, 1, 2, 2, 1, 1, 1, 2, 1, 1, 2, 1, 2, 2, 1, 2, 1, 1, 1, 1, 2, 1, 1, 1, 1, 2, 2]
berth_capacities = [2, 3, 4, 5, 2]
tugboat_horsepower = [1425, 3966, 1676, 3486, 1307, 1354, 1846, 3790]
tugboat_costs = [32.0, 74.6, 37.1, 86.2, 31.2, 25.7, 47.9, 71.8]
inbound_preparation_time = 1
outbound_preparation_time = 1
max_tugboats_per_service = 2
time_constraint_tolerance = 2
penalty_parameter = 2900.0
objective_weights = [0.1166, 0.1294, 0.5557, 0.1983]
