# PSP train | 60_5_8_T12 seed=35
# n=60 J=5 K=8 T=12 H_max=2

vessel_num = 60
berth_num = 5
tugboat_num = 8
time_periods = 12
vessel_sizes = [4, 5, 4, 2, 4, 1, 5, 3, 3, 4, 3, 4, 2, 3, 3, 3, 5, 2, 4, 5, 5, 4, 3, 5, 2, 3, 5, 5, 2, 4, 4, 3, 4, 4, 3, 3, 4, 5, 4, 3, 5, 3, 3, 3, 3, 4, 5, 5, 4, 5, 5, 3, 4, 3, 3, 5, 3, 4, 5, 3]
vessel_etas = [0, 0, 0, 0, 0, 0, 0, 0, 1, 1, 1, 1, 1, 1, 1, 2, 2, 2, 3, 3, 3, 4, 4, 4, 4, 5, 5, 5, 5, 5, 5, 6, 6, 6, 6, 6, 6, 6, 6, 7, 7, 7, 7, 7, 8, 8, 8, 8, 9, 9, 9, 9, 9, 10, 11, 11, 11, 11, 11, 11]
vessel_durations = [1, 2, 1, 2, 1, 2, 2, 2, 1, 2, 2, 1, 2, 1, 1, 2, 1, 2, 2, 1, 2, 2, 2, 1, 1, 2, 1, 1, 2, 2, 2, 1, 2, 1, 1, 1, 1, 1, 2, 2, 1, 1, 2, 1, 1, 1, 1, 2, 1, 1, 1, 2, 2, 1, 2, 1, 2, 1, 1, 2]
vessel_inbound_service_times = [1, 1, 1, 1, 1, 1, 1, 1, 1, 1, 1, 1, 1, 1, 1, 1, 1, 1, 1, 1, 1, 1, 1, 1, 1, 1, 1, 1, 1, 1, 1, 1, 1, 1, 1, 1, 1, 1, 1, 1, 1, 1, 1, 1, 1, 1, 1, 1, 1, 1, 1, 1, 1, 1, 1, 1, 1, 1, 1, 1]
vessel_outbound_service_times = [1, 1, 1, 1, 1, 1, 1, 1, 1, 1, 1, 1, 1, 1, 1, 1, 1, 1, 1, 1, 1, 1, 1, 1, 1, 1, 1, 1, 1, 1, 1, 1, 1, 1, 1, 1, 1, 1, 1, 1, 1, 1, 1, 1, 1, 1, 1, 1, 1, 1, 1, 1, 1, 1, 1, 1, 1, 1, 1, 1]
vessel_priority_weights = [2.37, 2.22, 2.03, 1.28, 2.07, 1.39, 2.42, 2.43, 2.59, 2.34, 1.72, 2.72, 2.27, 2.39, 2.43, 2.49, 2.21, 2.66, 2.67, 2.47, 2.93, 2.37, 2.66, 2.78, 1.74, 1.33, 1.81, 2.62, 2.56, 2.15, 2.08, 2.0, 2.33, 2.27, 1.82, 2.42, 2.26, 2.6, 2.23, 2.06, 1.86, 1.44, 1.81, 2.23, 2.35, 2.98, 2.31, 2.94, 2.76, 2.23, 2.6, 2.8, 2.59, 2.46, 2.11, 2.07, 2.27, 2.65, 2.13, 2.58]
vessel_waiting_costs = [51.6, 49.3, 40.4, 20.0, 56.5, 20.2, 45.6, 30.6, 37.5, 43.5, 42.0, 56.6, 18.3, 36.5, 29.8, 28.1, 48.1, 25.5, 48.3, 55.8, 43.5, 46.0, 29.7, 42.5, 20.9, 39.2, 57.3, 52.0, 23.0, 42.3, 55.0, 29.5, 54.3, 47.1, 39.3, 33.9, 58.0, 57.4, 45.0, 35.7, 48.8, 36.0, 35.3, 31.1, 33.7, 47.6, 42.8, 40.4, 40.2, 56.9, 53.4, 39.7, 49.0, 35.9, 38.5, 40.6, 28.9, 42.0, 45.3, 33.4]
vessel_jit_costs = [23.9, 23.4, 15.8, 7.6, 22.8, 9.0, 21.2, 14.4, 14.9, 17.2, 13.0, 25.0, 8.4, 14.1, 11.1, 12.7, 14.6, 10.0, 20.4, 18.4, 14.1, 18.6, 14.8, 17.5, 6.8, 18.0, 18.1, 15.7, 10.7, 13.1, 21.5, 10.1, 25.1, 15.2, 19.2, 11.4, 20.1, 21.5, 14.6, 13.1, 22.3, 16.8, 12.1, 14.9, 16.6, 14.3, 14.6, 12.1, 14.9, 26.7, 19.7, 19.6, 18.7, 11.0, 13.1, 18.4, 13.5, 16.7, 21.2, 12.8]
vessel_horsepower_requirements = [4404, 5179, 4146, 1552, 3484, 1118, 4942, 2594, 2379, 3974, 2896, 3618, 1592, 2872, 3026, 2550, 4429, 1682, 3930, 4945, 5128, 4436, 2501, 4866, 1904, 2396, 5470, 4745, 1922, 3687, 3532, 2712, 3831, 3844, 2858, 2942, 4029, 5976, 3544, 2852, 5638, 2826, 2748, 2921, 2365, 3814, 5520, 4444, 3859, 5641, 4941, 2580, 4123, 2382, 2990, 5170, 2960, 4336, 5509, 2395]
vessel_early_limits = [1, 2, 2, 1, 1, 2, 2, 1, 1, 1, 2, 2, 2, 1, 1, 1, 1, 1, 2, 2, 1, 1, 2, 1, 1, 2, 2, 2, 1, 2, 1, 1, 2, 1, 2, 1, 2, 1, 1, 2, 1, 2, 1, 1, 2, 1, 1, 2, 2, 1, 2, 1, 2, 2, 2, 2, 1, 2, 2, 2]
vessel_late_limits = [2, 2, 1, 1, 1, 2, 2, 1, 1, 1, 1, 2, 2, 2, 2, 1, 1, 1, 2, 2, 2, 1, 1, 2, 2, 1, 2, 2, 2, 1, 1, 2, 1, 2, 2, 1, 1, 1, 2, 2, 2, 2, 2, 2, 2, 2, 2, 2, 1, 2, 1, 1, 1, 1, 2, 1, 1, 1, 2, 1]
berth_capacities = [2, 2, 3, 5, 3]
tugboat_horsepower = [1524, 2235, 2659, 1735, 4009, 4792, 1024, 809]
tugboat_costs = [45.4, 50.0, 64.8, 48.9, 82.3, 128.7, 35.9, 32.8]
inbound_preparation_time = 1
outbound_preparation_time = 1
max_tugboats_per_service = 2
time_constraint_tolerance = 2
penalty_parameter = 3200.0
objective_weights = [0.1112, 0.1321, 0.5812, 0.1755]
