# PSP train | 60_5_8_T12 seed=32
# n=60 J=5 K=8 T=12 H_max=2

vessel_num = 60
berth_num = 5
tugboat_num = 8
time_periods = 12
vessel_sizes = [4, 1, 2, 2, 3, 3, 4, 4, 5, 2, 3, 4, 4, 4, 4, 4, 5, 3, 3, 3, 3, 2, 3, 4, 2, 3, 3, 3, 3, 4, 5, 3, 3, 4, 2, 3, 3, 4, 2, 4, 4, 3, 3, 3, 5, 3, 4, 4, 4, 3, 5, 3, 3, 3, 3, 4, 3, 3, 3, 3]
vessel_etas = [0, 0, 0, 0, 0, 0, 0, 1, 1, 1, 1, 2, 2, 2, 2, 2, 3, 3, 3, 3, 3, 3, 4, 4, 4, 4, 4, 4, 4, 5, 5, 5, 6, 6, 7, 7, 7, 7, 7, 8, 8, 8, 8, 8, 8, 9, 9, 9, 9, 10, 10, 10, 10, 10, 10, 11, 11, 11, 11, 11]
vessel_durations = [1, 2, 1, 1, 2, 1, 2, 2, 1, 1, 1, 2, 2, 1, 2, 1, 1, 2, 2, 2, 1, 2, 2, 2, 1, 1, 1, 2, 1, 1, 2, 2, 1, 1, 1, 2, 1, 2, 1, 2, 2, 1, 1, 2, 1, 1, 1, 2, 2, 2, 2, 2, 1, 1, 1, 1, 2, 1, 2, 1]
vessel_inbound_service_times = [1, 1, 1, 1, 1, 1, 1, 1, 1, 1, 1, 1, 1, 1, 1, 1, 1, 1, 1, 1, 1, 1, 1, 1, 1, 1, 1, 1, 1, 1, 1, 1, 1, 1, 1, 1, 1, 1, 1, 1, 1, 1, 1, 1, 1, 1, 1, 1, 1, 1, 1, 1, 1, 1, 1, 1, 1, 1, 1, 1]
vessel_outbound_service_times = [1, 1, 1, 1, 1, 1, 1, 1, 1, 1, 1, 1, 1, 1, 1, 1, 1, 1, 1, 1, 1, 1, 1, 1, 1, 1, 1, 1, 1, 1, 1, 1, 1, 1, 1, 1, 1, 1, 1, 1, 1, 1, 1, 1, 1, 1, 1, 1, 1, 1, 1, 1, 1, 1, 1, 1, 1, 1, 1, 1]
vessel_priority_weights = [2.5, 1.3, 1.44, 1.74, 2.21, 2.4, 2.78, 1.91, 2.29, 2.18, 2.19, 2.3, 2.46, 2.33, 2.24, 2.14, 2.2, 2.87, 2.46, 2.64, 2.21, 2.76, 1.6, 2.61, 1.55, 2.33, 2.26, 2.62, 2.36, 2.1, 2.28, 2.62, 2.44, 1.8, 2.62, 2.37, 2.16, 2.78, 2.4, 2.66, 2.39, 2.63, 2.55, 1.67, 2.44, 2.07, 2.1, 2.3, 2.2, 2.32, 2.23, 2.94, 2.56, 2.23, 2.6, 2.68, 2.74, 2.62, 1.97, 2.0]
vessel_waiting_costs = [44.9, 20.1, 23.9, 25.3, 41.2, 38.0, 57.9, 44.1, 55.0, 21.3, 34.0, 59.7, 50.9, 58.1, 54.0, 59.6, 54.5, 29.6, 39.3, 34.0, 28.6, 24.2, 31.6, 57.7, 20.4, 38.0, 35.1, 40.4, 35.7, 44.0, 40.3, 41.2, 41.8, 44.3, 20.3, 35.5, 36.2, 50.9, 26.2, 43.0, 41.6, 29.9, 29.7, 34.2, 56.3, 37.0, 51.0, 49.7, 56.5, 39.1, 54.6, 32.5, 37.6, 41.1, 33.9, 53.5, 34.6, 31.8, 30.8, 28.5]
vessel_jit_costs = [13.8, 7.3, 10.6, 8.2, 13.6, 14.2, 18.5, 15.4, 19.6, 7.9, 14.1, 20.9, 20.6, 24.5, 21.1, 24.3, 17.9, 12.7, 12.2, 12.6, 9.8, 7.8, 10.6, 21.8, 8.0, 14.1, 14.1, 12.5, 13.1, 16.8, 14.8, 15.1, 18.0, 15.2, 9.7, 14.3, 15.9, 15.9, 11.1, 13.6, 14.0, 10.7, 10.8, 16.4, 22.1, 13.9, 16.8, 18.3, 27.9, 16.9, 19.6, 11.8, 12.7, 17.5, 10.4, 18.2, 15.2, 15.0, 12.4, 10.9]
vessel_horsepower_requirements = [3873, 994, 1686, 1909, 2911, 2854, 3978, 3527, 5802, 1849, 2713, 3709, 4084, 4536, 3853, 4547, 4910, 2381, 2325, 2815, 2755, 1835, 3014, 3930, 1551, 2647, 2489, 2914, 2673, 4286, 5315, 2368, 2906, 3867, 1768, 2697, 2727, 4334, 1467, 3617, 3420, 2778, 3082, 3046, 5798, 2878, 4147, 4341, 4426, 2996, 5489, 2673, 2763, 2762, 2662, 3803, 2440, 2355, 2489, 2695]
vessel_early_limits = [1, 1, 2, 2, 2, 2, 1, 2, 2, 1, 1, 1, 1, 2, 2, 2, 1, 2, 1, 1, 1, 2, 2, 2, 1, 1, 1, 2, 1, 2, 1, 2, 1, 1, 1, 2, 2, 2, 2, 2, 2, 2, 1, 1, 2, 1, 1, 2, 1, 2, 2, 2, 1, 2, 1, 1, 2, 2, 2, 1]
vessel_late_limits = [1, 1, 2, 1, 2, 1, 2, 2, 1, 2, 1, 2, 2, 1, 1, 1, 2, 2, 1, 2, 2, 1, 2, 1, 2, 2, 1, 1, 2, 1, 2, 1, 1, 1, 2, 1, 2, 1, 1, 1, 2, 2, 2, 2, 2, 2, 1, 2, 1, 1, 2, 1, 2, 1, 2, 1, 1, 2, 2, 2]
berth_capacities = [5, 3, 2, 3, 2]
tugboat_horsepower = [1524, 1703, 1206, 1218, 1208, 823, 4760, 4063]
tugboat_costs = [35.7, 42.1, 39.4, 20.8, 37.4, 21.2, 80.6, 90.1]
inbound_preparation_time = 1
outbound_preparation_time = 1
max_tugboats_per_service = 2
time_constraint_tolerance = 2
penalty_parameter = 2900.0
objective_weights = [0.1093, 0.1211, 0.5601, 0.2095]
