# PSP train | 60_5_8_T12 seed=39
# n=60 J=5 K=8 T=12 H_max=2

vessel_num = 60
berth_num = 5
tugboat_num = 8
time_periods = 12
vessel_sizes = [5, 4, 5, 3, 4, 5, 1, 2, 5, 5, 3, 4, 2, 5, 3, 2, 5, 3, 2, 4, 3, 4, 1, 4, 4, 1, 3, 3, 5, 3, 3, 1, 3, 5, 3, 5, 4, 5, 4, 4, 4, 3, 4, 2, 3, 4, 3, 3, 4, 4, 3, 4, 5, 2, 3, 5, 3, 4, 4, 5]
vessel_etas = [0, 0, 0, 0, 0, 0, 1, 1, 1, 1, 1, 2, 2, 2, 2, 2, 3, 3, 3, 3, 3, 4, 4, 4, 4, 4, 4, 5, 5, 5, 5, 5, 5, 5, 5, 6, 7, 7, 7, 7, 7, 7, 8, 8, 8, 9, 9, 9, 9, 9, 10, 10, 10, 10, 10, 11, 11, 11, 11, 11]
vessel_durations = [1, 2, 1, 1, 1, 2, 1, 2, 1, 1, 1, 2, 2, 2, 1, 1, 1, 2, 2, 2, 2, 1, 2, 2, 1, 1, 1, 2, 2, 2, 2, 2, 1, 1, 1, 1, 1, 2, 2, 2, 1, 1, 2, 2, 1, 1, 2, 1, 1, 1, 1, 1, 1, 2, 1, 1, 1, 1, 2, 1]
vessel_inbound_service_times = [1, 1, 1, 1, 1, 1, 1, 1, 1, 1, 1, 1, 1, 1, 1, 1, 1, 1, 1, 1, 1, 1, 1, 1, 1, 1, 1, 1, 1, 1, 1, 1, 1, 1, 1, 1, 1, 1, 1, 1, 1, 1, 1, 1, 1, 1, 1, 1, 1, 1, 1, 1, 1, 1, 1, 1, 1, 1, 1, 1]
vessel_outbound_service_times = [1, 1, 1, 1, 1, 1, 1, 1, 1, 1, 1, 1, 1, 1, 1, 1, 1, 1, 1, 1, 1, 1, 1, 1, 1, 1, 1, 1, 1, 1, 1, 1, 1, 1, 1, 1, 1, 1, 1, 1, 1, 1, 1, 1, 1, 1, 1, 1, 1, 1, 1, 1, 1, 1, 1, 1, 1, 1, 1, 1]
vessel_priority_weights = [2.46, 2.14, 2.29, 2.42, 2.29, 2.34, 1.44, 2.17, 2.92, 2.27, 2.49, 2.22, 1.41, 2.24, 1.56, 2.29, 2.33, 2.18, 2.78, 2.96, 2.35, 2.11, 1.84, 2.79, 2.78, 1.3, 2.72, 2.26, 2.5, 2.41, 2.89, 1.87, 2.78, 1.86, 2.72, 2.1, 2.19, 2.42, 2.16, 2.7, 2.77, 2.08, 2.71, 2.68, 2.14, 2.07, 2.54, 1.81, 2.07, 2.83, 2.01, 2.54, 2.66, 2.7, 2.44, 2.21, 2.36, 2.7, 2.74, 2.41]
vessel_waiting_costs = [53.9, 58.5, 52.4, 28.4, 48.9, 42.5, 24.8, 17.8, 52.7, 56.2, 39.5, 56.0, 18.1, 59.1, 28.0, 23.2, 52.1, 35.6, 23.2, 42.5, 36.6, 46.2, 18.9, 49.1, 53.1, 24.1, 34.5, 30.7, 50.8, 39.0, 37.2, 22.8, 38.6, 41.3, 34.9, 50.7, 56.2, 54.4, 44.5, 44.9, 52.4, 41.6, 41.6, 19.7, 39.0, 42.3, 34.7, 40.6, 59.2, 45.0, 29.0, 59.2, 40.1, 22.1, 29.9, 46.0, 38.3, 53.4, 42.3, 55.3]
vessel_jit_costs = [21.0, 22.9, 16.2, 8.7, 20.6, 13.2, 11.9, 6.9, 17.1, 21.3, 15.5, 26.8, 7.9, 25.5, 13.5, 10.0, 22.3, 17.5, 9.1, 13.7, 15.1, 22.4, 8.4, 22.5, 20.4, 10.4, 14.0, 13.0, 21.8, 12.5, 12.4, 11.4, 18.1, 17.0, 12.9, 16.8, 26.1, 22.8, 17.7, 13.6, 19.6, 16.8, 19.3, 7.1, 13.6, 14.3, 12.9, 16.4, 26.3, 16.7, 12.0, 29.5, 15.2, 8.9, 10.6, 16.7, 16.4, 19.9, 20.2, 26.3]
vessel_horsepower_requirements = [4476, 3408, 5575, 2387, 4359, 4445, 1093, 1894, 5428, 4613, 2844, 3872, 1722, 4431, 2984, 1698, 5451, 3082, 1702, 3656, 2378, 4504, 1135, 3636, 3943, 1111, 2586, 3027, 4543, 3025, 2804, 966, 3073, 5662, 2951, 5171, 3459, 4563, 3615, 3763, 3694, 3022, 4494, 1722, 2673, 4254, 2474, 2492, 4202, 4014, 2731, 4171, 5354, 1636, 2710, 5387, 2304, 3983, 4216, 5644]
vessel_early_limits = [2, 2, 2, 2, 2, 2, 2, 2, 2, 1, 2, 1, 1, 2, 1, 2, 1, 1, 2, 2, 2, 1, 2, 2, 1, 1, 2, 2, 2, 2, 2, 1, 2, 2, 2, 1, 1, 2, 2, 1, 1, 1, 1, 1, 2, 1, 1, 1, 2, 2, 1, 2, 1, 2, 2, 1, 2, 1, 1, 1]
vessel_late_limits = [2, 2, 2, 1, 1, 1, 2, 1, 2, 1, 2, 2, 2, 2, 2, 2, 2, 1, 1, 2, 2, 1, 1, 1, 1, 2, 1, 1, 2, 1, 1, 2, 1, 2, 2, 1, 2, 1, 1, 2, 2, 1, 2, 2, 1, 1, 2, 2, 2, 2, 2, 1, 2, 2, 2, 2, 2, 1, 1, 1]
berth_capacities = [3, 3, 2, 4, 5]
tugboat_horsepower = [1501, 1838, 1082, 4880, 4963, 1221, 3026, 1645]
tugboat_costs = [32.7, 33.1, 24.4, 122.0, 89.3, 30.2, 73.4, 52.3]
inbound_preparation_time = 1
outbound_preparation_time = 1
max_tugboats_per_service = 2
time_constraint_tolerance = 2
penalty_parameter = 3200.0
objective_weights = [0.1107, 0.1334, 0.5651, 0.1908]
