# PSP train | 60_5_8_T12 seed=22
# n=60 J=5 K=8 T=12 H_max=2

vessel_num = 60
berth_num = 5
tugboat_num = 8
time_periods = 12
vessel_sizes = [4, 3, 3, 5, 5, 3, 3, 4, 3, 4, 2, 2, 5, 5, 2, 2, 4, 4, 4, 3, 4, 3, 2, 2, 4, 4, 5, 4, 5, 5, 5, 1, 3, 2, 5, 5, 4, 3, 3, 3, 4, 4, 3, 3, 4, 4, 4, 3, 4, 2, 3, 3, 4, 4, 3, 5, 5, 3, 5, 5]
vessel_etas = [0, 0, 0, 0, 0, 0, 1, 1, 2, 2, 2, 2, 2, 2, 2, 3, 3, 3, 3, 4, 4, 4, 4, 4, 4, 4, 5, 5, 5, 5, 5, 6, 6, 7, 7, 7, 7, 7, 7, 7, 8, 8, 8, 8, 8, 8, 9, 9, 9, 9, 10, 10, 10, 10, 10, 10, 11, 11, 11, 11]
vessel_durations = [2, 1, 1, 1, 1, 2, 2, 2, 2, 2, 1, 2, 2, 1, 2, 2, 2, 1, 2, 2, 1, 1, 1, 1, 1, 1, 2, 1, 2, 1, 2, 1, 1, 2, 1, 2, 1, 1, 2, 1, 2, 2, 2, 2, 1, 1, 2, 2, 1, 1, 1, 1, 1, 2, 2, 2, 2, 2, 1, 1]
vessel_inbound_service_times = [1, 1, 1, 1, 1, 1, 1, 1, 1, 1, 1, 1, 1, 1, 1, 1, 1, 1, 1, 1, 1, 1, 1, 1, 1, 1, 1, 1, 1, 1, 1, 1, 1, 1, 1, 1, 1, 1, 1, 1, 1, 1, 1, 1, 1, 1, 1, 1, 1, 1, 1, 1, 1, 1, 1, 1, 1, 1, 1, 1]
vessel_outbound_service_times = [1, 1, 1, 1, 1, 1, 1, 1, 1, 1, 1, 1, 1, 1, 1, 1, 1, 1, 1, 1, 1, 1, 1, 1, 1, 1, 1, 1, 1, 1, 1, 1, 1, 1, 1, 1, 1, 1, 1, 1, 1, 1, 1, 1, 1, 1, 1, 1, 1, 1, 1, 1, 1, 1, 1, 1, 1, 1, 1, 1]
vessel_priority_weights = [2.45, 2.01, 2.01, 2.43, 2.0, 2.28, 2.45, 2.77, 2.39, 2.08, 2.66, 2.05, 2.61, 2.62, 2.4, 2.64, 1.83, 2.59, 2.35, 2.39, 2.05, 2.02, 1.78, 2.16, 2.37, 2.45, 2.82, 2.35, 2.72, 2.43, 2.75, 1.86, 2.73, 2.02, 2.19, 2.25, 1.86, 2.88, 1.41, 1.89, 2.54, 2.11, 2.76, 1.77, 2.69, 2.55, 2.08, 2.16, 2.15, 1.99, 2.66, 2.46, 2.38, 2.83, 2.72, 2.28, 2.1, 2.67, 3.0, 2.34]
vessel_waiting_costs = [50.5, 29.2, 34.8, 53.7, 56.0, 37.6, 41.8, 51.9, 33.9, 47.5, 24.0, 23.8, 47.3, 53.2, 24.0, 17.9, 45.6, 57.4, 49.3, 30.5, 44.3, 28.7, 18.4, 26.1, 50.3, 55.7, 41.5, 57.2, 57.3, 59.3, 57.3, 24.8, 35.2, 24.0, 51.5, 43.7, 56.1, 33.0, 33.0, 31.8, 44.5, 53.5, 36.8, 37.3, 48.1, 54.9, 41.9, 37.2, 48.9, 17.9, 38.5, 35.3, 51.2, 41.8, 32.3, 48.4, 56.5, 34.2, 56.8, 43.1]
vessel_jit_costs = [23.0, 10.8, 13.9, 26.2, 22.9, 15.3, 17.5, 19.7, 15.4, 22.8, 11.8, 9.9, 14.4, 24.0, 10.8, 7.8, 17.2, 21.9, 15.3, 10.4, 17.9, 9.1, 8.2, 11.7, 16.4, 18.2, 16.7, 20.7, 21.0, 26.6, 28.5, 8.4, 14.4, 8.3, 18.4, 17.0, 23.0, 11.4, 12.5, 11.5, 16.0, 22.7, 17.8, 12.2, 19.5, 22.3, 16.6, 17.0, 16.8, 7.2, 12.4, 14.8, 17.7, 12.7, 15.5, 24.1, 23.5, 14.1, 20.8, 20.7]
vessel_horsepower_requirements = [3731, 2350, 3081, 5588, 5263, 2990, 2415, 3611, 2586, 4028, 1931, 1829, 4919, 5453, 1512, 1858, 3567, 4553, 4598, 2754, 3826, 2911, 1947, 1510, 4442, 4434, 5107, 3935, 5883, 5848, 5163, 898, 2923, 1908, 4445, 5688, 3624, 2502, 2464, 2726, 4152, 3786, 3067, 2320, 4408, 4121, 4385, 2432, 3964, 1770, 2430, 2409, 4397, 4057, 2351, 4981, 5047, 2822, 5219, 4534]
vessel_early_limits = [2, 2, 1, 1, 2, 1, 1, 2, 1, 1, 1, 1, 1, 2, 1, 2, 2, 1, 1, 2, 2, 2, 2, 2, 1, 1, 1, 1, 1, 2, 1, 2, 1, 2, 1, 1, 1, 1, 2, 1, 2, 1, 1, 2, 1, 1, 2, 1, 2, 1, 2, 2, 1, 1, 1, 1, 1, 2, 2, 1]
vessel_late_limits = [1, 1, 2, 1, 2, 2, 1, 1, 2, 2, 2, 1, 2, 1, 2, 2, 1, 1, 1, 2, 2, 1, 2, 2, 1, 2, 2, 1, 1, 2, 1, 2, 2, 1, 2, 2, 2, 2, 1, 2, 2, 1, 2, 1, 1, 1, 1, 2, 2, 1, 2, 2, 1, 1, 1, 1, 1, 2, 2, 2]
berth_capacities = [3, 3, 4, 3, 5]
tugboat_horsepower = [1648, 1789, 1154, 3553, 4688, 1120, 2075, 1557]
tugboat_costs = [55.0, 49.5, 24.7, 77.2, 84.5, 27.5, 68.6, 42.2]
inbound_preparation_time = 1
outbound_preparation_time = 1
max_tugboats_per_service = 2
time_constraint_tolerance = 2
penalty_parameter = 3200.0
objective_weights = [0.1103, 0.1275, 0.5599, 0.2023]
