# PSP train | 60_5_8_T12 seed=13
# n=60 J=5 K=8 T=12 H_max=2

vessel_num = 60
berth_num = 5
tugboat_num = 8
time_periods = 12
vessel_sizes = [5, 3, 3, 2, 3, 4, 3, 4, 4, 3, 3, 4, 3, 5, 4, 2, 1, 3, 3, 5, 3, 5, 5, 4, 4, 2, 4, 4, 3, 4, 3, 3, 4, 4, 5, 3, 4, 4, 3, 5, 5, 5, 5, 5, 3, 3, 5, 3, 4, 3, 4, 3, 4, 5, 3, 3, 5, 4, 4, 4]
vessel_etas = [0, 0, 0, 0, 0, 0, 0, 1, 1, 1, 1, 2, 2, 2, 2, 2, 2, 2, 2, 3, 3, 3, 3, 3, 4, 4, 4, 4, 4, 4, 4, 5, 5, 5, 5, 5, 5, 5, 5, 6, 6, 6, 6, 7, 7, 7, 7, 7, 8, 8, 8, 8, 9, 9, 9, 10, 10, 10, 11, 11]
vessel_durations = [1, 1, 1, 1, 1, 1, 2, 2, 1, 2, 2, 1, 1, 1, 2, 1, 1, 2, 2, 1, 1, 2, 2, 1, 2, 1, 1, 1, 1, 1, 1, 1, 1, 1, 2, 2, 2, 1, 1, 2, 2, 1, 2, 2, 1, 2, 1, 2, 2, 2, 1, 2, 2, 2, 1, 1, 1, 2, 2, 1]
vessel_inbound_service_times = [1, 1, 1, 1, 1, 1, 1, 1, 1, 1, 1, 1, 1, 1, 1, 1, 1, 1, 1, 1, 1, 1, 1, 1, 1, 1, 1, 1, 1, 1, 1, 1, 1, 1, 1, 1, 1, 1, 1, 1, 1, 1, 1, 1, 1, 1, 1, 1, 1, 1, 1, 1, 1, 1, 1, 1, 1, 1, 1, 1]
vessel_outbound_service_times = [1, 1, 1, 1, 1, 1, 1, 1, 1, 1, 1, 1, 1, 1, 1, 1, 1, 1, 1, 1, 1, 1, 1, 1, 1, 1, 1, 1, 1, 1, 1, 1, 1, 1, 1, 1, 1, 1, 1, 1, 1, 1, 1, 1, 1, 1, 1, 1, 1, 1, 1, 1, 1, 1, 1, 1, 1, 1, 1, 1]
vessel_priority_weights = [2.84, 2.15, 2.2, 1.71, 2.17, 2.48, 2.16, 2.86, 2.44, 2.47, 2.64, 2.06, 2.99, 2.32, 2.22, 2.59, 1.33, 2.27, 1.85, 2.1, 2.51, 2.11, 2.88, 2.69, 2.27, 1.86, 2.47, 2.48, 2.3, 2.28, 2.59, 2.11, 2.53, 2.74, 2.55, 2.84, 2.03, 2.4, 1.85, 2.24, 2.14, 2.69, 2.36, 2.29, 1.27, 2.72, 2.23, 2.29, 2.42, 2.71, 2.3, 1.96, 2.07, 2.65, 1.23, 2.01, 2.44, 2.71, 2.3, 2.43]
vessel_waiting_costs = [56.3, 38.1, 31.0, 22.3, 36.4, 55.6, 33.9, 48.8, 45.4, 40.3, 29.0, 42.2, 36.7, 58.0, 51.4, 21.7, 21.7, 41.4, 38.3, 57.8, 40.0, 51.9, 43.1, 41.5, 53.7, 24.7, 43.9, 51.6, 28.7, 59.5, 37.6, 29.0, 44.2, 52.3, 40.2, 28.3, 46.6, 54.9, 34.0, 42.7, 41.0, 55.0, 53.5, 57.3, 30.9, 41.8, 44.4, 40.5, 56.8, 28.2, 43.8, 41.6, 54.6, 42.1, 34.2, 35.8, 48.5, 57.3, 57.9, 44.1]
vessel_jit_costs = [19.9, 15.0, 11.0, 10.3, 10.9, 23.1, 11.8, 21.4, 14.9, 15.7, 13.9, 15.7, 15.9, 19.4, 24.5, 9.6, 9.6, 15.2, 14.1, 26.2, 19.0, 25.4, 17.9, 17.3, 19.2, 9.5, 14.9, 19.4, 10.4, 23.5, 14.5, 12.3, 14.3, 22.8, 19.7, 9.4, 21.4, 24.6, 16.4, 21.0, 13.6, 25.0, 18.7, 23.1, 9.9, 13.0, 16.5, 18.9, 24.2, 12.6, 21.4, 13.0, 19.0, 20.0, 12.3, 11.2, 20.8, 18.6, 18.6, 16.2]
vessel_horsepower_requirements = [5540, 2601, 2348, 1888, 3075, 4193, 2755, 4079, 4391, 2493, 2788, 4029, 2322, 5919, 3592, 1779, 901, 2992, 3024, 5539, 2886, 5112, 5607, 4316, 3912, 1875, 3582, 4041, 2351, 4397, 2826, 2599, 3973, 3644, 4631, 2435, 3655, 4316, 2544, 5150, 4723, 4672, 4461, 5008, 3096, 3092, 4511, 2490, 4283, 2973, 3434, 2383, 3522, 5280, 2337, 2453, 5844, 3539, 4479, 3820]
vessel_early_limits = [2, 2, 1, 1, 1, 2, 1, 2, 2, 2, 1, 1, 1, 1, 2, 2, 1, 2, 1, 1, 2, 2, 2, 2, 1, 2, 1, 2, 1, 2, 2, 2, 2, 1, 2, 1, 2, 1, 1, 2, 1, 1, 1, 2, 1, 2, 1, 1, 2, 2, 1, 1, 1, 1, 1, 1, 2, 1, 1, 1]
vessel_late_limits = [1, 2, 2, 2, 2, 2, 1, 2, 1, 2, 1, 1, 2, 1, 1, 2, 1, 1, 2, 1, 2, 2, 2, 1, 1, 2, 1, 1, 1, 1, 1, 2, 2, 1, 1, 2, 2, 2, 1, 1, 1, 2, 2, 2, 1, 1, 2, 2, 1, 1, 1, 2, 1, 1, 2, 1, 1, 1, 2, 2]
berth_capacities = [2, 3, 5, 4, 3]
tugboat_horsepower = [4186, 3420, 1610, 1385, 3112, 1528, 1519, 4071]
tugboat_costs = [92.3, 72.4, 41.3, 35.0, 64.3, 41.1, 35.9, 113.6]
inbound_preparation_time = 1
outbound_preparation_time = 1
max_tugboats_per_service = 2
time_constraint_tolerance = 2
penalty_parameter = 3300.0
objective_weights = [0.112, 0.1326, 0.5737, 0.1816]
