# PSP train | 60_5_8_T12 seed=3
# n=60 J=5 K=8 T=12 H_max=2

vessel_num = 60
berth_num = 5
tugboat_num = 8
time_periods = 12
vessel_sizes = [5, 4, 5, 5, 5, 1, 3, 3, 3, 2, 5, 4, 3, 5, 3, 4, 4, 3, 5, 3, 4, 2, 3, 4, 2, 3, 2, 5, 3, 5, 5, 2, 5, 5, 5, 3, 5, 4, 3, 3, 2, 3, 3, 4, 2, 4, 3, 2, 4, 4, 4, 5, 5, 2, 2, 3, 5, 2, 5, 1]
vessel_etas = [0, 0, 1, 1, 1, 1, 1, 1, 2, 2, 2, 2, 2, 3, 3, 3, 3, 3, 3, 4, 4, 4, 4, 4, 4, 4, 5, 5, 5, 5, 5, 5, 5, 5, 6, 6, 6, 7, 7, 7, 8, 8, 8, 9, 9, 9, 9, 9, 9, 10, 10, 10, 10, 10, 10, 10, 10, 11, 11, 11]
vessel_durations = [2, 1, 2, 1, 1, 2, 2, 1, 2, 2, 2, 1, 2, 2, 2, 2, 2, 2, 1, 1, 2, 1, 2, 1, 2, 1, 1, 2, 1, 2, 2, 1, 2, 2, 2, 1, 1, 2, 1, 2, 2, 1, 1, 2, 2, 2, 1, 1, 1, 2, 1, 2, 2, 1, 1, 2, 1, 1, 2, 1]
vessel_inbound_service_times = [1, 1, 1, 1, 1, 1, 1, 1, 1, 1, 1, 1, 1, 1, 1, 1, 1, 1, 1, 1, 1, 1, 1, 1, 1, 1, 1, 1, 1, 1, 1, 1, 1, 1, 1, 1, 1, 1, 1, 1, 1, 1, 1, 1, 1, 1, 1, 1, 1, 1, 1, 1, 1, 1, 1, 1, 1, 1, 1, 1]
vessel_outbound_service_times = [1, 1, 1, 1, 1, 1, 1, 1, 1, 1, 1, 1, 1, 1, 1, 1, 1, 1, 1, 1, 1, 1, 1, 1, 1, 1, 1, 1, 1, 1, 1, 1, 1, 1, 1, 1, 1, 1, 1, 1, 1, 1, 1, 1, 1, 1, 1, 1, 1, 1, 1, 1, 1, 1, 1, 1, 1, 1, 1, 1]
vessel_priority_weights = [2.26, 2.03, 2.38, 2.58, 2.4, 1.92, 1.51, 2.74, 2.71, 2.78, 2.58, 2.41, 2.33, 2.89, 2.93, 2.28, 2.48, 2.62, 2.21, 2.4, 2.77, 1.5, 2.44, 1.95, 2.33, 1.83, 2.28, 1.96, 2.4, 2.51, 2.23, 1.69, 2.25, 2.58, 2.11, 2.5, 2.56, 2.16, 2.67, 2.42, 1.45, 2.57, 2.29, 2.58, 2.25, 2.52, 2.86, 2.04, 2.61, 2.79, 2.2, 2.94, 2.27, 2.09, 2.05, 2.35, 2.2, 2.02, 1.99, 1.75]
vessel_waiting_costs = [55.5, 41.6, 60.0, 41.3, 54.0, 20.4, 33.7, 37.9, 34.6, 25.1, 49.8, 49.2, 34.1, 40.7, 39.9, 47.2, 59.4, 31.6, 57.1, 30.2, 51.7, 23.2, 36.5, 43.7, 21.1, 28.5, 19.7, 49.9, 40.4, 47.8, 46.7, 25.6, 56.1, 59.6, 55.8, 34.8, 40.6, 59.9, 28.8, 29.3, 18.5, 28.3, 34.7, 50.2, 25.5, 46.8, 32.9, 21.0, 52.6, 58.9, 48.3, 50.9, 55.6, 25.0, 21.0, 33.0, 56.0, 21.5, 46.9, 22.1]
vessel_jit_costs = [17.0, 20.8, 20.5, 14.0, 18.6, 9.3, 15.8, 14.3, 10.9, 8.6, 15.2, 21.6, 13.3, 14.3, 15.5, 18.0, 27.4, 11.8, 23.2, 9.2, 20.7, 7.6, 14.2, 20.5, 7.7, 12.6, 6.1, 24.0, 14.1, 16.2, 15.1, 10.7, 20.1, 29.1, 27.5, 14.3, 14.9, 21.8, 11.1, 12.4, 8.1, 11.3, 11.7, 18.4, 11.5, 18.5, 14.2, 9.5, 19.9, 19.8, 19.4, 20.7, 21.2, 11.8, 10.2, 11.1, 21.7, 9.5, 21.8, 10.0]
vessel_horsepower_requirements = [4828, 4335, 4665, 5601, 5450, 908, 2655, 2540, 2346, 1687, 4675, 4455, 2654, 4811, 3028, 4343, 4416, 2545, 5292, 2419, 4554, 1841, 2478, 4386, 1499, 2542, 1633, 5444, 2454, 5952, 5960, 1788, 4969, 4909, 5856, 2704, 4865, 3783, 2482, 2565, 1448, 2792, 2852, 3630, 1832, 4559, 2989, 1508, 3782, 3619, 3954, 5453, 5337, 1583, 1735, 2493, 5020, 1727, 5651, 938]
vessel_early_limits = [2, 1, 1, 1, 1, 2, 2, 1, 2, 2, 1, 1, 2, 2, 1, 1, 1, 2, 2, 2, 1, 1, 1, 1, 1, 1, 2, 1, 2, 1, 1, 1, 2, 1, 2, 2, 1, 2, 1, 1, 2, 2, 2, 1, 2, 1, 1, 2, 2, 1, 1, 1, 2, 1, 1, 1, 2, 2, 2, 1]
vessel_late_limits = [1, 1, 2, 2, 1, 1, 1, 1, 2, 1, 1, 1, 1, 2, 1, 2, 2, 1, 1, 2, 2, 1, 2, 1, 1, 1, 2, 2, 2, 2, 2, 2, 1, 2, 2, 1, 1, 1, 2, 1, 2, 2, 1, 2, 2, 2, 2, 2, 2, 1, 2, 2, 2, 1, 1, 2, 2, 2, 1, 2]
berth_capacities = [2, 4, 2, 2, 5]
tugboat_horsepower = [1812, 1611, 1278, 4346, 938, 3326, 890, 4964]
tugboat_costs = [42.5, 30.5, 26.8, 96.4, 26.9, 87.7, 21.6, 122.0]
inbound_preparation_time = 1
outbound_preparation_time = 1
max_tugboats_per_service = 2
time_constraint_tolerance = 2
penalty_parameter = 3100.0
objective_weights = [0.1108, 0.1277, 0.5767, 0.1848]
