# PSP train | 60_5_8_T12 seed=25
# n=60 J=5 K=8 T=12 H_max=2

vessel_num = 60
berth_num = 5
tugboat_num = 8
time_periods = 12
vessel_sizes = [3, 4, 1, 4, 5, 4, 2, 3, 3, 4, 3, 5, 1, 1, 3, 4, 3, 4, 2, 3, 5, 4, 5, 5, 4, 2, 3, 3, 4, 3, 4, 5, 5, 3, 3, 5, 3, 3, 4, 3, 4, 3, 5, 5, 3, 2, 5, 1, 4, 3, 3, 3, 5, 4, 3, 3, 4, 5, 5, 5]
vessel_etas = [0, 0, 0, 0, 0, 0, 0, 1, 1, 1, 1, 1, 1, 1, 1, 1, 1, 2, 2, 2, 2, 2, 2, 3, 3, 3, 4, 4, 4, 4, 5, 5, 5, 5, 5, 6, 6, 6, 7, 7, 7, 7, 7, 8, 8, 8, 8, 9, 9, 9, 10, 10, 10, 10, 10, 11, 11, 11, 11, 11]
vessel_durations = [2, 1, 1, 1, 2, 1, 1, 2, 2, 2, 2, 2, 1, 1, 1, 2, 1, 2, 1, 2, 2, 2, 1, 1, 2, 2, 1, 2, 2, 2, 2, 2, 1, 1, 1, 1, 1, 2, 1, 2, 1, 1, 1, 1, 1, 2, 1, 2, 2, 2, 1, 1, 1, 1, 2, 2, 1, 1, 2, 1]
vessel_inbound_service_times = [1, 1, 1, 1, 1, 1, 1, 1, 1, 1, 1, 1, 1, 1, 1, 1, 1, 1, 1, 1, 1, 1, 1, 1, 1, 1, 1, 1, 1, 1, 1, 1, 1, 1, 1, 1, 1, 1, 1, 1, 1, 1, 1, 1, 1, 1, 1, 1, 1, 1, 1, 1, 1, 1, 1, 1, 1, 1, 1, 1]
vessel_outbound_service_times = [1, 1, 1, 1, 1, 1, 1, 1, 1, 1, 1, 1, 1, 1, 1, 1, 1, 1, 1, 1, 1, 1, 1, 1, 1, 1, 1, 1, 1, 1, 1, 1, 1, 1, 1, 1, 1, 1, 1, 1, 1, 1, 1, 1, 1, 1, 1, 1, 1, 1, 1, 1, 1, 1, 1, 1, 1, 1, 1, 1]
vessel_priority_weights = [2.91, 2.0, 1.77, 1.81, 2.75, 2.48, 2.46, 2.37, 2.41, 2.65, 2.33, 2.11, 1.42, 1.62, 2.28, 2.34, 2.29, 2.65, 2.57, 2.18, 2.58, 2.23, 2.71, 2.05, 2.81, 2.6, 2.89, 2.49, 2.24, 2.37, 2.71, 2.33, 2.67, 2.1, 2.17, 2.9, 2.37, 1.83, 2.23, 2.64, 2.46, 1.86, 2.74, 1.93, 1.85, 2.69, 2.33, 1.69, 2.26, 2.61, 2.34, 2.39, 2.45, 2.63, 2.37, 2.45, 2.36, 2.14, 2.89, 2.54]
vessel_waiting_costs = [30.7, 59.8, 19.2, 46.6, 44.6, 53.1, 23.7, 35.1, 28.0, 47.7, 28.3, 50.6, 24.7, 18.2, 36.5, 46.4, 38.3, 54.5, 24.6, 39.2, 50.7, 54.1, 56.1, 48.5, 52.0, 22.4, 36.3, 31.7, 40.2, 38.0, 48.2, 42.7, 49.8, 40.1, 29.0, 48.9, 36.3, 39.9, 43.1, 29.5, 45.8, 31.8, 45.6, 55.8, 39.0, 22.3, 51.1, 18.2, 45.6, 40.8, 39.5, 33.6, 46.1, 49.3, 37.5, 31.2, 43.7, 41.1, 49.7, 40.5]
vessel_jit_costs = [10.3, 25.7, 8.7, 14.8, 16.2, 16.1, 8.1, 12.7, 9.3, 22.1, 8.9, 22.2, 10.7, 7.6, 14.5, 20.4, 15.3, 20.3, 11.5, 16.0, 19.6, 22.0, 18.3, 20.7, 24.2, 8.2, 14.4, 10.7, 18.8, 13.5, 23.5, 18.3, 22.0, 13.4, 14.4, 14.7, 12.3, 13.0, 15.8, 13.8, 15.8, 12.3, 22.1, 19.6, 17.9, 10.1, 17.1, 8.5, 20.7, 15.8, 15.6, 12.6, 15.7, 17.0, 14.0, 12.8, 17.7, 19.3, 18.1, 15.9]
vessel_horsepower_requirements = [2609, 4317, 1106, 3533, 5127, 4396, 1756, 2939, 2852, 4256, 2735, 5209, 961, 1098, 2833, 4430, 2344, 3938, 1621, 2524, 5116, 4339, 5670, 5238, 3476, 1725, 2527, 2711, 4270, 2522, 3500, 4609, 5440, 3092, 2462, 5972, 2738, 2758, 3498, 2720, 3618, 2949, 5916, 5560, 3090, 1610, 5416, 1119, 3438, 2411, 2462, 2718, 5308, 4105, 2730, 2510, 4533, 5390, 4431, 5784]
vessel_early_limits = [1, 2, 1, 2, 2, 1, 2, 1, 1, 1, 1, 1, 1, 1, 2, 1, 2, 2, 2, 1, 2, 2, 1, 2, 1, 1, 2, 1, 2, 2, 1, 1, 2, 2, 1, 1, 2, 2, 1, 1, 1, 2, 1, 2, 2, 1, 1, 1, 1, 1, 2, 1, 1, 1, 2, 1, 1, 1, 2, 1]
vessel_late_limits = [1, 1, 1, 1, 1, 2, 2, 2, 1, 2, 1, 2, 2, 1, 1, 1, 2, 2, 2, 1, 1, 1, 2, 1, 1, 1, 2, 2, 2, 2, 2, 1, 1, 2, 1, 1, 2, 2, 1, 2, 1, 1, 2, 2, 2, 2, 1, 2, 1, 1, 2, 2, 2, 2, 2, 1, 1, 2, 1, 1]
berth_capacities = [5, 3, 3, 4, 2]
tugboat_horsepower = [1176, 1490, 4949, 1730, 2023, 1303, 3200, 1033]
tugboat_costs = [35.0, 27.6, 88.2, 40.1, 51.0, 34.7, 87.0, 32.2]
inbound_preparation_time = 1
outbound_preparation_time = 1
max_tugboats_per_service = 2
time_constraint_tolerance = 2
penalty_parameter = 3000.0
objective_weights = [0.1105, 0.1261, 0.5558, 0.2076]
