# PSP train | 60_5_8_T12 seed=17
# n=60 J=5 K=8 T=12 H_max=2

vessel_num = 60
berth_num = 5
tugboat_num = 8
time_periods = 12
vessel_sizes = [2, 4, 4, 2, 5, 4, 2, 5, 3, 4, 2, 5, 4, 2, 5, 2, 3, 4, 5, 5, 2, 4, 4, 4, 2, 4, 3, 3, 4, 5, 5, 5, 5, 4, 4, 2, 5, 3, 5, 5, 3, 3, 4, 1, 3, 3, 5, 5, 4, 5, 4, 5, 3, 4, 3, 5, 5, 4, 4, 3]
vessel_etas = [0, 0, 0, 0, 0, 0, 0, 0, 0, 0, 0, 1, 1, 1, 1, 1, 2, 2, 3, 3, 3, 3, 4, 4, 4, 4, 4, 4, 5, 5, 5, 5, 5, 6, 6, 6, 6, 7, 7, 7, 7, 7, 7, 8, 8, 8, 8, 8, 8, 8, 8, 8, 9, 9, 10, 10, 11, 11, 11, 11]
vessel_durations = [2, 1, 1, 2, 2, 2, 1, 2, 1, 1, 1, 2, 2, 1, 2, 1, 2, 2, 1, 1, 2, 2, 2, 1, 1, 1, 2, 1, 2, 2, 1, 1, 2, 2, 1, 1, 2, 2, 1, 1, 1, 1, 2, 2, 1, 1, 1, 1, 2, 2, 2, 1, 2, 2, 2, 2, 2, 1, 2, 1]
vessel_inbound_service_times = [1, 1, 1, 1, 1, 1, 1, 1, 1, 1, 1, 1, 1, 1, 1, 1, 1, 1, 1, 1, 1, 1, 1, 1, 1, 1, 1, 1, 1, 1, 1, 1, 1, 1, 1, 1, 1, 1, 1, 1, 1, 1, 1, 1, 1, 1, 1, 1, 1, 1, 1, 1, 1, 1, 1, 1, 1, 1, 1, 1]
vessel_outbound_service_times = [1, 1, 1, 1, 1, 1, 1, 1, 1, 1, 1, 1, 1, 1, 1, 1, 1, 1, 1, 1, 1, 1, 1, 1, 1, 1, 1, 1, 1, 1, 1, 1, 1, 1, 1, 1, 1, 1, 1, 1, 1, 1, 1, 1, 1, 1, 1, 1, 1, 1, 1, 1, 1, 1, 1, 1, 1, 1, 1, 1]
vessel_priority_weights = [1.85, 2.34, 2.06, 2.5, 2.52, 2.65, 2.25, 2.88, 2.02, 1.81, 1.27, 2.54, 1.81, 2.16, 2.19, 1.87, 2.32, 2.2, 2.84, 2.95, 1.26, 2.04, 2.09, 2.97, 2.04, 2.24, 2.47, 2.77, 2.73, 2.53, 2.31, 2.05, 2.63, 2.85, 1.93, 2.6, 2.37, 1.99, 2.42, 2.47, 1.98, 1.88, 1.92, 1.33, 2.39, 2.41, 2.35, 2.38, 2.55, 2.76, 2.71, 2.25, 2.44, 2.53, 2.0, 2.3, 2.71, 2.22, 2.44, 2.4]
vessel_waiting_costs = [21.4, 46.2, 52.6, 24.5, 42.7, 40.7, 20.3, 47.2, 31.0, 56.2, 21.9, 46.4, 48.8, 26.1, 56.0, 24.5, 40.6, 50.5, 51.6, 51.8, 20.6, 46.4, 45.5, 56.8, 21.6, 40.2, 33.7, 28.1, 41.1, 52.3, 47.2, 47.3, 44.6, 49.9, 56.4, 25.9, 56.7, 38.5, 52.1, 45.5, 36.0, 28.8, 52.6, 23.8, 35.7, 34.2, 46.3, 55.4, 44.0, 58.3, 44.2, 48.4, 41.5, 59.5, 31.9, 51.0, 50.8, 43.1, 53.8, 40.1]
vessel_jit_costs = [10.2, 18.9, 23.2, 11.0, 21.1, 18.2, 6.5, 15.2, 15.3, 21.0, 9.2, 15.2, 22.9, 11.0, 21.5, 11.3, 13.7, 15.9, 20.4, 21.1, 6.8, 21.2, 22.4, 20.0, 9.9, 18.3, 14.7, 12.1, 14.7, 22.3, 16.6, 17.0, 15.6, 22.5, 21.4, 9.6, 26.2, 18.6, 24.8, 18.3, 14.6, 10.1, 19.6, 10.6, 11.7, 16.6, 14.7, 20.7, 17.7, 24.0, 13.3, 17.1, 19.8, 28.7, 13.6, 20.7, 17.4, 13.4, 17.9, 17.2]
vessel_horsepower_requirements = [1510, 3922, 4388, 1487, 4756, 3883, 1721, 4933, 2799, 3748, 1909, 5051, 3927, 1637, 5066, 1651, 3065, 3801, 5147, 4902, 1693, 3755, 4386, 4366, 1463, 4006, 3090, 2596, 4161, 5171, 5202, 5805, 5809, 4374, 4531, 1769, 4537, 3037, 5591, 5200, 2885, 2532, 3819, 1073, 2560, 3018, 5784, 5590, 3681, 4774, 3792, 4727, 3022, 3907, 2824, 4436, 4633, 4125, 4579, 2719]
vessel_early_limits = [1, 2, 2, 1, 1, 2, 2, 1, 1, 2, 2, 1, 2, 2, 2, 2, 2, 1, 2, 1, 2, 2, 1, 1, 2, 1, 2, 1, 1, 2, 2, 2, 2, 1, 2, 2, 2, 2, 1, 1, 2, 1, 1, 2, 1, 2, 2, 1, 1, 1, 1, 2, 2, 1, 1, 2, 1, 1, 1, 2]
vessel_late_limits = [2, 1, 1, 2, 1, 1, 2, 2, 2, 1, 2, 2, 1, 2, 1, 2, 1, 2, 1, 1, 2, 1, 2, 2, 1, 1, 1, 2, 1, 2, 1, 1, 1, 1, 2, 1, 2, 1, 1, 1, 2, 2, 1, 2, 1, 2, 2, 2, 1, 1, 2, 2, 2, 1, 2, 2, 1, 1, 1, 2]
berth_capacities = [4, 2, 3, 2, 5]
tugboat_horsepower = [3581, 3156, 959, 1469, 834, 2687, 4567, 1191]
tugboat_costs = [69.3, 78.3, 36.6, 33.0, 32.5, 64.7, 90.8, 31.3]
inbound_preparation_time = 1
outbound_preparation_time = 1
max_tugboats_per_service = 2
time_constraint_tolerance = 2
penalty_parameter = 3200.0
objective_weights = [0.1126, 0.1278, 0.5602, 0.1994]
