# PSP train | 60_5_8_T12 seed=9
# n=60 J=5 K=8 T=12 H_max=2

vessel_num = 60
berth_num = 5
tugboat_num = 8
time_periods = 12
vessel_sizes = [3, 1, 5, 3, 5, 5, 3, 4, 4, 3, 3, 2, 4, 3, 3, 2, 4, 4, 2, 3, 3, 1, 3, 4, 4, 5, 3, 3, 1, 3, 5, 4, 4, 4, 4, 2, 3, 5, 4, 3, 3, 4, 4, 2, 3, 4, 3, 3, 5, 5, 2, 5, 5, 4, 5, 4, 4, 3, 3, 5]
vessel_etas = [0, 0, 0, 1, 1, 1, 1, 1, 1, 1, 1, 2, 2, 2, 2, 2, 2, 3, 3, 3, 4, 4, 4, 4, 4, 5, 6, 6, 7, 7, 7, 7, 7, 7, 8, 8, 8, 8, 8, 8, 8, 8, 8, 8, 9, 9, 9, 9, 9, 9, 9, 10, 10, 10, 10, 10, 11, 11, 11, 11]
vessel_durations = [1, 2, 1, 1, 2, 1, 1, 1, 1, 1, 1, 2, 2, 1, 2, 2, 2, 2, 1, 1, 2, 2, 2, 1, 2, 1, 2, 1, 1, 2, 2, 1, 1, 2, 1, 1, 1, 1, 2, 1, 1, 2, 2, 2, 1, 1, 2, 2, 1, 1, 1, 1, 2, 2, 1, 2, 1, 2, 2, 1]
vessel_inbound_service_times = [1, 1, 1, 1, 1, 1, 1, 1, 1, 1, 1, 1, 1, 1, 1, 1, 1, 1, 1, 1, 1, 1, 1, 1, 1, 1, 1, 1, 1, 1, 1, 1, 1, 1, 1, 1, 1, 1, 1, 1, 1, 1, 1, 1, 1, 1, 1, 1, 1, 1, 1, 1, 1, 1, 1, 1, 1, 1, 1, 1]
vessel_outbound_service_times = [1, 1, 1, 1, 1, 1, 1, 1, 1, 1, 1, 1, 1, 1, 1, 1, 1, 1, 1, 1, 1, 1, 1, 1, 1, 1, 1, 1, 1, 1, 1, 1, 1, 1, 1, 1, 1, 1, 1, 1, 1, 1, 1, 1, 1, 1, 1, 1, 1, 1, 1, 1, 1, 1, 1, 1, 1, 1, 1, 1]
vessel_priority_weights = [1.88, 1.22, 2.21, 1.84, 2.51, 2.95, 2.36, 1.93, 2.6, 2.29, 2.03, 2.32, 2.03, 2.42, 1.89, 2.13, 2.32, 2.91, 1.42, 2.64, 2.1, 1.37, 1.85, 2.42, 2.47, 2.25, 2.0, 2.09, 1.45, 2.15, 2.28, 2.69, 2.33, 2.34, 2.8, 2.6, 2.61, 2.57, 2.31, 2.78, 2.24, 2.93, 2.96, 1.28, 1.92, 1.9, 2.09, 2.47, 2.23, 2.91, 2.1, 1.94, 2.26, 2.07, 2.3, 2.36, 2.29, 2.68, 2.43, 2.15]
vessel_waiting_costs = [36.5, 21.9, 49.9, 35.1, 48.8, 57.2, 31.7, 45.5, 46.6, 40.4, 42.0, 19.1, 46.3, 32.6, 39.0, 20.1, 51.3, 41.2, 21.8, 31.3, 33.3, 26.3, 37.6, 41.4, 53.3, 40.2, 38.9, 30.4, 19.9, 29.7, 43.2, 45.2, 53.9, 43.9, 43.9, 23.4, 33.6, 45.3, 54.8, 36.5, 34.4, 42.1, 47.9, 20.5, 39.3, 50.9, 29.5, 35.9, 52.9, 50.9, 17.7, 53.7, 47.4, 44.1, 48.1, 40.5, 56.1, 37.7, 36.8, 48.4]
vessel_jit_costs = [18.2, 8.4, 16.1, 15.5, 20.3, 23.7, 13.0, 21.3, 20.8, 19.8, 15.3, 8.4, 20.4, 10.3, 19.0, 6.4, 18.5, 15.6, 7.9, 11.2, 13.4, 8.8, 12.2, 13.2, 26.1, 19.2, 15.1, 14.2, 9.9, 14.0, 18.4, 15.4, 23.4, 18.1, 21.7, 9.2, 10.7, 15.0, 24.7, 13.7, 11.2, 17.8, 23.0, 7.1, 13.6, 21.6, 8.9, 17.6, 23.0, 21.9, 6.9, 19.8, 17.0, 18.6, 22.5, 16.7, 17.0, 15.9, 14.0, 21.5]
vessel_horsepower_requirements = [2544, 868, 4585, 2325, 5103, 5628, 2652, 3622, 4162, 2944, 2310, 1474, 3963, 3100, 2620, 1733, 3966, 4188, 1492, 3023, 2916, 1132, 2769, 3422, 3734, 5461, 2689, 2995, 989, 2478, 5125, 4097, 4564, 4162, 3790, 1899, 2981, 5766, 4210, 2770, 2947, 3687, 4449, 1719, 2400, 3921, 2979, 2867, 4516, 5142, 1475, 5731, 4986, 3612, 5167, 3530, 4032, 2893, 3022, 5670]
vessel_early_limits = [1, 2, 2, 1, 1, 2, 1, 1, 1, 1, 2, 1, 1, 1, 1, 2, 1, 2, 1, 1, 2, 1, 2, 1, 1, 2, 1, 1, 2, 2, 1, 2, 1, 2, 2, 2, 1, 1, 2, 1, 1, 1, 1, 2, 2, 2, 1, 2, 1, 2, 2, 2, 1, 2, 2, 2, 2, 2, 1, 1]
vessel_late_limits = [2, 1, 1, 1, 1, 2, 1, 1, 1, 2, 1, 2, 1, 2, 1, 2, 1, 2, 2, 1, 2, 1, 1, 1, 2, 1, 2, 2, 1, 1, 2, 1, 1, 2, 2, 2, 2, 1, 2, 2, 1, 2, 1, 2, 2, 1, 1, 2, 1, 2, 1, 1, 2, 2, 2, 1, 1, 1, 2, 2]
berth_capacities = [3, 3, 2, 3, 5]
tugboat_horsepower = [1091, 3372, 4821, 2124, 1905, 1284, 1468, 1547]
tugboat_costs = [36.4, 63.3, 117.7, 69.4, 38.4, 35.9, 23.3, 53.8]
inbound_preparation_time = 1
outbound_preparation_time = 1
max_tugboats_per_service = 2
time_constraint_tolerance = 2
penalty_parameter = 3000.0
objective_weights = [0.1149, 0.1333, 0.5657, 0.1861]
