# PSP train | 60_5_8_T12 seed=42
# n=60 J=5 K=8 T=12 H_max=2

vessel_num = 60
berth_num = 5
tugboat_num = 8
time_periods = 12
vessel_sizes = [4, 3, 5, 5, 5, 3, 3, 3, 5, 4, 4, 5, 5, 3, 4, 3, 5, 2, 3, 5, 3, 5, 3, 2, 2, 3, 2, 5, 3, 4, 4, 5, 5, 3, 4, 3, 3, 2, 5, 3, 4, 2, 4, 4, 4, 4, 1, 4, 2, 4, 4, 3, 5, 1, 5, 3, 2, 5, 1, 5]
vessel_etas = [0, 0, 0, 0, 1, 1, 1, 1, 1, 1, 1, 2, 3, 3, 3, 3, 3, 3, 3, 3, 3, 3, 3, 4, 4, 5, 5, 5, 5, 6, 6, 6, 6, 6, 7, 7, 7, 7, 7, 7, 8, 8, 8, 8, 8, 9, 9, 9, 9, 10, 10, 10, 10, 10, 11, 11, 11, 11, 11, 11]
vessel_durations = [1, 1, 1, 1, 2, 1, 2, 2, 1, 1, 1, 1, 2, 1, 1, 2, 1, 1, 1, 2, 2, 1, 2, 1, 1, 2, 1, 2, 1, 2, 2, 2, 1, 1, 2, 2, 2, 2, 2, 2, 1, 2, 1, 1, 1, 2, 2, 2, 1, 1, 2, 1, 2, 2, 1, 1, 1, 2, 1, 1]
vessel_inbound_service_times = [1, 1, 1, 1, 1, 1, 1, 1, 1, 1, 1, 1, 1, 1, 1, 1, 1, 1, 1, 1, 1, 1, 1, 1, 1, 1, 1, 1, 1, 1, 1, 1, 1, 1, 1, 1, 1, 1, 1, 1, 1, 1, 1, 1, 1, 1, 1, 1, 1, 1, 1, 1, 1, 1, 1, 1, 1, 1, 1, 1]
vessel_outbound_service_times = [1, 1, 1, 1, 1, 1, 1, 1, 1, 1, 1, 1, 1, 1, 1, 1, 1, 1, 1, 1, 1, 1, 1, 1, 1, 1, 1, 1, 1, 1, 1, 1, 1, 1, 1, 1, 1, 1, 1, 1, 1, 1, 1, 1, 1, 1, 1, 1, 1, 1, 1, 1, 1, 1, 1, 1, 1, 1, 1, 1]
vessel_priority_weights = [2.37, 2.06, 2.27, 1.97, 2.3, 2.21, 2.76, 2.31, 2.36, 2.7, 2.38, 2.46, 1.96, 2.17, 2.42, 2.41, 2.42, 1.51, 2.29, 2.28, 2.74, 1.85, 2.97, 2.41, 1.62, 2.72, 2.18, 2.38, 2.6, 2.23, 2.2, 2.42, 2.76, 2.81, 2.07, 2.78, 2.37, 2.55, 2.42, 2.27, 2.28, 1.68, 1.99, 2.38, 2.49, 2.68, 1.8, 1.86, 2.64, 2.45, 2.28, 2.11, 1.85, 1.83, 2.68, 2.32, 2.73, 2.29, 1.32, 1.92]
vessel_waiting_costs = [44.9, 32.2, 56.1, 51.3, 50.7, 29.0, 28.2, 34.9, 47.2, 49.2, 43.5, 53.0, 58.4, 34.5, 51.8, 31.4, 45.6, 24.2, 37.4, 49.9, 34.8, 45.2, 36.3, 22.5, 19.3, 33.7, 19.7, 54.2, 28.2, 48.1, 53.3, 51.1, 59.9, 32.9, 46.1, 38.1, 38.4, 23.7, 54.8, 36.3, 51.9, 24.9, 47.2, 54.2, 40.9, 45.8, 23.2, 42.1, 20.1, 46.8, 45.0, 29.6, 49.8, 23.6, 56.2, 29.2, 22.5, 51.9, 24.4, 58.2]
vessel_jit_costs = [19.7, 14.1, 25.8, 15.8, 21.9, 12.5, 10.8, 13.5, 22.6, 16.3, 17.6, 22.4, 26.6, 16.0, 18.9, 15.3, 17.8, 10.0, 13.7, 18.2, 12.9, 16.1, 17.3, 9.1, 6.7, 13.9, 7.8, 21.1, 10.1, 16.8, 19.9, 18.8, 24.6, 12.9, 16.0, 13.8, 18.8, 8.0, 19.5, 16.4, 25.7, 8.9, 17.0, 17.6, 12.7, 22.4, 10.5, 12.7, 8.0, 23.1, 21.3, 9.3, 20.7, 7.8, 27.5, 10.2, 8.6, 22.0, 9.2, 20.9]
vessel_horsepower_requirements = [3623, 2727, 5327, 4760, 4540, 3097, 2489, 2353, 4800, 4566, 3934, 4688, 5358, 2652, 4297, 2565, 5658, 1573, 2298, 5549, 2853, 4505, 2993, 1918, 1536, 3101, 1547, 4468, 3086, 3636, 4289, 5600, 5484, 2933, 4068, 2975, 2606, 1671, 5001, 2498, 3549, 1649, 3848, 4334, 4522, 3906, 889, 4506, 1800, 4077, 4197, 2600, 4978, 1057, 5632, 2481, 1677, 4936, 964, 4461]
vessel_early_limits = [2, 2, 1, 1, 1, 2, 2, 1, 1, 2, 2, 2, 1, 2, 2, 1, 2, 2, 2, 1, 1, 2, 2, 2, 2, 2, 2, 1, 2, 2, 1, 1, 2, 1, 2, 1, 2, 2, 1, 2, 1, 2, 1, 1, 2, 2, 2, 2, 1, 2, 1, 1, 2, 2, 1, 1, 2, 2, 1, 1]
vessel_late_limits = [2, 1, 1, 1, 2, 2, 1, 2, 1, 1, 2, 2, 1, 1, 1, 1, 2, 2, 1, 2, 1, 1, 1, 1, 1, 1, 1, 1, 1, 1, 1, 2, 1, 2, 2, 2, 1, 2, 1, 1, 2, 2, 2, 1, 2, 2, 2, 2, 2, 2, 2, 2, 1, 2, 2, 2, 1, 2, 2, 1]
berth_capacities = [3, 2, 2, 3, 5]
tugboat_horsepower = [1786, 2740, 1421, 4570, 1843, 1535, 1565, 3755]
tugboat_costs = [53.2, 60.2, 38.2, 98.8, 53.5, 35.0, 44.8, 93.2]
inbound_preparation_time = 1
outbound_preparation_time = 1
max_tugboats_per_service = 2
time_constraint_tolerance = 2
penalty_parameter = 3200.0
objective_weights = [0.1104, 0.1337, 0.5772, 0.1787]
