# PSP train | 60_5_8_T12 seed=19
# n=60 J=5 K=8 T=12 H_max=2

vessel_num = 60
berth_num = 5
tugboat_num = 8
time_periods = 12
vessel_sizes = [5, 4, 2, 3, 3, 5, 4, 4, 3, 4, 2, 5, 5, 3, 4, 1, 3, 3, 3, 2, 3, 3, 3, 3, 4, 4, 4, 2, 5, 5, 2, 3, 5, 4, 5, 5, 5, 4, 3, 4, 2, 5, 3, 4, 2, 3, 4, 3, 3, 4, 4, 5, 4, 3, 3, 2, 4, 4, 3, 5]
vessel_etas = [0, 0, 0, 0, 0, 1, 1, 1, 1, 1, 1, 2, 2, 2, 2, 2, 3, 3, 3, 3, 3, 3, 4, 4, 4, 4, 4, 4, 5, 5, 5, 5, 6, 6, 6, 7, 7, 7, 7, 8, 8, 8, 8, 8, 9, 9, 9, 9, 9, 9, 10, 10, 10, 11, 11, 11, 11, 11, 11, 11]
vessel_durations = [2, 2, 1, 2, 1, 1, 2, 1, 1, 1, 2, 1, 1, 2, 1, 2, 1, 1, 2, 2, 1, 2, 1, 2, 1, 2, 1, 2, 1, 2, 2, 2, 1, 1, 2, 2, 1, 2, 1, 1, 1, 2, 1, 2, 1, 2, 1, 2, 1, 1, 1, 2, 2, 2, 1, 1, 1, 1, 2, 2]
vessel_inbound_service_times = [1, 1, 1, 1, 1, 1, 1, 1, 1, 1, 1, 1, 1, 1, 1, 1, 1, 1, 1, 1, 1, 1, 1, 1, 1, 1, 1, 1, 1, 1, 1, 1, 1, 1, 1, 1, 1, 1, 1, 1, 1, 1, 1, 1, 1, 1, 1, 1, 1, 1, 1, 1, 1, 1, 1, 1, 1, 1, 1, 1]
vessel_outbound_service_times = [1, 1, 1, 1, 1, 1, 1, 1, 1, 1, 1, 1, 1, 1, 1, 1, 1, 1, 1, 1, 1, 1, 1, 1, 1, 1, 1, 1, 1, 1, 1, 1, 1, 1, 1, 1, 1, 1, 1, 1, 1, 1, 1, 1, 1, 1, 1, 1, 1, 1, 1, 1, 1, 1, 1, 1, 1, 1, 1, 1]
vessel_priority_weights = [2.12, 2.01, 1.96, 1.49, 1.97, 2.23, 2.12, 2.97, 2.82, 1.87, 1.37, 2.31, 2.78, 1.45, 2.43, 1.66, 1.89, 2.41, 2.63, 2.14, 2.94, 2.52, 2.08, 2.07, 2.22, 2.38, 2.61, 2.37, 2.26, 1.92, 2.17, 2.51, 2.36, 2.21, 2.43, 2.41, 1.88, 2.08, 2.53, 2.65, 2.5, 2.96, 2.13, 2.55, 2.1, 2.82, 2.22, 2.13, 2.23, 2.06, 1.88, 2.87, 2.89, 2.68, 2.84, 1.7, 2.77, 2.66, 2.67, 2.3]
vessel_waiting_costs = [49.6, 56.8, 19.3, 33.5, 33.0, 58.5, 53.7, 49.7, 35.1, 44.3, 23.8, 53.5, 42.1, 38.4, 45.1, 20.3, 35.9, 32.1, 40.3, 21.9, 28.2, 30.8, 37.5, 33.8, 56.5, 41.1, 56.5, 22.9, 46.2, 47.4, 20.7, 41.3, 58.9, 42.8, 48.3, 48.8, 47.3, 51.6, 32.2, 46.6, 24.6, 42.5, 33.5, 59.7, 25.6, 33.2, 50.3, 39.9, 37.9, 46.7, 52.8, 51.7, 51.7, 37.1, 32.2, 20.6, 41.9, 44.2, 38.0, 44.1]
vessel_jit_costs = [19.7, 18.9, 6.1, 12.8, 10.5, 18.2, 18.5, 18.9, 11.2, 14.1, 7.3, 18.9, 19.7, 12.6, 20.3, 9.1, 14.7, 13.0, 12.8, 8.7, 10.1, 13.4, 16.0, 15.5, 24.8, 13.9, 19.3, 11.1, 18.0, 19.4, 7.1, 15.5, 22.7, 14.6, 24.0, 15.7, 18.1, 17.0, 10.4, 18.6, 8.0, 13.9, 16.1, 23.6, 9.3, 11.5, 17.3, 18.2, 16.3, 17.0, 19.7, 17.5, 24.4, 13.3, 11.7, 9.6, 17.6, 18.0, 14.7, 18.5]
vessel_horsepower_requirements = [5556, 3789, 1695, 2885, 2722, 5884, 3531, 4395, 2317, 3950, 1841, 4519, 5200, 2447, 3638, 904, 2617, 3031, 2945, 1497, 2906, 2941, 3010, 2807, 4194, 3704, 3566, 1768, 5771, 4728, 1711, 2980, 4808, 4119, 5349, 4739, 5477, 4123, 2747, 4589, 1866, 5779, 2580, 4049, 1585, 2969, 4256, 2765, 2823, 3541, 3938, 4646, 3693, 2989, 2844, 1716, 4106, 4229, 2751, 5739]
vessel_early_limits = [2, 2, 2, 2, 1, 2, 2, 2, 2, 2, 2, 1, 1, 2, 2, 2, 2, 1, 1, 1, 1, 2, 2, 1, 2, 1, 1, 2, 1, 2, 2, 2, 2, 2, 2, 2, 2, 1, 2, 1, 2, 1, 1, 2, 2, 2, 2, 1, 2, 2, 1, 1, 2, 2, 2, 2, 2, 1, 2, 2]
vessel_late_limits = [1, 1, 2, 1, 2, 1, 2, 1, 2, 1, 1, 1, 1, 2, 1, 2, 2, 1, 1, 2, 1, 1, 2, 2, 2, 2, 1, 2, 1, 2, 2, 2, 1, 1, 2, 2, 2, 2, 1, 1, 2, 2, 2, 1, 1, 2, 1, 2, 1, 2, 1, 1, 1, 1, 1, 1, 2, 1, 1, 1]
berth_capacities = [2, 5, 3, 2, 3]
tugboat_horsepower = [1408, 2488, 3900, 1883, 3613, 1660, 1120, 1668]
tugboat_costs = [28.9, 69.1, 81.0, 40.7, 74.3, 44.1, 30.6, 33.1]
inbound_preparation_time = 1
outbound_preparation_time = 1
max_tugboats_per_service = 2
time_constraint_tolerance = 2
penalty_parameter = 3000.0
objective_weights = [0.1106, 0.1242, 0.565, 0.2002]
